time	
1215.12	
1215.12	
1215.13	
1215.15	
1215.15	
1215.16	
1215.18	
1215.19	
1215.19	
1215.2	
1215.22	
1215.22	
1215.23	
1215.25	
1215.26	
1215.26	
1215.27	
1215.29	
1215.29	
1215.3	
1215.32	
1215.33	
1215.33	
1215.34	
1215.36	
1215.36	
1215.37	
1215.39	
1215.4	
1215.4	
1215.41	
1215.43	
1215.43	
1215.44	
1215.46	
1215.47	
1215.47	
1215.48	
1215.5	
1215.5	
1215.51	
1215.53	
1215.54	
1215.54	
1215.55	
1215.57	
1215.57	
1215.58	
1215.6	
1215.61	
1215.61	
1215.62	
1215.64	
1215.64	
1215.65	
1215.67	
1215.68	
1215.68	
1215.69	
1215.71	
1215.71	
1215.72	
1215.74	
1215.75	
1215.75	
1215.76	
1215.78	
1215.78	
1215.79	
1215.81	
1215.82	
1215.82	
1215.83	
1215.85	
1215.85	
1215.86	
1215.88	
1215.89	
1215.89	
1215.9	
1215.92	
1215.92	
1215.93	
1215.95	
1215.96	
1215.96	
1215.97	
1215.99	
1215.99	
1216	
1216.02	
1216.03	
1216.03	
1216.04	
1216.06	
1216.06	
1216.07	
1216.09	
1216.1	
1216.1	
1216.11	
1216.13	
1216.13	
1216.14	
1216.16	
1216.17	
1216.17	
1216.18	
1216.2	
1216.2	
1216.21	
1216.23	
1216.24	
1216.24	
1216.25	
1216.27	
1216.27	
1216.28	
1216.3	
1216.31	
1216.31	
1216.32	
1216.34	
1216.34	
1216.35	
1216.37	
1216.38	
1216.38	
1216.39	
1216.41	
1216.41	
1216.42	
1216.44	
1216.45	
1216.45	
1216.46	
1216.48	
1216.48	
1216.49	
1216.51	
1216.52	
1216.52	
1216.53	
1216.55	
1216.55	
1216.56	
1216.58	
1216.59	
1216.59	
1216.6	
1216.62	
1216.62	
1216.63	
1216.65	
1216.66	
1216.66	
1216.67	
1216.69	
1216.69	
1216.7	
1216.72	
1216.73	
1216.73	
1216.74	
1216.76	
1216.76	
1216.77	
1216.79	
1216.8	
1216.8	
1216.81	
1216.83	
1216.83	
1216.84	
1216.86	
1216.87	
1216.87	
1216.88	
1216.9	
1216.9	
1216.91	
1216.93	
1216.94	
1216.94	
1216.95	
1216.97	
1216.97	
1216.98	
1217	
1217.01	
1217.01	
1217.02	
1217.04	
1217.04	
1217.05	
1217.07	
1217.08	
1217.08	
1217.09	
1217.11	
1217.11	
1217.12	
1217.14	
1217.15	
1217.15	
1217.16	
1217.18	
1217.18	
1217.19	
1217.21	
1217.22	
1217.22	
1217.23	
1217.25	
1217.25	
1217.26	
1217.28	
1217.29	
1217.29	
1217.3	
1217.32	
1217.32	
1217.33	
1217.35	
1217.36	
1217.36	
1217.37	
1217.39	
1217.39	
1217.4	
1217.42	
1217.43	
1217.43	
1217.44	
1217.46	
1217.46	
1217.47	
1217.49	
1217.5	
1217.5	
1217.51	
1217.53	
1217.53	
1217.54	
1217.56	
1217.57	
1217.57	
1217.58	
1217.6	
1217.6	
1217.61	
1217.63	
1217.64	
1217.64	
1217.65	
1217.67	
1217.67	
1217.68	
1217.7	
1217.71	
1217.71	
1217.72	
1217.74	
1217.74	
1217.75	
1217.77	
1217.78	
1217.78	
1217.79	
1217.81	
1217.81	
1217.82	
1217.84	
1217.85	
1217.85	
1217.86	
1217.88	
1217.88	
1217.89	
1217.91	
1217.92	
1217.92	
1217.93	
1217.95	
1217.95	
1217.96	
1217.98	
1217.99	
1217.99	
1218	
1218.02	
1218.02	
1218.03	
1218.05	
1218.06	
1218.06	
1218.07	
1218.09	
1218.09	
1218.1	
1218.12	
1218.13	
1218.13	
1218.14	
1218.16	
1218.16	
1218.17	
1218.19	
1218.2	
1218.2	
1218.21	
1218.23	
1218.23	
1218.24	
1218.26	
1218.27	
1218.27	
1218.28	
1218.3	
1218.3	
1218.31	
1218.33	
1218.34	
1218.34	
1218.35	
1218.37	
1218.37	
1218.38	
1218.4	
1218.41	
1218.41	
1218.42	
1218.44	
1218.44	
1218.45	
1218.47	
1218.48	
1218.48	
1218.49	
1218.51	
1218.51	
1218.52	
1218.54	
1218.55	
1218.55	
1218.56	
1218.58	
1218.58	
1218.59	
1218.61	
1218.62	
1218.62	
1218.63	
1218.65	
1218.65	
1218.66	
1218.68	
1218.69	
1218.69	
1218.7	
1218.72	
1218.72	
1218.73	
1218.75	
1218.76	
1218.76	
1218.77	
1218.79	
1218.79	
1218.8	
1218.82	
1218.83	
1218.83	
1218.84	
1218.86	
1218.86	
1218.87	
1218.89	
1218.9	
1218.9	
1218.91	
1218.93	
1218.93	
1218.94	
1218.96	
1218.97	
1218.97	
1218.98	
1219	
1219	
1219.01	
1219.03	
1219.04	
1219.04	
1219.05	
1219.07	
1219.07	
1219.08	
1219.1	
1219.11	
1219.11	
1219.12	
1219.14	
1219.14	
1219.15	
1219.17	
1219.18	
1219.18	
1219.19	
1219.21	
1219.21	
1219.22	
1219.24	
1219.25	
1219.25	
1219.26	
1219.28	
1219.28	
1219.29	
1219.29	
1219.32	
1219.32	
1219.33	
1219.35	
1219.35	
1219.36	
1219.38	
1219.39	
1219.39	
1219.4	
1219.42	
1219.42	
1219.43	
1219.45	
1219.46	
1219.46	
1219.47	
1219.49	
1219.49	
1219.5	
1219.52	
1219.53	
1219.53	
1219.54	
1219.56	
1219.56	
1219.57	
1219.59	
1219.6	
1219.6	
1219.61	
1219.63	
1219.63	
1219.64	
1219.66	
1219.67	
1219.67	
1219.68	
1219.7	
1219.7	
1219.71	
1219.73	
1219.74	
1219.74	
1219.75	
1219.77	
1219.77	
1219.78	
1219.8	
1219.81	
1219.81	
1219.82	
1219.84	
1219.84	
1219.85	
1219.87	
1219.88	
1219.88	
1219.89	
1219.91	
1219.91	
1219.92	
1219.94	
1219.95	
1219.95	
1219.96	
1219.98	
1219.98	
1219.99	
1220.01	
1220.02	
1220.02	
1220.03	
1220.05	
1220.05	
1220.06	
1220.08	
1220.09	
1220.09	
1220.1	
1220.12	
1220.12	
1220.13	
1220.15	
1220.16	
1220.16	
1220.17	
1220.19	
1220.19	
1220.2	
1220.22	
1220.23	
1220.23	
1220.24	
1220.26	
1220.26	
1220.27	
1220.29	
1220.3	
1220.3	
1220.31	
1220.33	
1220.33	
1220.34	
1220.36	
1220.37	
1220.37	
1220.38	
1220.4	
1220.4	
1220.41	
1220.43	
1220.44	
1220.44	
1220.45	
1220.47	
1220.47	
1220.48	
1220.5	
1220.51	
1220.51	
1220.52	
1220.54	
1220.54	
1220.55	
1220.57	
1220.58	
1220.58	
1220.59	
1220.61	
1220.61	
1220.62	
1220.64	
1220.65	
1220.65	
