time	
539.662	
539.676	
539.69	
539.69	
539.704	
539.718	
539.718	
539.732	
539.746	
539.76	
539.76	
539.774	
539.788	
539.788	
539.802	
539.816	
539.83	
539.83	
539.844	
539.858	
539.858	
539.872	
539.886	
539.9	
539.9	
539.914	
539.928	
539.928	
539.942	
539.956	
539.97	
539.97	
539.984	
539.998	
539.998	
540.012	
540.026	
540.04	
540.04	
540.054	
540.068	
540.068	
540.082	
540.096	
540.11	
540.11	
540.124	
540.138	
540.138	
540.152	
540.166	
540.18	
540.18	
540.194	
540.208	
540.208	
540.222	
540.236	
540.25	
540.25	
540.264	
540.278	
540.278	
540.292	
540.306	
540.32	
540.32	
540.334	
540.348	
540.348	
540.362	
540.376	
540.39	
540.39	
540.404	
540.418	
540.418	
540.432	
540.446	
540.46	
540.46	
540.474	
540.488	
540.488	
540.502	
540.516	
540.53	
540.53	
540.544	
540.558	
540.558	
540.572	
540.586	
540.6	
540.6	
540.614	
540.628	
540.628	
540.642	
540.656	
540.67	
540.67	
540.684	
540.698	
540.698	
540.712	
540.726	
540.74	
540.74	
540.754	
540.768	
540.768	
540.782	
540.796	
540.81	
540.81	
540.824	
540.838	
540.838	
540.852	
540.866	
540.88	
540.88	
540.894	
540.908	
540.908	
540.922	
540.936	
540.95	
540.95	
540.964	
540.978	
540.978	
540.992	
541.006	
541.02	
541.02	
541.034	
541.048	
541.048	
541.062	
541.076	
541.09	
541.09	
541.104	
541.118	
541.118	
541.132	
541.146	
541.16	
541.16	
541.174	
541.188	
541.188	
541.202	
541.216	
541.23	
541.23	
541.244	
541.258	
541.258	
541.272	
541.286	
541.3	
541.3	
541.314	
541.328	
541.328	
541.342	
541.356	
541.37	
541.37	
541.384	
541.398	
541.398	
541.412	
541.426	
541.44	
541.44	
541.454	
541.468	
541.468	
541.482	
541.496	
541.51	
541.51	
541.524	
541.538	
541.538	
541.552	
541.566	
541.58	
541.58	
541.594	
541.608	
541.608	
541.622	
541.636	
541.65	
541.65	
541.664	
541.678	
541.678	
541.692	
541.706	
541.72	
541.72	
541.734	
541.748	
541.748	
541.762	
541.776	
541.79	
541.79	
541.804	
541.818	
541.818	
541.832	
541.846	
541.86	
541.86	
541.874	
541.888	
541.888	
541.902	
541.916	
541.93	
541.93	
541.944	
541.958	
541.958	
541.972	
541.986	
542	
542	
542.014	
542.028	
542.028	
542.042	
542.056	
542.07	
542.07	
542.084	
542.098	
542.098	
542.112	
542.126	
542.14	
542.14	
542.154	
542.168	
542.168	
542.182	
542.196	
542.21	
542.21	
542.224	
542.238	
542.238	
542.252	
542.266	
542.28	
542.28	
542.294	
542.308	
542.308	
542.322	
542.336	
542.35	
542.35	
542.364	
542.378	
542.378	
542.392	
542.406	
542.42	
542.42	
542.434	
542.448	
542.448	
542.462	
542.476	
542.49	
542.49	
542.504	
542.518	
542.518	
542.532	
542.546	
542.56	
542.56	
542.574	
542.588	
542.588	
542.602	
542.616	
542.63	
542.63	
542.644	
542.658	
542.658	
542.672	
542.686	
542.7	
542.7	
542.714	
542.728	
542.728	
542.742	
542.756	
542.77	
542.77	
542.784	
542.798	
542.798	
542.812	
542.826	
542.84	
542.84	
542.854	
542.868	
542.868	
542.882	
542.896	
542.91	
542.91	
542.924	
542.938	
542.938	
542.952	
542.966	
542.98	
542.98	
542.994	
543.008	
543.008	
543.022	
543.036	
543.05	
543.05	
543.064	
543.078	
543.078	
543.092	
543.106	
543.12	
543.12	
543.134	
543.148	
543.148	
543.162	
543.176	
543.19	
543.19	
543.204	
543.218	
543.218	
543.232	
543.246	
543.26	
543.26	
543.274	
543.288	
543.288	
543.302	
543.316	
543.33	
543.33	
543.344	
543.358	
543.358	
543.372	
543.386	
543.4	
543.4	
543.414	
543.428	
543.428	
543.442	
543.456	
543.47	
543.47	
543.484	
543.498	
543.498	
543.512	
543.526	
543.54	
543.54	
543.554	
543.568	
543.568	
543.582	
543.596	
543.61	
543.61	
543.624	
543.638	
543.638	
543.652	
543.666	
543.68	
543.68	
543.694	
543.708	
543.708	
543.722	
543.736	
543.75	
543.75	
543.764	
543.778	
543.778	
543.792	
543.806	
543.82	
543.82	
543.834	
543.848	
543.848	
543.862	
543.876	
543.89	
543.89	
543.904	
543.918	
543.918	
543.932	
543.946	
543.96	
543.96	
543.974	
543.988	
543.988	
544.002	
544.016	
544.03	
544.03	
544.044	
544.058	
544.058	
544.072	
544.086	
544.1	
544.1	
544.114	
544.128	
544.128	
544.142	
544.156	
544.17	
544.17	
544.184	
544.198	
544.198	
544.212	
544.226	
544.24	
544.24	
544.254	
544.268	
544.268	
544.282	
544.296	
544.31	
544.31	
544.324	
544.338	
544.338	
544.352	
544.366	
544.38	
544.38	
544.394	
544.408	
544.408	
544.422	
544.436	
544.45	
544.45	
544.464	
544.478	
544.478	
544.492	
544.506	
544.52	
544.52	
544.534	
544.548	
544.548	
544.562	
544.576	
544.59	
544.59	
544.604	
544.618	
544.618	
544.632	
544.646	
544.66	
544.66	
544.674	
544.688	
544.688	
544.702	
544.716	
544.73	
544.73	
544.744	
544.758	
544.758	
544.772	
544.786	
544.8	
544.8	
544.814	
544.828	
544.828	
544.842	
544.856	
544.87	
544.87	
544.884	
544.898	
544.898	
544.912	
544.926	
544.94	
544.94	
544.954	
544.968	
544.968	
544.982	
544.996	
545.01	
545.01	
545.024	
545.038	
545.038	
545.052	
545.066	
545.08	
545.08	
545.094	
545.108	
545.108	
545.122	
545.136	
545.15	
545.15	
545.164	
545.178	
545.178	
545.192	
545.206	
545.22	
545.22	
545.234	
545.248	
545.248	
545.262	
545.276	
545.29	
545.29	
545.304	
545.318	
545.318	
545.332	
545.346	
545.36	
545.36	
545.374	
545.388	
545.388	
545.402	
545.416	
545.43	
545.43	
545.444	
545.458	
545.458	
545.472	
545.486	
545.5	
545.5	
545.514	
545.528	
545.528	
545.542	
545.556	
545.57	
545.57	
545.584	
545.598	
545.598	
545.612	
545.626	
545.64	
545.64	
545.654	
545.668	
545.668	
545.682	
545.696	
545.71	
545.71	
545.724	
545.738	
545.738	
545.752	
545.766	
545.78	
545.78	
545.794	
545.808	
545.808	
545.822	
545.836	
545.85	
545.85	
545.864	
545.878	
545.878	
545.892	
545.906	
545.92	
545.92	
545.934	
545.948	
545.948	
545.962	
545.976	
545.99	
545.99	
546.004	
546.018	
546.018	
546.032	
546.046	
546.06	
546.06	
546.074	
546.088	
546.088	
546.102	
546.116	
546.13	
546.13	
546.144	
546.158	
546.158	
546.172	
546.186	
546.2	
546.2	
546.214	
546.228	
546.228	
546.242	
546.256	
546.27	
546.27	
546.284	
546.298	
546.298	
546.312	
546.326	
546.34	
546.34	
546.354	
546.368	
546.368	
546.382	
546.396	
546.41	
546.41	
546.424	
546.438	
546.438	
546.452	
546.466	
546.48	
546.48	
546.494	
546.508	
546.508	
546.522	
546.536	
546.55	
546.55	
546.564	
546.578	
546.578	
546.592	
546.606	
546.62	
546.62	
546.634	
546.648	
546.648	
546.662	
546.676	
546.69	
546.69	
546.704	
546.718	
546.718	
546.732	
546.746	
546.76	
546.76	
546.774	
546.788	
546.788	
546.802	
546.816	
546.83	
546.83	
546.844	
546.858	
546.858	
546.872	
546.886	
546.9	
546.9	
546.914	
546.928	
546.928	
546.942	
546.956	
546.97	
546.97	
546.984	
546.998	
546.998	
547.012	
547.026	
547.04	
547.04	
547.054	
547.068	
547.068	
547.082	
547.096	
547.11	
547.11	
547.124	
547.138	
547.138	
547.152	
547.166	
547.18	
547.18	
547.194	
547.208	
547.208	
547.222	
547.236	
547.25	
547.25	
547.264	
547.278	
547.278	
547.292	
547.306	
547.32	
547.32	
547.334	
547.348	
547.348	
547.362	
547.376	
547.39	
547.39	
547.404	
547.418	
547.418	
547.432	
547.446	
547.46	
547.46	
547.474	
547.488	
547.488	
547.502	
547.516	
547.53	
547.53	
547.544	
547.558	
547.558	
547.572	
547.586	
547.6	
547.6	
547.614	
547.628	
547.628	
547.642	
547.656	
547.67	
547.67	
547.684	
547.698	
547.698	
547.712	
547.726	
547.74	
547.74	
547.754	
547.768	
547.768	
547.782	
547.796	
547.81	
547.81	
547.824	
547.838	
547.838	
547.852	
547.866	
547.88	
547.88	
547.894	
547.908	
547.908	
547.922	
547.936	
547.95	
547.95	
547.964	
547.978	
547.978	
547.992	
548.006	
548.02	
548.02	
548.034	
548.048	
548.048	
548.062	
548.076	
548.09	
548.09	
548.104	
548.118	
548.118	
548.132	
548.146	
548.16	
548.16	
548.174	
548.188	
548.188	
548.202	
548.216	
548.23	
548.23	
548.244	
548.258	
548.258	
548.272	
548.286	
548.3	
548.3	
548.314	
548.328	
548.328	
548.342	
548.356	
548.37	
548.37	
548.384	
548.398	
548.398	
548.412	
548.426	
548.44	
548.44	
548.454	
548.468	
548.468	
548.482	
548.496	
548.51	
548.51	
548.524	
548.538	
548.538	
548.552	
548.566	
548.58	
548.58	
548.594	
548.608	
548.608	
548.622	
548.636	
548.65	
548.65	
548.664	
548.678	
548.678	
548.692	
548.706	
548.72	
548.72	
548.734	
548.748	
548.748	
548.762	
548.776	
548.79	
548.79	
548.804	
548.818	
548.818	
548.832	
548.846	
548.86	
548.86	
548.874	
548.888	
548.888	
548.902	
548.916	
548.93	
548.93	
548.944	
548.958	
548.958	
548.972	
548.986	
549	
549	
549.014	
549.028	
549.028	
549.042	
549.056	
549.07	
549.07	
549.084	
549.098	
549.098	
549.112	
549.126	
549.14	
549.14	
549.154	
549.168	
549.168	
549.182	
549.196	
549.21	
549.21	
549.224	
549.238	
549.238	
549.252	
549.266	
549.28	
549.28	
549.294	
549.308	
549.308	
549.322	
549.336	
549.35	
549.35	
549.364	
549.378	
549.378	
549.392	
549.406	
549.42	
549.42	
549.434	
549.448	
549.448	
549.462	
549.476	
549.49	
549.49	
549.504	
549.518	
549.518	
549.532	
549.546	
549.56	
549.56	
549.574	
549.588	
549.588	
549.602	
549.616	
549.63	
549.63	
549.644	
549.658	
549.658	
549.672	
549.686	
549.7	
549.7	
549.714	
549.728	
549.728	
549.742	
549.756	
549.77	
549.77	
549.784	
549.798	
549.798	
549.812	
549.826	
549.84	
549.84	
549.854	
549.868	
549.868	
549.882	
549.896	
549.91	
549.91	
549.924	
549.938	
549.938	
549.952	
549.966	
549.98	
549.98	
549.994	
550.008	
550.008	
550.022	
550.036	
550.05	
550.05	
550.064	
550.078	
550.078	
550.092	
550.106	
550.12	
550.12	
550.134	
550.148	
550.148	
550.162	
550.176	
550.19	
550.19	
550.204	
550.218	
550.218	
550.232	
550.246	
550.26	
550.26	
550.274	
550.288	
550.288	
550.302	
550.316	
550.33	
550.33	
550.344	
550.358	
550.358	
550.372	
550.386	
550.4	
550.4	
550.414	
550.428	
550.428	
550.442	
550.456	
550.47	
550.47	
550.484	
550.498	
550.498	
550.512	
550.526	
550.54	
550.54	
550.554	
550.568	
550.568	
550.582	
550.596	
550.61	
550.61	
550.624	
550.638	
550.638	
550.652	
550.666	
550.68	
550.68	
550.694	
550.708	
550.708	
550.722	
550.736	
550.75	
550.75	
550.764	
550.778	
550.778	
550.792	
550.806	
550.82	
550.82	
550.834	
550.848	
550.848	
550.862	
550.876	
550.89	
550.89	
550.904	
550.918	
550.918	
550.932	
550.946	
550.96	
550.96	
550.974	
550.988	
550.988	
551.002	
551.016	
551.03	
551.03	
551.044	
551.058	
551.058	
551.072	
551.086	
551.1	
551.1	
551.114	
551.128	
551.128	
551.142	
551.156	
551.17	
551.17	
551.184	
551.198	
551.198	
551.212	
551.226	
551.24	
551.24	
551.254	
551.268	
551.268	
551.282	
551.296	
551.31	
551.31	
551.324	
551.338	
551.338	
551.352	
551.366	
551.38	
551.38	
551.394	
551.408	
551.408	
551.422	
551.436	
551.45	
551.45	
551.464	
551.478	
551.478	
551.492	
551.506	
551.52	
551.52	
551.534	
551.548	
551.548	
551.562	
551.576	
551.59	
551.59	
551.604	
551.618	
551.618	
551.632	
551.646	
551.66	
551.66	
551.674	
551.688	
551.688	
551.702	
551.716	
551.73	
551.73	
551.744	
551.758	
551.758	
551.772	
551.786	
551.8	
551.8	
551.814	
551.828	
551.828	
551.842	
551.856	
551.87	
551.87	
551.884	
551.898	
551.898	
551.912	
551.926	
551.94	
551.94	
551.954	
551.968	
551.968	
551.982	
551.996	
552.01	
552.01	
552.024	
552.038	
552.038	
552.052	
552.066	
552.08	
552.08	
552.094	
552.108	
552.108	
552.122	
552.136	
552.15	
552.15	
552.164	
552.178	
552.178	
552.192	
552.206	
552.22	
552.22	
552.234	
552.248	
552.248	
552.262	
552.276	
552.29	
552.29	
552.304	
552.318	
552.318	
552.332	
552.346	
552.36	
552.36	
552.374	
552.388	
552.388	
552.402	
552.416	
552.43	
552.43	
552.444	
552.458	
552.458	
552.472	
552.486	
552.5	
552.5	
552.514	
552.528	
552.528	
552.542	
552.556	
552.57	
552.57	
552.584	
552.598	
552.598	
552.612	
552.626	
