time	
287.84	
287.84	
287.854	
287.868	
287.868	
287.882	
287.896	
287.91	
287.91	
287.924	
287.938	
287.938	
287.952	
287.966	
287.98	
287.98	
287.994	
288.008	
288.008	
288.022	
288.036	
288.05	
288.05	
288.064	
288.078	
288.078	
288.092	
288.106	
288.12	
288.12	
288.134	
288.148	
288.148	
288.162	
288.176	
288.19	
288.19	
288.204	
288.218	
288.218	
288.232	
288.246	
288.26	
288.26	
288.274	
288.288	
288.288	
288.302	
288.316	
288.33	
288.33	
288.344	
288.358	
288.358	
288.372	
288.386	
288.4	
288.4	
288.414	
288.428	
288.428	
288.442	
288.456	
288.47	
288.47	
288.484	
288.498	
288.498	
288.512	
288.526	
288.54	
288.54	
288.554	
288.568	
288.568	
288.582	
288.596	
288.61	
288.61	
288.624	
288.638	
288.638	
288.652	
288.666	
288.68	
288.68	
288.694	
288.708	
288.708	
288.722	
288.736	
288.75	
288.75	
288.764	
288.778	
288.778	
288.792	
288.806	
288.82	
288.82	
288.834	
288.848	
288.848	
288.862	
288.876	
288.89	
288.89	
288.904	
288.918	
288.918	
288.932	
288.946	
288.96	
288.96	
288.974	
288.988	
288.988	
289.002	
289.016	
289.03	
289.03	
289.044	
289.058	
289.058	
289.072	
289.086	
289.1	
289.1	
289.114	
289.128	
289.128	
289.142	
289.156	
289.17	
289.17	
289.184	
289.198	
289.198	
289.212	
289.226	
289.24	
289.24	
289.254	
289.268	
289.268	
289.282	
289.296	
289.31	
289.31	
289.324	
289.338	
289.338	
289.352	
289.366	
289.38	
289.38	
289.394	
289.408	
289.408	
289.422	
289.436	
289.45	
289.45	
289.464	
289.478	
289.478	
289.492	
289.506	
289.52	
289.52	
289.534	
289.548	
289.548	
289.562	
289.576	
289.59	
289.59	
289.604	
289.618	
289.618	
289.632	
289.646	
289.66	
289.66	
289.674	
289.688	
289.688	
289.702	
289.716	
289.73	
289.73	
289.744	
289.758	
289.758	
289.772	
289.786	
289.8	
289.8	
289.814	
289.828	
289.828	
289.842	
289.856	
289.87	
289.87	
289.884	
289.898	
289.898	
289.912	
289.926	
289.94	
289.94	
289.954	
289.968	
289.968	
289.982	
289.996	
290.01	
290.01	
290.024	
290.038	
290.038	
290.052	
290.066	
290.08	
290.08	
290.094	
290.108	
290.108	
290.122	
290.136	
290.15	
290.15	
290.164	
290.178	
290.178	
290.192	
290.206	
290.22	
290.22	
290.234	
290.248	
290.248	
290.262	
290.276	
290.29	
290.29	
290.304	
290.318	
290.318	
290.332	
290.346	
290.36	
290.36	
290.374	
290.388	
290.388	
290.402	
290.416	
290.43	
290.43	
290.444	
290.458	
290.458	
290.472	
290.486	
290.5	
290.5	
290.514	
290.528	
290.528	
290.542	
290.556	
290.57	
290.57	
290.584	
290.598	
290.598	
290.612	
290.626	
290.64	
290.64	
290.654	
290.668	
290.668	
290.682	
290.696	
290.71	
290.71	
290.724	
290.738	
290.738	
290.752	
290.766	
290.78	
290.78	
290.794	
290.808	
290.808	
290.822	
290.836	
290.85	
290.85	
290.864	
290.878	
290.878	
290.892	
290.906	
290.92	
290.92	
290.934	
290.948	
290.948	
290.962	
290.976	
290.99	
290.99	
291.004	
291.018	
291.018	
291.032	
291.046	
291.06	
291.06	
291.074	
291.088	
291.088	
291.102	
291.116	
291.13	
291.13	
291.144	
291.158	
291.158	
291.172	
291.186	
291.2	
291.2	
291.214	
291.228	
291.228	
291.242	
291.256	
291.27	
291.27	
291.284	
291.298	
291.298	
291.312	
291.326	
291.34	
291.34	
291.354	
291.368	
291.368	
291.382	
291.396	
291.41	
291.41	
291.424	
291.438	
291.438	
291.452	
291.466	
291.48	
291.48	
291.494	
291.508	
291.508	
291.522	
291.536	
291.55	
291.55	
291.564	
291.578	
291.578	
291.592	
291.606	
291.62	
291.62	
291.634	
291.648	
291.648	
291.662	
291.676	
291.69	
291.69	
291.704	
291.718	
291.718	
291.732	
291.746	
291.76	
291.76	
291.774	
291.788	
291.788	
291.802	
291.816	
291.83	
291.83	
291.844	
291.858	
291.858	
291.872	
291.886	
291.9	
291.9	
291.914	
291.928	
291.928	
291.942	
291.956	
291.97	
291.97	
291.984	
291.998	
291.998	
292.012	
292.026	
292.04	
292.04	
292.054	
292.068	
292.068	
292.082	
292.096	
292.11	
292.11	
292.124	
292.138	
292.138	
292.152	
292.166	
292.18	
292.18	
292.194	
292.208	
292.208	
292.222	
292.236	
292.25	
292.25	
292.264	
292.278	
292.278	
292.292	
292.306	
292.32	
292.32	
292.334	
292.348	
292.348	
292.362	
292.376	
292.39	
292.39	
292.404	
292.418	
292.418	
292.432	
292.446	
292.46	
292.46	
292.474	
292.488	
292.488	
292.502	
292.516	
292.53	
292.53	
292.544	
292.558	
292.558	
292.572	
292.586	
292.6	
292.6	
292.614	
292.628	
292.628	
292.642	
292.656	
292.67	
292.67	
292.684	
292.698	
292.698	
292.712	
292.726	
292.74	
292.74	
292.754	
292.768	
292.768	
292.782	
292.796	
292.81	
292.81	
292.824	
292.838	
292.838	
292.852	
292.866	
292.88	
292.88	
292.894	
292.908	
292.908	
292.922	
292.936	
292.95	
292.95	
292.964	
292.978	
292.978	
292.992	
293.006	
293.02	
293.02	
293.034	
293.048	
293.048	
293.062	
293.076	
293.09	
293.09	
293.104	
293.118	
293.118	
293.132	
293.146	
293.16	
293.16	
293.174	
293.188	
293.188	
293.202	
293.216	
293.23	
293.23	
293.244	
293.258	
293.258	
293.272	
293.286	
293.3	
293.3	
293.314	
293.328	
293.328	
293.342	
293.356	
293.37	
293.37	
293.384	
293.398	
293.398	
293.412	
293.426	
293.44	
293.44	
293.454	
293.468	
293.468	
293.482	
