time	
1233.87	
1233.87	
1233.88	
1233.89	
1233.89	
1233.91	
1233.92	
1233.94	
1233.94	
1233.95	
1233.96	
1233.96	
1233.98	
1233.99	
1234.01	
1234.01	
1234.02	
1234.03	
1234.03	
1234.05	
1234.06	
1234.08	
1234.08	
1234.09	
1234.1	
1234.1	
1234.12	
1234.13	
1234.15	
1234.15	
1234.16	
1234.17	
1234.17	
1234.19	
1234.2	
1234.22	
1234.22	
1234.23	
1234.24	
1234.24	
1234.26	
1234.27	
1234.29	
1234.29	
1234.3	
1234.31	
1234.31	
1234.33	
1234.34	
1234.36	
1234.36	
1234.37	
1234.38	
1234.38	
1234.4	
1234.41	
1234.43	
1234.43	
1234.44	
1234.45	
1234.45	
1234.47	
1234.48	
1234.5	
1234.5	
1234.51	
1234.52	
1234.52	
1234.54	
1234.55	
1234.57	
1234.57	
1234.58	
1234.59	
1234.59	
1234.61	
1234.62	
1234.64	
1234.64	
1234.65	
1234.66	
1234.66	
1234.68	
1234.69	
1234.71	
1234.71	
1234.72	
1234.73	
1234.73	
1234.75	
1234.76	
1234.78	
1234.78	
1234.79	
1234.8	
1234.8	
1234.82	
1234.83	
1234.85	
1234.85	
1234.86	
1234.87	
1234.87	
1234.89	
1234.9	
1234.92	
1234.92	
1234.93	
1234.94	
1234.94	
1234.96	
1234.97	
1234.99	
1234.99	
1235	
1235.01	
1235.01	
1235.03	
1235.04	
1235.06	
1235.06	
1235.07	
1235.08	
1235.08	
1235.1	
1235.11	
1235.13	
1235.13	
1235.14	
1235.15	
1235.15	
1235.17	
1235.18	
1235.18	
1235.2	
1235.21	
1235.22	
1235.22	
1235.24	
1235.25	
1235.27	
1235.27	
1235.28	
1235.29	
1235.29	
1235.31	
1235.32	
1235.34	
1235.34	
1235.35	
1235.36	
1235.36	
1235.38	
1235.39	
1235.41	
1235.41	
1235.42	
1235.43	
1235.43	
1235.45	
1235.46	
1235.48	
1235.48	
1235.49	
1235.5	
1235.5	
1235.52	
1235.53	
1235.55	
1235.55	
1235.56	
1235.57	
1235.57	
1235.59	
1235.6	
1235.62	
1235.62	
1235.63	
1235.64	
1235.64	
1235.66	
1235.67	
1235.69	
1235.69	
1235.7	
1235.71	
1235.71	
1235.73	
1235.74	
1235.76	
1235.76	
1235.77	
1235.78	
1235.78	
1235.8	
1235.81	
1235.83	
1235.83	
1235.84	
1235.85	
1235.85	
1235.87	
1235.88	
1235.9	
1235.9	
1235.91	
1235.92	
1235.92	
1235.94	
1235.95	
1235.97	
1235.97	
1235.98	
1235.99	
1235.99	
1236.01	
1236.02	
1236.04	
1236.04	
1236.05	
1236.06	
1236.06	
1236.08	
1236.09	
1236.11	
1236.11	
1236.12	
1236.13	
1236.13	
1236.15	
1236.16	
1236.18	
1236.18	
1236.19	
1236.2	
1236.2	
1236.22	
1236.23	
1236.25	
1236.25	
1236.26	
1236.27	
1236.27	
1236.29	
1236.3	
1236.32	
1236.32	
1236.33	
1236.34	
1236.34	
1236.36	
1236.37	
1236.39	
1236.39	
1236.4	
1236.41	
1236.41	
1236.43	
1236.44	
1236.46	
1236.46	
1236.47	
1236.48	
1236.48	
1236.5	
1236.51	
1236.53	
1236.53	
1236.54	
1236.55	
1236.55	
1236.57	
1236.58	
1236.6	
1236.6	
1236.61	
1236.62	
1236.62	
1236.64	
1236.65	
1236.67	
1236.67	
1236.68	
1236.69	
1236.69	
1236.71	
1236.72	
1236.74	
1236.74	
1236.75	
1236.76	
1236.76	
1236.78	
1236.79	
1236.81	
1236.81	
1236.82	
1236.83	
1236.83	
1236.85	
1236.86	
1236.88	
1236.88	
1236.89	
1236.9	
1236.9	
1236.92	
1236.93	
1236.95	
1236.95	
1236.96	
1236.97	
1236.97	
1236.99	
1237	
1237.02	
1237.02	
1237.03	
1237.04	
1237.04	
1237.06	
1237.07	
1237.09	
1237.09	
1237.1	
1237.11	
1237.11	
1237.13	
1237.14	
1237.16	
1237.16	
1237.17	
1237.18	
1237.18	
1237.2	
1237.21	
1237.23	
1237.23	
1237.24	
1237.25	
1237.25	
1237.27	
1237.28	
1237.3	
1237.3	
1237.31	
1237.32	
1237.32	
1237.34	
1237.35	
1237.37	
1237.37	
1237.38	
1237.39	
1237.39	
1237.41	
1237.42	
1237.44	
1237.44	
1237.45	
1237.46	
1237.46	
1237.48	
1237.49	
1237.51	
1237.51	
1237.52	
1237.53	
1237.53	
1237.55	
1237.55	
1237.58	
1237.58	
1237.59	
1237.61	
1237.61	
1237.62	
1237.63	
1237.65	
1237.65	
1237.66	
1237.67	
1237.67	
1237.69	
1237.7	
1237.72	
1237.72	
1237.72	
1237.74	
1237.74	
1237.76	
1237.76	
1237.79	
1237.79	
1237.8	
1237.82	
1237.82	
1237.83	
1237.84	
1237.84	
1237.86	
1237.87	
1237.88	
1237.88	
1237.9	
1237.91	
1237.93	
1237.93	
1237.94	
1237.95	
1237.95	
1237.97	
1237.98	
1238	
1238	
1238.01	
1238.02	
1238.02	
1238.04	
1238.05	
1238.07	
1238.07	
1238.08	
1238.09	
1238.09	
1238.11	
1238.12	
1238.14	
1238.14	
1238.15	
1238.16	
1238.16	
1238.18	
1238.19	
1238.21	
1238.21	
1238.22	
1238.23	
1238.23	
1238.25	
1238.26	
1238.26	
1238.28	
1238.29	
1238.3	
1238.3	
1238.32	
1238.33	
1238.35	
1238.35	
1238.36	
1238.37	
1238.37	
1238.39	
1238.41	
1238.42	
1238.42	
1238.43	
1238.44	
1238.44	
1238.46	
1238.47	
1238.49	
1238.49	
1238.5	
1238.51	
1238.51	
1238.53	
1238.54	
1238.56	
1238.56	
1238.57	
1238.58	
1238.58	
1238.6	
1238.61	
1238.63	
1238.63	
1238.64	
1238.65	
1238.65	
1238.67	
1238.68	
1238.7	
1238.7	
1238.71	
1238.72	
1238.72	
1238.74	
1238.75	
1238.77	
1238.77	
1238.78	
1238.79	
1238.79	
1238.81	
1238.82	
1238.84	
1238.84	
1238.85	
1238.86	
1238.86	
1238.88	
1238.89	
1238.91	
1238.91	
1238.92	
1238.93	
1238.93	
1238.95	
1238.96	
1238.98	
1238.98	
1238.99	
1239	
1239	
1239.02	
1239.03	
1239.05	
1239.05	
1239.06	
1239.07	
1239.07	
1239.09	
1239.1	
1239.12	
1239.12	
1239.13	
1239.14	
1239.14	
1239.16	
1239.17	
1239.19	
1239.19	
1239.2	
1239.21	
1239.21	
1239.23	
1239.24	
1239.26	
1239.26	
1239.27	
1239.28	
1239.28	
1239.3	
1239.31	
1239.33	
1239.33	
1239.34	
1239.35	
1239.35	
1239.37	
1239.38	
1239.4	
1239.4	
1239.41	
1239.42	
1239.42	
1239.44	
1239.45	
1239.47	
1239.47	
1239.48	
1239.49	
1239.49	
1239.51	
1239.52	
1239.54	
1239.54	
1239.55	
1239.56	
1239.56	
1239.58	
1239.59	
1239.61	
1239.61	
1239.62	
1239.63	
1239.63	
1239.65	
1239.66	
1239.68	
1239.68	
1239.69	
1239.7	
1239.7	
1239.72	
1239.73	
1239.75	
1239.75	
1239.76	
1239.77	
1239.77	
1239.79	
1239.8	
1239.82	
1239.82	
1239.83	
1239.84	
1239.84	
1239.86	
1239.87	
1239.89	
1239.89	
1239.9	
1239.91	
1239.91	
1239.93	
1239.94	
1239.96	
1239.96	
1239.97	
1239.98	
1239.98	
1240	
1240.01	
1240.03	
1240.03	
1240.04	
1240.05	
1240.05	
1240.07	
1240.08	
1240.1	
1240.1	
1240.11	
1240.12	
1240.12	
1240.14	
1240.15	
1240.17	
1240.17	
1240.18	
1240.19	
1240.19	
1240.21	
1240.22	
1240.24	
1240.24	
1240.25	
1240.26	
1240.26	
1240.28	
1240.29	
1240.31	
1240.31	
1240.32	
1240.33	
1240.33	
1240.35	
1240.36	
1240.38	
1240.38	
1240.39	
1240.4	
1240.4	
1240.42	
1240.43	
1240.45	
1240.45	
1240.46	
1240.47	
1240.47	
1240.49	
1240.5	
1240.52	
1240.52	
1240.53	
1240.54	
1240.54	
1240.56	
1240.57	
1240.59	
1240.59	
1240.6	
1240.61	
1240.61	
1240.63	
1240.64	
1240.66	
1240.66	
1240.67	
1240.68	
1240.68	
1240.7	
1240.71	
1240.73	
1240.73	
1240.74	
1240.75	
1240.75	
1240.77	
1240.78	
1240.8	
1240.8	
1240.81	
1240.82	
1240.82	
1240.84	
1240.85	
1240.87	
1240.87	
1240.88	
1240.89	
1240.89	
1240.91	
1240.92	
1240.94	
1240.94	
1240.95	
1240.96	
1240.96	
1240.98	
1240.99	
1241.01	
1241.01	
1241.02	
1241.03	
1241.03	
1241.05	
1241.06	
1241.08	
1241.08	
1241.09	
1241.1	
1241.1	
1241.12	
1241.13	
1241.15	
1241.15	
1241.16	
1241.17	
1241.17	
1241.19	
1241.2	
1241.22	
1241.22	
1241.23	
1241.24	
1241.24	
1241.26	
1241.27	
1241.29	
1241.29	
1241.3	
1241.31	
1241.31	
1241.33	
1241.34	
1241.36	
1241.36	
1241.37	
1241.38	
1241.38	
1241.4	
1241.41	
1241.43	
1241.43	
1241.44	
1241.45	
1241.45	
1241.47	
1241.48	
1241.5	
1241.5	
1241.51	
1241.51	
1241.53	
1241.54	
1241.55	
1241.57	
1241.57	
1241.58	
1241.59	
1241.59	
1241.61	
1241.62	
1241.64	
1241.64	
1241.65	
1241.66	
1241.66	
1241.68	
1241.69	
1241.71	
1241.71	
1241.72	
1241.73	
1241.73	
1241.75	
1241.76	
1241.78	
1241.78	
1241.79	
1241.8	
1241.8	
1241.82	
1241.83	
1241.85	
1241.85	
1241.86	
1241.87	
1241.87	
1241.89	
1241.9	
1241.92	
1241.92	
1241.93	
1241.94	
1241.94	
1241.96	
1241.97	
1241.99	
1241.99	
1242	
1242.01	
1242.01	
1242.03	
1242.04	
1242.06	
1242.06	
1242.07	
1242.08	
1242.08	
1242.1	
1242.11	
1242.13	
1242.13	
1242.14	
1242.15	
1242.15	
1242.17	
1242.18	
1242.2	
1242.2	
1242.21	
1242.22	
1242.22	
1242.24	
1242.25	
1242.27	
1242.27	
1242.28	
1242.29	
1242.29	
1242.31	
1242.32	
1242.34	
1242.34	
1242.35	
1242.36	
1242.36	
1242.38	
1242.39	
1242.41	
1242.41	
1242.42	
1242.43	
1242.43	
1242.45	
1242.46	
1242.48	
1242.48	
1242.49	
1242.5	
1242.5	
1242.52	
1242.53	
1242.55	
1242.55	
1242.56	
1242.57	
1242.57	
1242.59	
1242.6	
1242.62	
1242.62	
1242.63	
1242.64	
1242.64	
1242.66	
1242.67	
1242.69	
1242.69	
1242.7	
1242.71	
1242.71	
1242.73	
1242.74	
1242.76	
1242.76	
1242.77	
1242.78	
1242.78	
1242.8	
1242.81	
1242.83	
1242.83	
1242.84	
1242.85	
1242.85	
1242.87	
1242.88	
1242.9	
1242.9	
1242.91	
1242.92	
1242.92	
1242.94	
1242.95	
1242.97	
1242.97	
1242.98	
1242.99	
1242.99	
1243.01	
1243.02	
1243.04	
1243.04	
1243.05	
1243.06	
1243.06	
1243.08	
1243.09	
1243.11	
1243.11	
1243.12	
1243.13	
1243.13	
1243.15	
1243.16	
1243.18	
1243.18	
1243.19	
1243.2	
1243.2	
1243.22	
1243.23	
1243.25	
1243.25	
1243.26	
1243.27	
1243.27	
1243.29	
1243.3	
1243.32	
1243.32	
1243.33	
1243.34	
1243.34	
1243.36	
1243.37	
1243.39	
1243.39	
1243.4	
1243.41	
1243.41	
1243.43	
1243.44	
1243.46	
1243.46	
1243.47	
1243.48	
1243.48	
1243.5	
1243.51	
1243.53	
1243.53	
1243.54	
1243.55	
1243.55	
1243.57	
1243.58	
1243.6	
1243.6	
1243.61	
1243.62	
1243.62	
1243.64	
1243.65	
1243.67	
1243.67	
1243.68	
1243.69	
1243.69	
1243.71	
1243.72	
1243.74	
1243.74	
1243.75	
1243.76	
1243.76	
1243.78	
1243.79	
1243.81	
1243.81	
1243.82	
1243.83	
1243.83	
1243.85	
1243.86	
1243.88	
1243.88	
1243.89	
1243.9	
1243.9	
1243.92	
1243.93	
1243.95	
1243.95	
1243.96	
1243.97	
1243.97	
1243.99	
1244	
1244.02	
1244.02	
1244.03	
1244.04	
1244.04	
1244.06	
1244.07	
1244.09	
1244.09	
1244.1	
1244.11	
1244.11	
1244.13	
1244.14	
1244.16	
1244.16	
1244.17	
1244.18	
1244.18	
1244.2	
1244.21	
1244.23	
1244.23	
1244.24	
1244.25	
1244.25	
1244.27	
1244.28	
1244.3	
1244.3	
1244.31	
1244.32	
1244.32	
1244.34	
1244.35	
1244.37	
1244.37	
1244.38	
1244.39	
1244.39	
1244.41	
1244.42	
1244.44	
1244.44	
1244.45	
1244.46	
1244.46	
1244.48	
1244.49	
1244.51	
1244.51	
1244.52	
1244.53	
1244.53	
1244.55	
1244.56	
1244.58	
1244.58	
1244.59	
1244.6	
1244.6	
1244.62	
1244.63	
1244.65	
1244.65	
1244.66	
1244.67	
1244.67	
1244.69	
1244.7	
1244.72	
1244.72	
1244.73	
1244.74	
1244.74	
1244.76	
1244.77	
1244.79	
1244.79	
1244.8	
1244.81	
1244.81	
1244.83	
1244.84	
1244.86	
1244.86	
1244.87	
1244.88	
1244.88	
1244.9	
1244.91	
1244.93	
1244.93	
1244.94	
1244.95	
1244.95	
1244.97	
1244.98	
1245	
1245	
1245.01	
1245.02	
1245.02	
1245.04	
1245.05	
1245.07	
1245.07	
1245.08	
1245.09	
1245.09	
1245.11	
1245.12	
1245.14	
1245.14	
1245.15	
1245.16	
1245.16	
1245.18	
1245.19	
1245.21	
1245.21	
1245.22	
1245.23	
1245.23	
1245.25	
1245.26	
1245.28	
1245.28	
1245.29	
1245.3	
1245.3	
1245.32	
1245.33	
1245.35	
1245.35	
1245.36	
1245.37	
1245.37	
1245.39	
1245.4	
1245.42	
1245.42	
1245.43	
1245.44	
1245.44	
1245.46	
1245.47	
1245.49	
1245.49	
1245.5	
1245.51	
1245.51	
1245.53	
1245.54	
1245.56	
1245.56	
1245.57	
1245.58	
1245.58	
1245.6	
1245.61	
1245.63	
1245.63	
1245.64	
1245.65	
1245.65	
1245.67	
1245.68	
1245.7	
1245.7	
1245.71	
1245.72	
1245.72	
1245.74	
1245.75	
1245.77	
1245.77	
1245.78	
1245.79	
1245.79	
1245.81	
1245.82	
1245.84	
1245.84	
1245.85	
1245.86	
1245.86	
1245.88	
1245.89	
1245.91	
1245.91	
1245.92	
1245.93	
1245.93	
1245.95	
1245.96	
1245.98	
1245.98	
1245.99	
1246	
1246	
1246.02	
1246.03	
1246.05	
1246.05	
1246.06	
1246.07	
1246.07	
1246.09	
1246.1	
1246.12	
1246.12	
1246.13	
1246.14	
1246.14	
1246.16	
1246.17	
1246.19	
1246.19	
1246.2	
1246.21	
1246.21	
1246.23	
1246.24	
1246.26	
1246.26	
1246.27	
1246.28	
1246.28	
1246.3	
1246.31	
1246.33	
1246.33	
1246.34	
1246.35	
1246.35	
1246.37	
1246.38	
1246.4	
1246.4	
1246.41	
1246.42	
1246.42	
1246.44	
1246.45	
1246.47	
1246.47	
1246.48	
1246.49	
1246.49	
1246.51	
1246.52	
1246.54	
1246.54	
1246.55	
1246.56	
1246.56	
1246.58	
1246.59	
1246.61	
1246.61	
1246.62	
1246.63	
1246.63	
1246.65	
1246.66	
1246.68	
1246.68	
1246.69	
1246.7	
1246.7	
1246.72	
1246.73	
1246.75	
1246.75	
1246.76	
1246.77	
1246.77	
1246.79	
1246.8	
1246.82	
1246.82	
1246.83	
1246.84	
