time	
1343.54	
1343.54	
1343.56	
1343.57	
1343.57	
1343.58	
1343.6	
1343.61	
1343.61	
1343.63	
1343.64	
1343.64	
1343.65	
1343.67	
1343.68	
1343.68	
1343.7	
1343.71	
1343.71	
1343.72	
1343.74	
1343.75	
1343.75	
1343.77	
1343.78	
1343.78	
1343.79	
1343.81	
1343.82	
1343.82	
1343.84	
1343.85	
1343.85	
1343.86	
1343.88	
1343.89	
1343.89	
1343.91	
1343.92	
1343.92	
1343.93	
1343.95	
1343.96	
1343.96	
1343.98	
1343.99	
1343.99	
1344	
1344.02	
1344.03	
1344.03	
1344.05	
1344.06	
1344.06	
1344.07	
1344.09	
1344.1	
1344.1	
1344.12	
1344.13	
1344.13	
1344.14	
1344.16	
1344.17	
1344.17	
1344.19	
1344.2	
1344.2	
1344.21	
1344.23	
1344.24	
1344.24	
1344.26	
1344.27	
1344.27	
1344.28	
1344.3	
1344.31	
1344.31	
1344.33	
1344.34	
1344.34	
1344.35	
1344.37	
1344.38	
1344.38	
1344.4	
1344.41	
1344.41	
1344.42	
1344.44	
1344.44	
1344.45	
1344.47	
1344.48	
1344.48	
1344.49	
1344.51	
1344.51	
1344.52	
1344.54	
1344.55	
1344.55	
1344.56	
1344.58	
1344.59	
1344.59	
1344.61	
1344.62	
1344.62	
1344.63	
1344.65	
1344.66	
1344.66	
1344.68	
1344.69	
1344.69	
1344.7	
1344.72	
1344.72	
1344.73	
1344.75	
1344.76	
1344.76	
1344.77	
1344.79	
1344.8	
1344.8	
1344.82	
1344.83	
1344.83	
1344.84	
1344.86	
1344.87	
1344.87	
1344.89	
1344.9	
1344.9	
1344.91	
1344.93	
1344.94	
1344.94	
1344.96	
1344.97	
1344.97	
1344.98	
1345	
1345.01	
1345.01	
1345.03	
1345.04	
1345.04	
1345.05	
1345.07	
1345.08	
1345.08	
1345.1	
1345.11	
1345.11	
1345.12	
1345.14	
1345.15	
1345.15	
1345.17	
1345.18	
1345.18	
1345.19	
1345.21	
1345.22	
1345.22	
1345.24	
1345.25	
1345.25	
1345.26	
1345.28	
1345.29	
1345.29	
1345.31	
1345.32	
1345.32	
1345.33	
1345.35	
1345.35	
1345.36	
1345.38	
1345.39	
1345.39	
1345.4	
1345.42	
1345.43	
1345.43	
1345.45	
1345.46	
1345.46	
1345.47	
1345.49	
1345.5	
1345.5	
1345.52	
1345.53	
1345.53	
1345.54	
1345.56	
1345.57	
1345.57	
1345.59	
1345.6	
1345.6	
1345.61	
1345.63	
1345.64	
1345.64	
1345.66	
1345.67	
1345.67	
1345.68	
1345.7	
1345.71	
1345.71	
1345.73	
1345.74	
1345.74	
1345.75	
1345.77	
1345.78	
1345.78	
1345.8	
1345.81	
1345.81	
1345.82	
1345.84	
1345.85	
1345.85	
1345.87	
1345.88	
1345.88	
1345.89	
1345.91	
1345.91	
1345.92	
1345.94	
1345.95	
1345.95	
1345.96	
1345.98	
1345.99	
1345.99	
1346.01	
1346.02	
1346.02	
1346.03	
1346.05	
1346.06	
1346.06	
1346.08	
1346.09	
1346.09	
1346.1	
1346.12	
1346.13	
1346.13	
1346.15	
1346.16	
1346.16	
1346.17	
1346.19	
1346.2	
1346.2	
1346.22	
1346.23	
1346.23	
1346.24	
1346.26	
1346.27	
1346.27	
1346.29	
1346.3	
1346.3	
1346.31	
1346.33	
1346.34	
1346.34	
1346.36	
1346.37	
1346.37	
1346.38	
1346.4	
1346.41	
1346.41	
1346.43	
1346.44	
1346.44	
1346.45	
1346.47	
1346.48	
1346.48	
1346.5	
1346.51	
1346.51	
1346.52	
1346.54	
1346.55	
1346.55	
1346.57	
1346.58	
1346.58	
1346.59	
1346.61	
1346.62	
1346.62	
1346.64	
1346.65	
1346.65	
1346.66	
1346.68	
1346.69	
1346.69	
1346.71	
1346.72	
1346.72	
1346.73	
1346.75	
1346.76	
1346.76	
1346.78	
1346.79	
1346.79	
1346.8	
1346.82	
1346.83	
1346.83	
1346.85	
1346.86	
1346.86	
1346.87	
1346.89	
1346.9	
1346.9	
1346.92	
1346.93	
1346.93	
1346.94	
1346.96	
1346.97	
1346.97	
1346.99	
1347	
1347	
1347.01	
1347.03	
1347.04	
1347.04	
1347.06	
1347.07	
1347.07	
1347.08	
1347.1	
1347.11	
1347.11	
1347.13	
1347.14	
1347.14	
1347.15	
1347.17	
1347.18	
1347.18	
1347.2	
1347.21	
1347.21	
1347.22	
1347.24	
1347.25	
1347.25	
1347.27	
1347.28	
1347.28	
1347.29	
1347.31	
1347.32	
1347.32	
1347.34	
1347.35	
1347.35	
1347.36	
1347.38	
1347.39	
1347.39	
1347.41	
1347.42	
1347.42	
1347.43	
1347.45	
1347.46	
1347.46	
1347.48	
1347.48	
1347.49	
1347.5	
1347.52	
1347.53	
1347.53	
1347.55	
1347.56	
1347.56	
1347.57	
1347.59	
1347.6	
1347.6	
1347.62	
1347.63	
1347.63	
1347.64	
1347.66	
1347.67	
1347.67	
1347.69	
1347.7	
1347.7	
1347.71	
1347.73	
1347.74	
1347.74	
1347.76	
1347.77	
1347.77	
1347.78	
1347.8	
1347.81	
1347.81	
1347.83	
1347.84	
1347.84	
1347.85	
1347.87	
1347.88	
1347.88	
1347.9	
1347.91	
1347.91	
1347.92	
1347.94	
1347.95	
1347.95	
1347.97	
1347.98	
1347.98	
1347.99	
1348.01	
1348.02	
1348.02	
1348.04	
1348.05	
1348.05	
1348.06	
1348.08	
1348.09	
1348.09	
1348.11	
1348.12	
1348.12	
1348.13	
1348.15	
1348.16	
1348.16	
1348.18	
1348.19	
1348.19	
1348.2	
1348.22	
1348.23	
1348.23	
1348.25	
1348.26	
1348.26	
1348.27	
1348.29	
1348.3	
1348.3	
1348.32	
1348.33	
1348.33	
1348.34	
1348.36	
1348.37	
1348.37	
1348.39	
1348.4	
1348.4	
1348.41	
1348.43	
1348.44	
1348.44	
1348.46	
1348.47	
1348.47	
1348.48	
1348.5	
1348.51	
1348.51	
1348.53	
1348.54	
1348.54	
1348.55	
1348.57	
1348.58	
1348.58	
1348.6	
1348.61	
1348.61	
1348.62	
1348.64	
1348.65	
1348.65	
1348.67	
1348.68	
1348.68	
1348.69	
1348.71	
1348.72	
1348.72	
1348.74	
1348.75	
1348.75	
1348.76	
1348.78	
1348.79	
1348.79	
1348.81	
1348.82	
1348.82	
1348.83	
1348.85	
1348.86	
1348.86	
1348.88	
1348.89	
1348.89	
1348.9	
1348.92	
1348.93	
1348.93	
1348.95	
1348.96	
1348.96	
1348.97	
1348.99	
1349	
1349	
1349.02	
1349.03	
1349.03	
1349.04	
1349.06	
1349.07	
1349.07	
1349.09	
1349.1	
1349.1	
1349.11	
1349.13	
1349.13	
1349.14	
