time	joint_joint0	joint_joint1	joint_joint2	joint_joint3	joint_joint4	joint_joint5	joint_joint6	cart_pos_x	cart_pos_y	cart_pos_z	cart_quat_x	cart_quat_y	cart_quat_z	cart_quat_w	force_joint_joint0	force_joint_joint1	force_joint_joint2	force_joint_joint3	force_joint_joint4	force_joint_joint5	force_joint_joint6	cart_force_x	cart_force_y	cart_force_z	cart_trq_x	cart_trq_y	cart_trq_z	
1486251080944	-2.24635	1.63888	-2.17508	1.88069	2.30182	-1.6623	-0.957788	-0.113294	0.718893	0.331246	-0.00616477	-0.933972	0.00893306	-0.357182	1.36809	-1.66413	1.26519	-0.52004	0.560625	0.960908	-0.373125	1.36567	-3.31921	6.71569	0.463819	-1.03633	-0.52186	
1486251080964	-2.24631	1.63885	-2.17502	1.88068	2.30184	-1.66219	-0.957788	-0.113294	0.718893	0.331246	-0.00616471	-0.933972	0.00893339	-0.357182	1.31917	-1.70221	1.27698	-0.554797	0.566046	0.949576	-0.373586	1.38599	-3.22861	6.78818	0.461119	-1.03524	-0.52395	
1486251080984	-2.24614	1.63868	-2.17466	1.88054	2.30242	-1.66093	-0.957788	-0.11303	0.718885	0.331218	-0.00607621	-0.933839	0.00853947	-0.35754	1.3885	-1.64782	1.24953	-0.565967	0.604249	1.02403	-0.369519	1.20132	-3.35871	6.93907	0.485907	-1.09642	-0.517794	
1486251080995	-2.24593	1.6384	-2.17399	1.88024	2.30307	-1.66032	-0.95779	-0.11303	0.718885	0.331218	-0.00607621	-0.933839	0.00853947	-0.35754	1.67072	-1.70512	1.31149	-0.590975	0.597203	1.18591	-0.373395	0.974151	-3.86202	7.4986	0.593628	-1.16379	-0.528492	
1486251081024	-2.24564	1.63814	-2.17347	1.87993	2.30322	-1.66013	-0.957788	-0.11246	0.718681	0.330922	-0.00623502	-0.933842	0.00863357	-0.357527	1.70796	-1.93441	1.46468	-0.713373	0.578224	1.23458	-0.384326	1.04067	-3.94187	8.16403	0.652398	-1.17749	-0.54798	
1486251081044	-2.24564	1.63814	-2.17347	1.87993	2.30322	-1.66013	-0.957788	-0.11246	0.718681	0.330922	-0.00623502	-0.933842	0.00863357	-0.357527	1.70796	-1.93441	1.46468	-0.713373	0.578224	1.23458	-0.384326	1.04067	-3.94187	8.16403	0.652398	-1.17749	-0.54798	
1486251081064	-2.2451	1.63774	-2.17293	1.87969	2.30344	-1.66007	-0.95779	-0.11246	0.718681	0.330922	-0.00623502	-0.933842	0.00863357	-0.357527	1.83587	-2.41429	1.82382	-0.838055	0.46792	1.29262	-0.406097	1.47893	-4.1647	9.24585	0.769332	-1.1478	-0.583432	
1486251081104	-2.24452	1.63763	-2.17275	1.87959	2.30351	-1.66005	-0.95779	-0.111973	0.718469	0.330929	-0.00650892	-0.93377	0.00886297	-0.357705	1.93772	-2.58224	1.91577	-0.814115	0.38872	1.34459	-0.419804	1.70279	-4.26015	9.49616	0.857318	-1.12762	-0.601164	
1486251081164	-2.24422	1.63764	-2.17259	1.87943	2.30353	-1.66001	-0.95779	-0.111719	0.718437	0.331043	-0.0066666	-0.933716	0.00889267	-0.357843	2.11402	-2.64519	1.94451	-0.740235	0.331414	1.37477	-0.427056	1.81253	-4.52878	9.50832	0.914723	-1.1013	-0.62094	
1486251081174	-2.24414	1.63761	-2.17249	1.87927	2.30353	-1.65995	-0.95779	-0.111719	0.718437	0.331043	-0.0066666	-0.933716	0.00889267	-0.357843	2.13149	-2.62684	1.902	-0.694999	0.312527	1.34966	-0.429403	1.85408	-4.52906	9.29644	0.914874	-1.0722	-0.629282	
1486251081184	-2.24414	1.63761	-2.17249	1.87927	2.30353	-1.65995	-0.95779	-0.111719	0.718437	0.331043	-0.0066666	-0.933716	0.00889267	-0.357843	2.13149	-2.62684	1.902	-0.694999	0.312527	1.34966	-0.429403	1.85408	-4.52906	9.29644	0.914874	-1.0722	-0.629282	
1486251081194	-2.24414	1.63761	-2.17249	1.87927	2.30353	-1.65995	-0.95779	-0.111657	0.718441	0.331003	-0.00667393	-0.933716	0.00895011	-0.357841	2.13149	-2.62684	1.902	-0.694999	0.312527	1.34966	-0.429403	1.85408	-4.52906	9.29644	0.914874	-1.0722	-0.629282	
1486251081204	-2.24408	1.63757	-2.17241	1.8792	2.30353	-1.65992	-0.95779	-0.111657	0.718441	0.331003	-0.00667393	-0.933716	0.00895011	-0.357841	2.0707	-2.59822	1.86481	-0.689668	0.312849	1.32755	-0.429407	1.85799	-4.40266	9.152	0.901421	-1.06121	-0.626166	
1486251081214	-2.24401	1.63753	-2.1723	1.87916	2.30353	-1.6599	-0.95779	-0.111608	0.718425	0.330981	-0.00669587	-0.933713	0.00899331	-0.357847	2.00488	-2.63912	1.87485	-0.69006	0.3014	1.30262	-0.431094	1.9803	-4.25689	9.11669	0.898365	-1.04705	-0.627403	
1486251081264	-2.24396	1.63754	-2.17211	1.87914	2.30355	-1.65989	-0.95779	-0.111481	0.718352	0.330966	-0.00682487	-0.933715	0.0090503	-0.357838	2.05799	-2.72169	1.95623	-0.668356	0.262518	1.28128	-0.43734	2.15707	-4.37091	9.18408	0.902088	-1.01451	-0.638173	
1486251081284	-2.24395	1.63754	-2.17207	1.87914	2.30359	-1.65988	-0.95779	-0.111481	0.718352	0.330966	-0.00682487	-0.933715	0.0090503	-0.357838	2.05136	-2.76116	1.99056	-0.666448	0.252641	1.27254	-0.440282	2.2498	-4.36225	9.22744	0.901807	-1.00831	-0.641327	
1486251081294	-2.24396	1.63754	-2.17204	1.87914	2.30361	-1.65988	-0.95779	-0.111472	0.718346	0.33096	-0.006833	-0.933721	0.00904081	-0.357821	2.05311	-2.7632	2.0093	-0.662285	0.251929	1.26745	-0.441605	2.28042	-4.38413	9.23651	0.893477	-1.00776	-0.640843	
1486251081304	-2.24396	1.63754	-2.17204	1.87914	2.30361	-1.65988	-0.95779	-0.111464	0.71834	0.330954	-0.00684208	-0.933726	0.00903915	-0.35781	2.05311	-2.7632	2.0093	-0.662285	0.251929	1.26745	-0.441605	2.28042	-4.38413	9.23651	0.893477	-1.00776	-0.640843	
1486251081324	-2.24396	1.63754	-2.17199	1.87914	2.30361	-1.65988	-0.95779	-0.111464	0.71834	0.330954	-0.00684208	-0.933726	0.00903915	-0.35781	2.02509	-2.79812	2.02415	-0.664775	0.248476	1.25738	-0.441772	2.35928	-4.32001	9.25778	0.894702	-1.0047	-0.642537	
1486251081344	-2.24395	1.63754	-2.17193	1.87914	2.30361	-1.65987	-0.95779	-0.11145	0.718327	0.330948	-0.00686283	-0.93373	0.00904623	-0.357799	1.97916	-2.79275	2.01996	-0.671575	0.24594	1.24935	-0.443055	2.37237	-4.23289	9.22366	0.888026	-1.00086	-0.638595	
1486251081354	-2.24394	1.63754	-2.1719	1.87914	2.30362	-1.65987	-0.95779	-0.111432	0.718312	0.330942	-0.00688846	-0.933733	0.00905507	-0.35779	2.00013	-2.8142	2.04635	-0.658871	0.234236	1.23941	-0.444121	2.43468	-4.27994	9.22939	0.885907	-0.989664	-0.641435	
1486251081364	-2.24394	1.63754	-2.1719	1.87914	2.30362	-1.65987	-0.95779	-0.111432	0.718312	0.330942	-0.00688846	-0.933733	0.00905507	-0.35779	2.00013	-2.8142	2.04635	-0.658871	0.234236	1.23941	-0.444121	2.43468	-4.27994	9.22939	0.885907	-0.989664	-0.641435	
1486251081374	-2.24394	1.63754	-2.17189	1.87913	2.30362	-1.65987	-0.95779	-0.11142	0.718305	0.330941	-0.00690226	-0.933734	0.00905846	-0.357787	2.00539	-2.80221	2.05259	-0.655032	0.230981	1.23115	-0.44594	2.43133	-4.30966	9.20152	0.875695	-0.982557	-0.641333	
1486251081424	-2.24394	1.63754	-2.17188	1.87913	2.30363	-1.65986	-0.95779	-0.111416	0.718303	0.33094	-0.00690541	-0.933734	0.00905488	-0.357787	1.98947	-2.84073	2.07101	-0.668849	0.227821	1.21885	-0.446302	2.4786	-4.27899	9.2482	0.87549	-0.975263	-0.645176	
1486251081434	-2.24394	1.63754	-2.17188	1.87913	2.30363	-1.65986	-0.95779	-0.111414	0.718303	0.33094	-0.00690637	-0.933734	0.00905455	-0.357787	1.98947	-2.84073	2.07101	-0.668849	0.227821	1.21885	-0.446302	2.4786	-4.27899	9.2482	0.87549	-0.975263	-0.645176	
1486251081445	-2.24394	1.63754	-2.17187	1.87913	2.30363	-1.65986	-0.95779	-0.111412	0.7183	0.330938	-0.00690955	-0.933734	0.00905669	-0.357785	1.96238	-2.85099	2.07332	-0.677895	0.229263	1.21636	-0.446146	2.4958	-4.22359	9.26283	0.875042	-0.9768	-0.64385	
1486251081454	-2.24394	1.63754	-2.17187	1.87913	2.30363	-1.65986	-0.95779	-0.111412	0.7183	0.330938	-0.00690955	-0.933734	0.00905669	-0.357785	1.96238	-2.85099	2.07332	-0.677895	0.229263	1.21636	-0.446146	2.4958	-4.22359	9.26283	0.875042	-0.9768	-0.64385	
1486251081464	-2.24394	1.63754	-2.17186	1.87913	2.30363	-1.65986	-0.95779	-0.111412	0.7183	0.330938	-0.00690955	-0.933734	0.00905669	-0.357785	1.97504	-2.83977	2.06667	-0.671027	0.226993	1.21974	-0.445923	2.47902	-4.24484	9.24119	0.876926	-0.975709	-0.643304	
1486251081494	-2.24393	1.63754	-2.17186	1.87913	2.30363	-1.65986	-0.95779	-0.111407	0.718298	0.330938	-0.00691489	-0.933735	0.009058	-0.357784	1.97715	-2.84184	2.06557	-0.664371	0.222655	1.21843	-0.445582	2.4936	-4.24116	9.2239	0.879162	-0.972432	-0.643294	
1486251081504	-2.24393	1.63754	-2.17185	1.87913	2.30363	-1.65985	-0.95779	-0.111407	0.718298	0.330938	-0.00691489	-0.933735	0.009058	-0.357784	1.97965	-2.85252	2.07438	-0.666507	0.219877	1.21475	-0.445896	2.5071	-4.24891	9.23817	0.878659	-0.968721	-0.64453	
1486251081554	-2.24393	1.63754	-2.17185	1.87912	2.30363	-1.65985	-0.95779	-0.111403	0.718297	0.330937	-0.006918	-0.933735	0.00905934	-0.357783	1.9825	-2.86141	2.08031	-0.667426	0.2206	1.20986	-0.44616	2.52173	-4.25871	9.24762	0.876552	-0.966919	-0.646694	
1486251081564	-2.24393	1.63754	-2.17185	1.87912	2.30363	-1.65985	-0.95779	-0.111403	0.718297	0.330937	-0.006918	-0.933735	0.00905934	-0.357783	1.9825	-2.86141	2.08031	-0.667426	0.2206	1.20986	-0.44616	2.52173	-4.25871	9.24762	0.876552	-0.966919	-0.646694	
1486251081594	-2.24393	1.63754	-2.17184	1.87912	2.30363	-1.65985	-0.957792	-0.111402	0.718296	0.330935	-0.0069178	-0.933736	0.00906025	-0.357782	1.95945	-2.85662	2.06613	-0.671021	0.217412	1.21081	-0.446522	2.51167	-4.2008	9.2201	0.880126	-0.964863	-0.644834	
1486251081604	-2.24393	1.63754	-2.17184	1.87912	2.30363	-1.65985	-0.957792	-0.111402	0.718296	0.330935	-0.0069178	-0.933736	0.00906025	-0.357782	1.95945	-2.85662	2.06613	-0.671021	0.217412	1.21081	-0.446522	2.51167	-4.2008	9.2201	0.880126	-0.964863	-0.644834	
1486251081614	-2.24393	1.63754	-2.17184	1.87912	2.30363	-1.65985	-0.957792	-0.1114	0.718295	0.330934	-0.00692005	-0.933736	0.00906168	-0.357781	1.97344	-2.85778	2.07055	-0.663581	0.213575	1.21179	-0.446965	2.52193	-4.22708	9.21646	0.881688	-0.962911	-0.645632	
1486251081634	-2.24393	1.63754	-2.17183	1.87912	2.30363	-1.65985	-0.957792	-0.1114	0.718294	0.330933	-0.00692073	-0.933736	0.00906215	-0.35778	1.99358	-2.85629	2.07613	-0.65481	0.209756	1.21064	-0.447693	2.52872	-4.27054	9.2077	0.880834	-0.959304	-0.647125	
1486251081644	-2.24393	1.63754	-2.17183	1.87912	2.30363	-1.65985	-0.957792	-0.1114	0.718294	0.330933	-0.00692073	-0.933736	0.00906215	-0.35778	1.99358	-2.85629	2.07613	-0.65481	0.209756	1.21064	-0.447693	2.52872	-4.27054	9.2077	0.880834	-0.959304	-0.647125	
1486251081654	-2.24393	1.63754	-2.17183	1.87912	2.30363	-1.65985	-0.957792	-0.111398	0.718294	0.330933	-0.00692178	-0.933736	0.00906286	-0.35778	2.00775	-2.83418	2.07005	-0.64641	0.211474	1.21125	-0.447681	2.50433	-4.30733	9.17517	0.87575	-0.95956	-0.646048	
1486251081674	-2.24393	1.63754	-2.17183	1.87912	2.30363	-1.65985	-0.957792	-0.111398	0.718294	0.330933	-0.00692229	-0.933736	0.00906321	-0.35778	2.00775	-2.83418	2.07005	-0.64641	0.211474	1.21125	-0.447681	2.50433	-4.30733	9.17517	0.87575	-0.95956	-0.646048	
1486251081684	-2.24393	1.63754	-2.17183	1.87912	2.30363	-1.65985	-0.957792	-0.111397	0.718293	0.330932	-0.00692329	-0.933737	0.0090636	-0.357779	1.98107	-2.85928	2.0726	-0.665575	0.213887	1.20773	-0.447578	2.51595	-4.24905	9.21825	0.878941	-0.959758	-0.647757	
1486251081694	-2.24393	1.63754	-2.17183	1.87912	2.30363	-1.65985	-0.957792	-0.111397	0.718293	0.330932	-0.00692329	-0.933737	0.0090636	-0.357779	1.98107	-2.85928	2.0726	-0.665575	0.213887	1.20773	-0.447578	2.51595	-4.24905	9.21825	0.878941	-0.959758	-0.647757	
1486251081714	-2.24393	1.63754	-2.17182	1.87912	2.30363	-1.65985	-0.957792	-0.111396	0.718292	0.330932	-0.00692414	-0.933737	0.00906451	-0.357778	1.9889	-2.85399	2.06857	-0.662287	0.212464	1.21006	-0.447063	2.50477	-4.2608	9.2086	0.880877	-0.959062	-0.647336	
1486251081724	-2.24393	1.63754	-2.17182	1.87912	2.30363	-1.65985	-0.957792	-0.111395	0.718292	0.330931	-0.00692494	-0.933737	0.00906439	-0.357779	1.9889	-2.85399	2.06857	-0.662287	0.212464	1.21006	-0.447063	2.50477	-4.2608	9.2086	0.880877	-0.959062	-0.647336	
1486251081734	-2.24393	1.63754	-2.17182	1.87912	2.30363	-1.65985	-0.957792	-0.111395	0.718292	0.330931	-0.00692494	-0.933737	0.00906439	-0.357779	1.9889	-2.85399	2.06857	-0.662287	0.212464	1.21006	-0.447063	2.50477	-4.2608	9.2086	0.880877	-0.959062	-0.647336	
1486251081744	-2.24393	1.63754	-2.17182	1.87912	2.30363	-1.65985	-0.957792	-0.111395	0.718292	0.330931	-0.00692494	-0.933737	0.00906439	-0.357779	1.9889	-2.85399	2.06857	-0.662287	0.212464	1.21006	-0.447063	2.50477	-4.2608	9.2086	0.880877	-0.959062	-0.647336	
1486251081754	-2.24393	1.63754	-2.17182	1.87912	2.30363	-1.65985	-0.957792	-0.111395	0.718292	0.330931	-0.00692494	-0.933737	0.00906439	-0.357779	1.95915	-2.8595	2.06588	-0.672842	0.214093	1.20731	-0.447137	2.5101	-4.20022	9.2135	0.879958	-0.959794	-0.645886	
1486251081764	-2.24393	1.63754	-2.17182	1.87912	2.30363	-1.65985	-0.957792	-0.111395	0.718292	0.330931	-0.00692494	-0.933737	0.00906439	-0.357779	1.94366	-2.86224	2.06463	-0.681927	0.2171	1.20367	-0.447945	2.50655	-4.17494	9.2198	0.876891	-0.959915	-0.646468	
1486251081794	-2.24393	1.63754	-2.17181	1.87911	2.30363	-1.65984	-0.957792	-0.111392	0.718291	0.330931	-0.00692808	-0.933737	0.00906614	-0.357778	1.96273	-2.8602	2.06555	-0.676393	0.21641	1.20444	-0.446828	2.50039	-4.21197	9.21812	0.877799	-0.95875	-0.647099	
1486251081804	-2.24393	1.63754	-2.17181	1.87911	2.30363	-1.65984	-0.957792	-0.111392	0.718291	0.330931	-0.00692808	-0.933737	0.00906614	-0.357778	1.96273	-2.8602	2.06555	-0.676393	0.21641	1.20444	-0.446828	2.50039	-4.21197	9.21812	0.877799	-0.95875	-0.647099	
1486251081814	-2.24393	1.63754	-2.17181	1.87911	2.30363	-1.65984	-0.957792	-0.111392	0.71829	0.330931	-0.00692869	-0.933737	0.00906597	-0.357778	1.95289	-2.86141	2.06286	-0.679009	0.21729	1.20394	-0.446739	2.50216	-4.19014	9.21678	0.878056	-0.959451	-0.646684	
1486251081824	-2.24393	1.63754	-2.17181	1.87911	2.30363	-1.65984	-0.957792	-0.111391	0.71829	0.33093	-0.00692959	-0.933737	0.00906632	-0.357778	1.95289	-2.86141	2.06286	-0.679009	0.21729	1.20394	-0.446739	2.50216	-4.19014	9.21678	0.878056	-0.959451	-0.646684	
1486251081844	-2.24393	1.63754	-2.17181	1.87911	2.30363	-1.65984	-0.957792	-0.111391	0.71829	0.33093	-0.00692959	-0.933737	0.00906632	-0.357778	1.93381	-2.85932	2.05878	-0.682995	0.219262	1.20324	-0.44611	2.5028	-4.15063	9.21124	0.876923	-0.961328	-0.644527	
1486251081864	-2.24393	1.63754	-2.17181	1.87911	2.30363	-1.65984	-0.957792	-0.11139	0.718289	0.330929	-0.00693116	-0.933738	0.00906701	-0.357776	1.97006	-2.85737	2.0633	-0.667616	0.214382	1.20686	-0.446783	2.50933	-4.22003	9.20339	0.88033	-0.959176	-0.64706	
1486251081874	-2.24393	1.63754	-2.1718	1.87911	2.30363	-1.65984	-0.957792	-0.11139	0.718289	0.330929	-0.00693116	-0.933738	0.00906701	-0.357776	1.98327	-2.86534	2.06686	-0.661268	0.212666	1.20478	-0.447954	2.52965	-4.24443	9.2025	0.881585	-0.95719	-0.650593	
1486251081884	-2.24393	1.63754	-2.1718	1.87911	2.30363	-1.65984	-0.957792	-0.11139	0.718289	0.330929	-0.00693116	-0.933738	0.00906701	-0.357776	1.98327	-2.86534	2.06686	-0.661268	0.212666	1.20478	-0.447954	2.52965	-4.24443	9.2025	0.881585	-0.95719	-0.650593	
1486251081904	-2.24393	1.63754	-2.1718	1.87911	2.30363	-1.65984	-0.957792	-0.111389	0.718288	0.330929	-0.00693187	-0.933738	0.00906727	-0.357776	1.97409	-2.85732	2.06488	-0.660152	0.213092	1.20375	-0.447985	2.52861	-4.22948	9.18669	0.87842	-0.957608	-0.648616	
1486251081914	-2.24393	1.63754	-2.1718	1.87911	2.30363	-1.65984	-0.957792	-0.111388	0.718288	0.330928	-0.00693209	-0.933738	0.00906799	-0.357775	1.94039	-2.86034	2.0588	-0.674369	0.218201	1.19997	-0.447274	2.5233	-4.16306	9.19247	0.875834	-0.959657	-0.646857	
1486251081924	-2.24393	1.63754	-2.1718	1.87911	2.30363	-1.65984	-0.957792	-0.111388	0.718288	0.330928	-0.00693209	-0.933738	0.00906799	-0.357775	1.94039	-2.86034	2.0588	-0.674369	0.218201	1.19997	-0.447274	2.5233	-4.16306	9.19247	0.875834	-0.959657	-0.646857	
1486251081934	-2.24393	1.63754	-2.1718	1.87911	2.30363	-1.65984	-0.957792	-0.111388	0.718288	0.330928	-0.00693344	-0.933738	0.00906908	-0.357775	1.94039	-2.86034	2.0588	-0.674369	0.218201	1.19997	-0.447274	2.5233	-4.16306	9.19247	0.875834	-0.959657	-0.646857	
1486251081954	-2.24393	1.63754	-2.1718	1.87911	2.30363	-1.65984	-0.957792	-0.111388	0.718288	0.330928	-0.00693344	-0.933738	0.00906908	-0.357775	1.97564	-2.86541	2.06713	-0.665868	0.213305	1.20276	-0.446327	2.52326	-4.23018	9.20566	0.880138	-0.95628	-0.648683	
1486251081964	-2.24393	1.63754	-2.17179	1.87911	2.30363	-1.65984	-0.957792	-0.111387	0.718287	0.330927	-0.00693375	-0.933738	0.00906921	-0.357774	1.96264	-2.86346	2.06494	-0.666664	0.214008	1.20358	-0.446569	2.52859	-4.20283	9.20042	0.879884	-0.95834	-0.647275	
1486251081984	-2.24392	1.63754	-2.17179	1.87911	2.30363	-1.65984	-0.957792	-0.111387	0.718287	0.330927	-0.00693375	-0.933738	0.00906921	-0.357774	1.98221	-2.85335	2.06505	-0.660837	0.213883	1.20552	-0.446717	2.51264	-4.24725	9.19239	0.878432	-0.95802	-0.647637	
1486251082004	-2.24392	1.63754	-2.17179	1.87911	2.30363	-1.65984	-0.957792	-0.111385	0.718286	0.330927	-0.00693588	-0.933738	0.00906984	-0.357774	1.95603	-2.85613	2.06297	-0.669977	0.213021	1.20329	-0.447533	2.51427	-4.19509	9.19184	0.877524	-0.956939	-0.64617	
1486251082024	-2.24392	1.63754	-2.17179	1.87911	2.30363	-1.65984	-0.957792	-0.111385	0.718286	0.330927	-0.00693588	-0.933738	0.00906984	-0.357774	1.97116	-2.86012	2.06836	-0.667948	0.211943	1.20176	-0.447645	2.5162	-4.22847	9.19979	0.877163	-0.95466	-0.648055	
1486251082044	-2.24392	1.63754	-2.17178	1.87911	2.30363	-1.65984	-0.957792	-0.111384	0.718285	0.330927	-0.0069377	-0.933739	0.00907037	-0.357774	1.9611	-2.85937	2.06649	-0.674421	0.211694	1.20078	-0.447548	2.50503	-4.20979	9.20129	0.87644	-0.953375	-0.647019	
1486251082054	-2.24392	1.63754	-2.17178	1.87911	2.30363	-1.65984	-0.957792	-0.111382	0.718285	0.330927	-0.00693912	-0.933739	0.00907128	-0.357773	1.9611	-2.85937	2.06649	-0.674421	0.211694	1.20078	-0.447548	2.50503	-4.20979	9.20129	0.87644	-0.953375	-0.647019	
1486251082084	-2.24392	1.63754	-2.17178	1.87911	2.30363	-1.65984	-0.957792	-0.111382	0.718285	0.330927	-0.00693912	-0.933739	0.00907128	-0.357773	1.95045	-2.85873	2.06224	-0.684059	0.213725	1.19883	-0.44648	2.48486	-4.19004	9.20626	0.875267	-0.952402	-0.646018	
1486251082094	-2.24392	1.63754	-2.17178	1.87911	2.30363	-1.65984	-0.957792	-0.111381	0.718284	0.330925	-0.00694065	-0.933739	0.00907222	-0.357772	1.95045	-2.85873	2.06224	-0.684059	0.213725	1.19883	-0.44648	2.48486	-4.19004	9.20626	0.875267	-0.952402	-0.646018	
1486251082104	-2.24392	1.63754	-2.17178	1.8791	2.30363	-1.65984	-0.957792	-0.11138	0.718283	0.330925	-0.00694245	-0.933739	0.00907379	-0.357772	1.9525	-2.84677	2.0568	-0.675745	0.215247	1.19741	-0.446516	2.48597	-4.19605	9.17559	0.871878	-0.953126	-0.645506	
1486251082134	-2.24392	1.63754	-2.17177	1.8791	2.30363	-1.65984	-0.957792	-0.111378	0.718282	0.330924	-0.00694454	-0.93374	0.00907333	-0.35777	1.96694	-2.87709	2.0633	-0.67143	0.209342	1.20895	-0.448363	2.52654	-4.19928	9.22186	0.889382	-0.956838	-0.650334	
1486251082491	-2.24412	1.63754	-2.1717	1.87906	2.30406	-1.6599	-0.957792	-0.111439	0.71831	0.33081	-0.00684684	-0.933836	0.00897613	-0.357524	2.81156	-2.94263	2.15077	-0.583641	0.10016	1.99827	-0.482367	1.90024	-5.37989	10.8707	1.42377	-1.28918	-0.632407	
1486251082601	-2.24458	1.63757	-2.1717	1.87904	2.30423	-1.65998	-0.957792	-0.111567	0.718336	0.33066	-0.00674199	-0.93392	0.00897646	-0.357307	3.06154	-3.16696	2.37752	-0.674213	-0.00718775	2.1615	-0.481288	1.80113	-5.80095	11.7593	1.57099	-1.29075	-0.621805	
1486251082842	-2.2456	1.63772	-2.17225	1.87904	2.30456	-1.66053	-0.957793	-0.112078	0.718514	0.330315	-0.0063138	-0.934173	0.0089646	-0.356651	3.53875	-3.65855	2.90586	-0.910351	-0.19803	2.43991	-0.408937	1.53901	-6.59869	13.7378	1.83779	-1.27994	-0.546159	
1486251082939	-2.24565	1.63778	-2.17238	1.87904	2.30461	-1.66053	-0.957793	-0.112166	0.718584	0.330323	-0.00621549	-0.934186	0.00888889	-0.356622	3.63686	-3.75867	2.99294	-0.995587	-0.23972	2.49943	-0.381837	1.3505	-6.73943	14.1821	1.90393	-1.2659	-0.52264	
1486251082972	-2.24565	1.63778	-2.17239	1.87904	2.30463	-1.66053	-0.957793	-0.112181	0.718596	0.330322	-0.00619294	-0.934191	0.0088706	-0.35661	3.6364	-3.77588	3.0149	-1.00933	-0.251436	2.50619	-0.374205	1.33491	-6.7276	14.2501	1.91294	-1.26039	-0.512643	
1486251085679	-2.24722	1.63889	-2.1738	1.87917	2.30539	-1.6618	-0.9578	-0.113278	0.719209	0.330165	-0.00539077	-0.934647	0.00829945	-0.355439	4.25639	-4.4415	3.71424	-1.27863	-0.66509	2.56914	-0.41113	1.28673	-8.05728	15.9218	2.10344	-0.949227	-0.550559	
1486251085689	-2.24722	1.63889	-2.1738	1.87917	2.30539	-1.6618	-0.9578	-0.113278	0.719209	0.330166	-0.00539031	-0.934647	0.0082996	-0.35544	4.25639	-4.4415	3.71424	-1.27863	-0.66509	2.56914	-0.41113	1.28673	-8.05728	15.9218	2.10344	-0.949227	-0.550559	
1486251086507	-2.24722	1.63889	-2.1738	1.87917	2.30539	-1.6618	-0.9578	-0.113278	0.71921	0.330165	-0.00538965	-0.934647	0.0082993	-0.355439	4.27296	-4.42456	3.70331	-1.26197	-0.666326	2.55245	-0.41173	1.28962	-8.09862	15.8378	2.09241	-0.937599	-0.554326	
1486251087231	-2.24722	1.63889	-2.1738	1.87917	2.30539	-1.6618	-0.957802	-0.113278	0.71921	0.330164	-0.00538833	-0.934647	0.00830067	-0.355439	4.25991	-4.40735	3.68589	-1.25812	-0.66621	2.54436	-0.410287	1.27393	-8.06988	15.7752	2.08726	-0.932067	-0.55249	
1486251087282	-2.24722	1.63889	-2.1738	1.87917	2.30539	-1.6618	-0.957804	-0.113278	0.71921	0.330165	-0.00538768	-0.934647	0.00830036	-0.355439	4.2593	-4.42241	3.6904	-1.25635	-0.668234	2.54251	-0.410541	1.30317	-8.06135	15.7851	2.09055	-0.930914	-0.554572	
1486251087389	-2.24722	1.63889	-2.1738	1.87917	2.30539	-1.6618	-0.957804	-0.113278	0.71921	0.330165	-0.00538748	-0.934647	0.00829985	-0.35544	4.25436	-4.42056	3.68585	-1.25283	-0.668816	2.54109	-0.4094	1.30914	-8.04537	15.7677	2.09103	-0.930142	-0.553506	
1486251088121	-2.24722	1.63889	-2.1738	1.87917	2.30539	-1.6618	-0.957804	-0.113278	0.71921	0.330164	-0.00538735	-0.934647	0.00830046	-0.35544	4.25224	-4.40677	3.67557	-1.2456	-0.667399	2.5334	-0.408721	1.30543	-8.04352	15.7177	2.08482	-0.926456	-0.553319	
1486251088355	-2.24722	1.63889	-2.1738	1.87917	2.30539	-1.6618	-0.957805	-0.113278	0.71921	0.330164	-0.00538657	-0.934647	0.00830076	-0.35544	4.25683	-4.40852	3.67469	-1.24359	-0.664949	2.53095	-0.408913	1.31144	-8.0539	15.7148	2.08351	-0.926835	-0.555314	
1486251088409	-2.24722	1.63889	-2.1738	1.87917	2.30539	-1.6618	-0.957805	-0.113278	0.71921	0.330164	-0.00538625	-0.934647	0.00830116	-0.355439	4.26007	-4.40548	3.67866	-1.24384	-0.668899	2.52935	-0.408644	1.30412	-8.06456	15.7107	2.08182	-0.922544	-0.553915	
