time	joint_joint0	joint_joint1	joint_joint2	joint_joint3	joint_joint4	joint_joint5	joint_joint6	cart_pos_x	cart_pos_y	cart_pos_z	cart_quat_x	cart_quat_y	cart_quat_z	cart_quat_w	force_joint_joint0	force_joint_joint1	force_joint_joint2	force_joint_joint3	force_joint_joint4	force_joint_joint5	force_joint_joint6	cart_force_x	cart_force_y	cart_force_z	cart_trq_x	cart_trq_y	cart_trq_z	
1486257628645	-2.24969	1.63696	-2.17339	1.88464	2.30003	-1.65966	-0.95793	-0.113552	0.717326	0.330739	-0.00696253	-0.933578	0.00908019	-0.358192	1.62732	-2.47404	1.6786	-0.651324	0.311173	1.11144	-0.476646	2.15768	-3.58245	8.17064	0.763217	-0.963402	-0.65499	
1486257628695	-2.24967	1.63695	-2.17337	1.88463	2.30003	-1.65963	-0.95793	-0.113524	0.71732	0.330736	-0.00697493	-0.933571	0.00909146	-0.358208	1.6648	-2.51678	1.69685	-0.627584	0.294972	1.09754	-0.478839	2.25736	-3.63828	8.1587	0.770895	-0.946596	-0.665795	
1486257628895	-2.24966	1.63694	-2.17335	1.88462	2.30003	-1.65963	-0.95793	-0.113515	0.717318	0.330732	-0.00697357	-0.933568	0.00909706	-0.358217	1.6264	-2.50545	1.65474	-0.604907	0.296131	1.09736	-0.481621	2.30607	-3.52308	8.04423	0.77854	-0.951202	-0.668168	
1486257630635	-2.25118	1.63729	-2.17365	1.885	2.30049	-1.66094	-0.957933	-0.1142	0.717396	0.330331	-0.00670397	-0.934007	0.0090995	-0.357075	3.25691	-3.62503	3.03341	-1.31771	0.0249407	2.689	-0.254955	0.653075	-6.02283	15.328	1.88762	-1.56334	-0.353121	
1486257630646	-2.25118	1.63729	-2.17365	1.885	2.30049	-1.66094	-0.957933	-0.1142	0.717396	0.330331	-0.00670397	-0.934007	0.0090995	-0.357075	3.25691	-3.62503	3.03341	-1.31771	0.0249407	2.689	-0.254955	0.653075	-6.02283	15.328	1.88762	-1.56334	-0.353121	
1486257631695	-2.25212	1.63767	-2.17501	1.88533	2.3006	-1.66222	-0.957935	-0.114985	0.717726	0.330296	-0.00616553	-0.934241	0.00897563	-0.356476	3.70938	-3.80451	3.09615	-1.63375	-0.0157664	3.14211	-0.257875	-0.4556	-6.71283	17.0086	2.22247	-1.70472	-0.352386	
1486257632445	-2.25374	1.63842	-2.17523	1.88591	2.30082	-1.66306	-0.957938	-0.115689	0.717838	0.330077	-0.00600085	-0.934605	0.00870623	-0.35553	4.52645	-4.18507	3.68762	-1.90634	-0.124962	3.7233	-0.168882	-1.27003	-8.19458	19.8399	2.60277	-1.90092	-0.239927	
1486257632625	-2.25413	1.63852	-2.1753	1.8859	2.30111	-1.66308	-0.95794	-0.115852	0.717912	0.329953	-0.00584604	-0.934703	0.00859366	-0.355278	4.7073	-4.23638	3.83189	-1.81353	-0.22475	3.74367	-0.103165	-1.15499	-8.43816	19.9436	2.65278	-1.845	-0.173121	
1486257632695	-2.25428	1.63852	-2.17534	1.88589	2.30122	-1.66308	-0.95794	-0.115903	0.717935	0.32991	-0.00578534	-0.93473	0.00856083	-0.355208	4.76206	-4.21819	3.85574	-1.70355	-0.278516	3.69786	-0.0747517	-0.975908	-8.48705	19.6676	2.64527	-1.78963	-0.147333	
1486257633046	-2.25423	1.63852	-2.17534	1.88588	2.30123	-1.66307	-0.957944	-0.115916	0.717945	0.329897	-0.00576068	-0.934739	0.00854589	-0.355186	4.79789	-4.00288	3.63161	-1.48557	-0.293805	3.42306	-0.0684099	-0.840007	-8.59537	18.3119	2.49256	-1.61362	-0.185484	
1486257633645	-2.25422	1.63852	-2.17534	1.88588	2.30123	-1.66307	-0.957945	-0.115913	0.717946	0.329897	-0.00575949	-0.934738	0.00854717	-0.355187	4.78915	-3.95161	3.565	-1.43286	-0.281621	3.37245	-0.0789676	-0.777995	-8.59138	18.0057	2.45946	-1.59524	-0.204982	
1486257633845	-2.25422	1.63852	-2.17533	1.88587	2.30123	-1.66307	-0.957947	-0.115912	0.717947	0.329896	-0.00575729	-0.934739	0.0085474	-0.355187	4.78883	-3.95091	3.55906	-1.42158	-0.292714	3.36494	-0.0796721	-0.7586	-8.57973	17.9501	2.4607	-1.58327	-0.205695	
1486257634145	-2.25422	1.63852	-2.17533	1.88586	2.30124	-1.66307	-0.957947	-0.115911	0.71795	0.329891	-0.00575363	-0.93474	0.00855246	-0.355183	4.80522	-3.93353	3.54883	-1.40804	-0.28181	3.35551	-0.0815211	-0.75551	-8.62834	17.9006	2.44886	-1.58556	-0.211167	
1486257634329	-2.25422	1.63852	-2.17533	1.88585	2.30124	-1.66307	-0.957949	-0.115911	0.717951	0.32989	-0.00575089	-0.934741	0.00855409	-0.355181	4.79358	-3.95642	3.54738	-1.42141	-0.284999	3.34538	-0.0826508	-0.748429	-8.59982	17.9113	2.4509	-1.57616	-0.216125	
1486257635135	-2.25422	1.63852	-2.17533	1.88584	2.30124	-1.66307	-0.95795	-0.115909	0.717954	0.329886	-0.00574696	-0.934742	0.0085576	-0.355179	4.78126	-3.93409	3.5218	-1.40238	-0.282486	3.33143	-0.085391	-0.728817	-8.57431	17.7989	2.44142	-1.57123	-0.219639	
1486257635595	-2.25422	1.63852	-2.17533	1.88583	2.30124	-1.66307	-0.957952	-0.115909	0.717956	0.329884	-0.00574365	-0.934742	0.00856013	-0.355177	4.77497	-3.92001	3.5156	-1.40125	-0.285136	3.32186	-0.0856026	-0.743747	-8.57068	17.7524	2.43344	-1.56281	-0.218626	
1486257636345	-2.25422	1.63852	-2.17533	1.88581	2.30124	-1.66307	-0.957954	-0.115908	0.71796	0.329878	-0.00573765	-0.934744	0.00856604	-0.355172	4.79173	-3.90633	3.51102	-1.38544	-0.289263	3.31467	-0.0859735	-0.739299	-8.60732	17.6956	2.42834	-1.55532	-0.219757	
1486257636895	-2.25421	1.63852	-2.17533	1.8858	2.30125	-1.66307	-0.957955	-0.115907	0.717961	0.329877	-0.00573574	-0.934744	0.00856707	-0.355171	4.7503	-3.8787	3.49884	-1.39436	-0.2874	3.30505	-0.0860287	-0.77087	-8.5415	17.6395	2.41442	-1.55115	-0.213566	
