time	joint_joint0	joint_joint1	joint_joint2	joint_joint3	joint_joint4	joint_joint5	joint_joint6	cart_pos_x	cart_pos_y	cart_pos_z	cart_quat_x	cart_quat_y	cart_quat_z	cart_quat_w	force_joint_joint0	force_joint_joint1	force_joint_joint2	force_joint_joint3	force_joint_joint4	force_joint_joint5	force_joint_joint6	cart_force_x	cart_force_y	cart_force_z	cart_trq_x	cart_trq_y	cart_trq_z	
1486256029711	-2.11236	1.63578	-2.13765	1.75952	2.37988	-1.65875	-0.957792	-0.059634	0.732909	0.336984	-0.00690383	-0.935148	0.0133226	-0.353938	0.295104	-0.829323	0.460732	0.731583	0.254649	0.16014	-0.327303	3.82206	-0.430688	0.431037	0.0794611	-0.538339	-0.401546	
1486256029741	-2.11236	1.63558	-2.13762	1.7597	2.38003	-1.65862	-0.957793	-0.0596307	0.732903	0.33698	-0.00690303	-0.935146	0.0133283	-0.353943	0.273421	-0.877651	0.470401	0.739214	0.278801	0.163707	-0.327063	3.95182	-0.372536	0.496773	0.0858824	-0.566076	-0.409845	
1486256029751	-2.11236	1.63558	-2.13762	1.7597	2.38003	-1.65862	-0.957793	-0.0596307	0.732903	0.33698	-0.00690303	-0.935146	0.0133283	-0.353943	0.273421	-0.877651	0.470401	0.739214	0.278801	0.163707	-0.327063	3.95182	-0.372536	0.496773	0.0858824	-0.566076	-0.409845	
1486256029771	-2.11236	1.6353	-2.1376	1.75998	2.38042	-1.65838	-0.957793	-0.0595678	0.732746	0.336991	-0.00687482	-0.935088	0.0131076	-0.354107	0.308696	-0.857733	0.464904	0.768207	0.307973	0.180421	-0.326375	3.98234	-0.439265	0.499262	0.0841822	-0.599903	-0.413691	
1486256029781	-2.11236	1.63495	-2.13753	1.76028	2.38057	-1.65824	-0.957792	-0.0595678	0.732746	0.336991	-0.00687482	-0.935088	0.0131076	-0.354107	0.368417	-0.945908	0.504696	0.785141	0.309211	0.202887	-0.32769	4.12461	-0.52286	0.647705	0.113976	-0.618748	-0.427377	
1486256029791	-2.11236	1.63495	-2.13753	1.76028	2.38057	-1.65824	-0.957792	-0.0595678	0.732746	0.336991	-0.00687482	-0.935088	0.0131076	-0.354107	0.368417	-0.945908	0.504696	0.785141	0.309211	0.202887	-0.32769	4.12461	-0.52286	0.647705	0.113976	-0.618748	-0.427377	
1486256029851	-2.11237	1.63435	-2.1374	1.76065	2.38069	-1.65822	-0.957793	-0.0594317	0.732402	0.336946	-0.00699371	-0.935003	0.0131586	-0.354327	0.505788	-1.28317	0.704035	0.837659	0.238446	0.202785	-0.335401	4.73457	-0.701382	1.01175	0.181949	-0.594127	-0.462053	
1486256029871	-2.11237	1.63428	-2.13736	1.76067	2.38069	-1.6582	-0.957792	-0.0593813	0.732319	0.336895	-0.00702833	-0.934992	0.0132391	-0.354352	0.486316	-1.33269	0.734554	0.822928	0.230726	0.18566	-0.336756	4.80745	-0.674669	1.06228	0.17795	-0.582399	-0.465656	
1486256029881	-2.11237	1.63426	-2.13733	1.76067	2.38069	-1.65816	-0.957793	-0.0593813	0.732319	0.336895	-0.00702833	-0.934992	0.0132391	-0.354352	0.505303	-1.37398	0.765453	0.838044	0.216684	0.176704	-0.337797	4.90898	-0.701153	1.07625	0.180844	-0.572209	-0.469431	
1486256029891	-2.11237	1.63426	-2.13733	1.76067	2.38069	-1.65816	-0.957793	-0.0593813	0.732319	0.336895	-0.00702833	-0.934992	0.0132391	-0.354352	0.505303	-1.37398	0.765453	0.838044	0.216684	0.176704	-0.337797	4.90898	-0.701153	1.07625	0.180844	-0.572209	-0.469431	
1486256029911	-2.11237	1.63425	-2.13733	1.76067	2.38069	-1.65813	-0.957792	-0.0593652	0.732306	0.336888	-0.00703237	-0.934983	0.0132388	-0.354377	0.491268	-1.41633	0.781343	0.831009	0.209406	0.169541	-0.338629	4.97196	-0.666118	1.114	0.186181	-0.565581	-0.47306	
1486256029931	-2.11237	1.63425	-2.13733	1.76067	2.38069	-1.65812	-0.957792	-0.0593652	0.732306	0.336888	-0.00703237	-0.934983	0.0132388	-0.354377	0.525255	-1.44109	0.798285	0.837557	0.202589	0.169969	-0.339268	5.0043	-0.727892	1.14415	0.191617	-0.560742	-0.477625	
1486256029951	-2.11237	1.63425	-2.13733	1.76067	2.38069	-1.65812	-0.957793	-0.0593648	0.732307	0.336891	-0.00703237	-0.934981	0.0132315	-0.354382	0.527427	-1.45243	0.799275	0.835328	0.202476	0.168053	-0.339515	5.01398	-0.729837	1.15485	0.193506	-0.559117	-0.480208	
1486256029961	-2.11237	1.63425	-2.13732	1.76067	2.38069	-1.65812	-0.957793	-0.0593648	0.732307	0.336891	-0.00703237	-0.934981	0.0132315	-0.354382	0.544743	-1.46914	0.814468	0.841129	0.196777	0.169079	-0.339998	5.04624	-0.760627	1.17575	0.196816	-0.556994	-0.48172	
1486256029971	-2.11237	1.63425	-2.13732	1.76067	2.38069	-1.65812	-0.957793	-0.0593648	0.732307	0.336891	-0.00703237	-0.934981	0.0132315	-0.354382	0.544743	-1.46914	0.814468	0.841129	0.196777	0.169079	-0.339998	5.04624	-0.760627	1.17575	0.196816	-0.556994	-0.48172	
1486256029991	-2.11237	1.63425	-2.13732	1.76067	2.38069	-1.65812	-0.957793	-0.0593646	0.732307	0.336891	-0.00703303	-0.934981	0.0132312	-0.354382	0.533391	-1.46401	0.812008	0.841113	0.196266	0.170003	-0.339713	5.04561	-0.73656	1.16728	0.19674	-0.558067	-0.479458	
1486256030061	-2.11237	1.63425	-2.13732	1.76068	2.38069	-1.65813	-0.957793	-0.0593638	0.732304	0.336892	-0.00703706	-0.934982	0.0132322	-0.354379	0.557129	-1.48357	0.828364	0.840483	0.186389	0.165703	-0.339552	5.05811	-0.78469	1.18956	0.198474	-0.547371	-0.481484	
1486256030091	-2.11237	1.63425	-2.13732	1.76068	2.38069	-1.65813	-0.957793	-0.0593631	0.732303	0.336892	-0.00703808	-0.934982	0.0132324	-0.354379	0.523226	-1.48674	0.823513	0.829727	0.18764	0.161477	-0.340401	5.06215	-0.720586	1.18826	0.19673	-0.547086	-0.48061	
1486256030101	-2.11237	1.63425	-2.13731	1.76068	2.38069	-1.65813	-0.957793	-0.0593631	0.732303	0.336892	-0.00703808	-0.934982	0.0132324	-0.354379	0.515689	-1.49486	0.820079	0.823011	0.18815	0.158194	-0.340871	5.06126	-0.70543	1.19419	0.197535	-0.544658	-0.482784	
1486256030111	-2.11237	1.63425	-2.13731	1.76068	2.38069	-1.65813	-0.957793	-0.0593631	0.732303	0.336892	-0.00703808	-0.934982	0.0132324	-0.354379	0.515689	-1.49486	0.820079	0.823011	0.18815	0.158194	-0.340871	5.06126	-0.70543	1.19419	0.197535	-0.544658	-0.482784	
1486256030121	-2.11237	1.63425	-2.13731	1.76068	2.38069	-1.65813	-0.957793	-0.0593625	0.732302	0.336892	-0.00703993	-0.934982	0.0132318	-0.354379	0.54113	-1.50663	0.829117	0.834567	0.183168	0.159787	-0.340774	5.09003	-0.746004	1.19911	0.202	-0.54259	-0.48497	
1486256030131	-2.11237	1.63425	-2.13731	1.76068	2.38069	-1.65813	-0.957793	-0.0593625	0.732302	0.336892	-0.00703993	-0.934982	0.0132318	-0.354379	0.54113	-1.50663	0.829117	0.834567	0.183168	0.159787	-0.340774	5.09003	-0.746004	1.19911	0.202	-0.54259	-0.48497	
1486256030141	-2.11237	1.63425	-2.13731	1.76068	2.38069	-1.65813	-0.957793	-0.0593622	0.732302	0.336892	-0.00704044	-0.934982	0.0132319	-0.354378	0.536072	-1.49094	0.824953	0.837017	0.18421	0.159342	-0.339818	5.07557	-0.738816	1.17697	0.198142	-0.543259	-0.481765	
1486256030151	-2.11237	1.63425	-2.13731	1.76068	2.38069	-1.65813	-0.957793	-0.0593619	0.732302	0.336892	-0.00704095	-0.934982	0.013232	-0.354378	0.536072	-1.49094	0.824953	0.837017	0.18421	0.159342	-0.339818	5.07557	-0.738816	1.17697	0.198142	-0.543259	-0.481765	
1486256030161	-2.11237	1.63425	-2.13731	1.76068	2.38069	-1.65813	-0.957793	-0.0593619	0.732302	0.336892	-0.00704095	-0.934982	0.013232	-0.354378	0.566446	-1.49625	0.833094	0.843209	0.181129	0.160356	-0.340487	5.07861	-0.799466	1.18621	0.199331	-0.540414	-0.4846	
1486256030191	-2.11237	1.63425	-2.13731	1.76068	2.38069	-1.65813	-0.957793	-0.0593612	0.732301	0.336892	-0.00704236	-0.934982	0.0132319	-0.354378	0.557376	-1.50119	0.832623	0.838583	0.181473	0.158572	-0.341501	5.08264	-0.783403	1.19128	0.199135	-0.53986	-0.485718	
1486256030211	-2.11237	1.63425	-2.13731	1.76068	2.38069	-1.65813	-0.957793	-0.0593612	0.732301	0.336892	-0.00704236	-0.934982	0.0132319	-0.354378	0.53457	-1.50304	0.831191	0.824335	0.186018	0.156697	-0.341742	5.06923	-0.748868	1.21005	0.196281	-0.541914	-0.485033	
1486256030231	-2.11237	1.63425	-2.1373	1.76068	2.38069	-1.65813	-0.957793	-0.05936	0.732299	0.336892	-0.00704468	-0.934982	0.013232	-0.354377	0.543252	-1.49661	0.83011	0.832765	0.186692	0.156321	-0.34183	5.07577	-0.76402	1.19169	0.194705	-0.542656	-0.485319	
1486256030241	-2.11237	1.63425	-2.1373	1.76068	2.38069	-1.65813	-0.957793	-0.05936	0.732299	0.336892	-0.00704468	-0.934982	0.013232	-0.354377	0.567152	-1.49871	0.837545	0.837924	0.183848	0.157973	-0.341633	5.07521	-0.811868	1.19961	0.195564	-0.540709	-0.486184	
1486256030251	-2.11237	1.63425	-2.1373	1.76068	2.38069	-1.65813	-0.957793	-0.05936	0.732299	0.336892	-0.00704468	-0.934982	0.013232	-0.354377	0.567152	-1.49871	0.837545	0.837924	0.183848	0.157973	-0.341633	5.07521	-0.811868	1.19961	0.195564	-0.540709	-0.486184	
1486256030261	-2.11237	1.63425	-2.1373	1.76069	2.38069	-1.65813	-0.957793	-0.0593596	0.732298	0.336892	-0.00704571	-0.934982	0.0132317	-0.354377	0.542238	-1.49438	0.832582	0.826731	0.187296	0.155593	-0.341405	5.05927	-0.770184	1.20184	0.192271	-0.541806	-0.484241	
1486256030271	-2.11237	1.63425	-2.1373	1.76069	2.38069	-1.65813	-0.957793	-0.0593596	0.732298	0.336892	-0.00704571	-0.934982	0.0132317	-0.354377	0.542238	-1.49438	0.832582	0.826731	0.187296	0.155593	-0.341405	5.05927	-0.770184	1.20184	0.192271	-0.541806	-0.484241	
1486256030281	-2.11237	1.63425	-2.1373	1.76069	2.38069	-1.65813	-0.957793	-0.0593594	0.732298	0.336893	-0.00704686	-0.934982	0.0132309	-0.354378	0.530358	-1.48373	0.829204	0.82217	0.190706	0.154074	-0.341466	5.04279	-0.755367	1.19442	0.187469	-0.543354	-0.482484	
1486256030291	-2.11237	1.63425	-2.1373	1.76069	2.38069	-1.65813	-0.957793	-0.0593586	0.732296	0.336893	-0.00704822	-0.934982	0.0132314	-0.354377	0.530358	-1.48373	0.829204	0.82217	0.190706	0.154074	-0.341466	5.04279	-0.755367	1.19442	0.187469	-0.543354	-0.482484	
1486256030301	-2.11237	1.63425	-2.1373	1.76069	2.38069	-1.65813	-0.957793	-0.0593586	0.732296	0.336893	-0.00704822	-0.934982	0.0132314	-0.354377	0.56936	-1.49486	0.838739	0.833033	0.186647	0.155346	-0.341179	5.05821	-0.826255	1.20459	0.19118	-0.540029	-0.486079	
1486256030311	-2.11237	1.63425	-2.1373	1.76069	2.38069	-1.65813	-0.957793	-0.0593586	0.732296	0.336893	-0.00704822	-0.934982	0.0132314	-0.354377	0.56936	-1.49486	0.838739	0.833033	0.186647	0.155346	-0.341179	5.05821	-0.826255	1.20459	0.19118	-0.540029	-0.486079	
1486256030331	-2.11237	1.63425	-2.1373	1.7607	2.38069	-1.65813	-0.957793	-0.059358	0.732294	0.336895	-0.00705152	-0.934982	0.0132292	-0.354379	0.53976	-1.49682	0.834207	0.824478	0.190052	0.153244	-0.340942	5.06233	-0.76921	1.20738	0.190047	-0.54258	-0.484595	
1486256030341	-2.11237	1.63425	-2.13729	1.7607	2.38069	-1.65813	-0.957793	-0.059358	0.732294	0.336895	-0.00705152	-0.934982	0.0132292	-0.354379	0.548949	-1.5008	0.838764	0.82397	0.189031	0.154823	-0.341047	5.06098	-0.788873	1.22091	0.191194	-0.542273	-0.485225	
1486256030351	-2.11237	1.63425	-2.13729	1.7607	2.38069	-1.65813	-0.957793	-0.059358	0.732294	0.336895	-0.00705152	-0.934982	0.0132292	-0.354379	0.548949	-1.5008	0.838764	0.82397	0.189031	0.154823	-0.341047	5.06098	-0.788873	1.22091	0.191194	-0.542273	-0.485225	
1486256030371	-2.11237	1.63425	-2.13729	1.7607	2.38069	-1.65813	-0.957793	-0.059357	0.732293	0.336895	-0.00705354	-0.934982	0.0132292	-0.354378	0.557421	-1.50936	0.842966	0.825402	0.187518	0.155994	-0.34144	5.0718	-0.802868	1.2329	0.193843	-0.541894	-0.486867	
1486256030381	-2.11237	1.63425	-2.13729	1.7607	2.38069	-1.65813	-0.957793	-0.059357	0.732293	0.336895	-0.00705354	-0.934982	0.0132292	-0.354378	0.552671	-1.50006	0.83727	0.823337	0.188365	0.153428	-0.341565	5.05471	-0.797443	1.21688	0.190635	-0.54012	-0.486298	
1486256030391	-2.11237	1.63425	-2.13729	1.7607	2.38069	-1.65813	-0.957793	-0.059357	0.732293	0.336895	-0.00705354	-0.934982	0.0132292	-0.354378	0.552671	-1.50006	0.83727	0.823337	0.188365	0.153428	-0.341565	5.05471	-0.797443	1.21688	0.190635	-0.54012	-0.486298	
1486256030441	-2.11237	1.63425	-2.13728	1.7607	2.38069	-1.65813	-0.957792	-0.0593552	0.73229	0.336896	-0.00705807	-0.934982	0.0132282	-0.354378	0.556843	-1.49662	0.836103	0.823708	0.186208	0.154953	-0.340484	5.04272	-0.803336	1.21464	0.19201	-0.538569	-0.484819	
1486256030481	-2.11237	1.63425	-2.13728	1.76071	2.38069	-1.65813	-0.957793	-0.0593543	0.732288	0.336896	-0.0070604	-0.934982	0.0132277	-0.354378	0.567766	-1.50121	0.839835	0.825471	0.181624	0.156123	-0.341069	5.04444	-0.822407	1.21943	0.194594	-0.535426	-0.485694	
1486256030511	-2.11237	1.63425	-2.13727	1.76071	2.38069	-1.65813	-0.957793	-0.059353	0.732287	0.336896	-0.00706273	-0.934982	0.0132278	-0.354377	0.561092	-1.50414	0.838291	0.824258	0.181984	0.155444	-0.340856	5.04992	-0.806789	1.21962	0.195396	-0.535655	-0.485717	
1486256030521	-2.11237	1.63425	-2.13727	1.76071	2.38069	-1.65813	-0.957793	-0.059353	0.732287	0.336896	-0.00706273	-0.934982	0.0132278	-0.354377	0.563466	-1.49359	0.835447	0.827766	0.182443	0.154853	-0.341063	5.04142	-0.813667	1.20171	0.192634	-0.535507	-0.484941	
1486256030541	-2.11237	1.63425	-2.13727	1.76071	2.38069	-1.65813	-0.957793	-0.0593523	0.732286	0.336897	-0.0070643	-0.934983	0.0132276	-0.354377	0.552528	-1.49649	0.839192	0.824693	0.183316	0.154073	-0.340425	5.04946	-0.794671	1.21026	0.191435	-0.536948	-0.483307	
1486256030551	-2.11237	1.63425	-2.13727	1.76071	2.38069	-1.65813	-0.957793	-0.0593523	0.732286	0.336897	-0.0070643	-0.934983	0.0132276	-0.354377	0.552528	-1.49649	0.839192	0.824693	0.183316	0.154073	-0.340425	5.04946	-0.794671	1.21026	0.191435	-0.536948	-0.483307	
1486256030561	-2.11237	1.63425	-2.13727	1.76071	2.3807	-1.65813	-0.957793	-0.0593517	0.732285	0.336897	-0.00706508	-0.934982	0.0132276	-0.354377	0.560653	-1.50067	0.841873	0.822658	0.180704	0.154192	-0.340386	5.0429	-0.811302	1.21963	0.192812	-0.534008	-0.483975	
1486256030581	-2.11237	1.63425	-2.13727	1.76071	2.3807	-1.65813	-0.957793	-0.0593515	0.732285	0.336897	-0.0070659	-0.934983	0.0132268	-0.354376	0.541486	-1.50593	0.843377	0.819645	0.182584	0.152419	-0.340549	5.06185	-0.77407	1.22398	0.191806	-0.536456	-0.483225	
1486256030621	-2.11237	1.63425	-2.13726	1.76071	2.38069	-1.65813	-0.957793	-0.0593506	0.732283	0.336897	-0.00706771	-0.934983	0.0132268	-0.354375	0.506486	-1.50613	0.838636	0.805878	0.187597	0.150262	-0.340974	5.05593	-0.712548	1.23358	0.18904	-0.53981	-0.481715	
1486256030631	-2.11237	1.63425	-2.13726	1.76071	2.38069	-1.65813	-0.957793	-0.0593506	0.732283	0.336897	-0.00706771	-0.934983	0.0132268	-0.354375	0.506486	-1.50613	0.838636	0.805878	0.187597	0.150262	-0.340974	5.05593	-0.712548	1.23358	0.18904	-0.53981	-0.481715	
1486256030654	-2.11237	1.63425	-2.13726	1.76071	2.38069	-1.65813	-0.957792	-0.0593491	0.732282	0.336897	-0.00707118	-0.934983	0.013227	-0.354376	0.506664	-1.50955	0.842663	0.806552	0.18861	0.149619	-0.341407	5.06716	-0.715241	1.23927	0.18797	-0.54104	-0.482299	
1486256030681	-2.11237	1.63425	-2.13726	1.76071	2.38069	-1.65813	-0.957793	-0.0593485	0.732281	0.336897	-0.0070714	-0.934983	0.0132276	-0.354375	0.545068	-1.4957	0.843586	0.820462	0.186749	0.152462	-0.340303	5.04973	-0.789354	1.2201	0.18726	-0.539295	-0.482336	
1486256030691	-2.11237	1.63425	-2.13726	1.76071	2.38069	-1.65813	-0.957793	-0.0593485	0.732281	0.336897	-0.0070714	-0.934983	0.0132276	-0.354375	0.545068	-1.4957	0.843586	0.820462	0.186749	0.152462	-0.340303	5.04973	-0.789354	1.2201	0.18726	-0.539295	-0.482336	
1486256030701	-2.11237	1.63425	-2.13725	1.76071	2.38069	-1.65813	-0.957792	-0.0593478	0.73228	0.336897	-0.00707252	-0.934983	0.0132278	-0.354374	0.563855	-1.49494	0.846348	0.824479	0.184641	0.153837	-0.340349	5.04372	-0.826202	1.22117	0.188119	-0.537422	-0.483301	
1486256030721	-2.11237	1.63425	-2.13725	1.76071	2.3807	-1.65813	-0.957793	-0.0593472	0.73228	0.336897	-0.00707464	-0.934983	0.0132274	-0.354374	0.545392	-1.4975	0.845423	0.820773	0.185059	0.152627	-0.340667	5.05341	-0.789537	1.22141	0.187832	-0.538444	-0.482341	
1486256030731	-2.11237	1.63425	-2.13725	1.76071	2.3807	-1.65813	-0.957793	-0.0593472	0.73228	0.336897	-0.00707464	-0.934983	0.0132274	-0.354374	0.545392	-1.4975	0.845423	0.820773	0.185059	0.152627	-0.340667	5.05341	-0.789537	1.22141	0.187832	-0.538444	-0.482341	
1486256030751	-2.11237	1.63425	-2.13725	1.76071	2.38069	-1.65813	-0.957793	-0.0593462	0.732278	0.336897	-0.00707585	-0.934984	0.0132277	-0.354374	0.532191	-1.50214	0.846024	0.814889	0.186438	0.151079	-0.341943	5.05899	-0.7677	1.22982	0.186795	-0.539276	-0.483127	
1486256030761	-2.11237	1.63425	-2.13725	1.76072	2.38069	-1.65813	-0.957793	-0.0593462	0.732278	0.336897	-0.00707585	-0.934984	0.0132277	-0.354374	0.551014	-1.4976	0.846897	0.816918	0.184658	0.151216	-0.341639	5.04112	-0.807294	1.22715	0.186157	-0.536081	-0.483699	
1486256030781	-2.11237	1.63425	-2.13724	1.76072	2.3807	-1.65813	-0.957793	-0.0593452	0.732277	0.336897	-0.00707779	-0.934984	0.0132276	-0.354373	0.506854	-1.5154	0.849636	0.797765	0.18687	0.146065	-0.342123	5.05796	-0.726686	1.25705	0.185141	-0.536822	-0.482969	
1486256030791	-2.11237	1.63425	-2.13724	1.76072	2.3807	-1.65813	-0.957793	-0.0593444	0.732276	0.336897	-0.00707929	-0.934984	0.0132268	-0.354372	0.506854	-1.5154	0.849636	0.797765	0.18687	0.146065	-0.342123	5.05796	-0.726686	1.25705	0.185141	-0.536822	-0.482969	
1486256030841	-2.11237	1.63425	-2.13723	1.76072	2.3807	-1.65813	-0.957793	-0.0593423	0.732274	0.336896	-0.00708267	-0.934985	0.0132276	-0.35437	0.540101	-1.50964	0.856488	0.811922	0.184749	0.147112	-0.342223	5.06371	-0.792323	1.24462	0.183624	-0.535621	-0.484072	
1486256030861	-2.11237	1.63425	-2.13722	1.76072	2.3807	-1.65813	-0.957793	-0.0593407	0.732272	0.336896	-0.00708564	-0.934985	0.0132278	-0.354369	0.537542	-1.50431	0.858439	0.810929	0.185481	0.147544	-0.341886	5.05721	-0.79219	1.24518	0.18134	-0.53672	-0.482275	
1486256030871	-2.11237	1.63425	-2.13722	1.76072	2.3807	-1.65813	-0.957793	-0.0593407	0.732272	0.336896	-0.00708564	-0.934985	0.0132278	-0.354369	0.537542	-1.50431	0.858439	0.810929	0.185481	0.147544	-0.341886	5.05721	-0.79219	1.24518	0.18134	-0.53672	-0.482275	
1486256030891	-2.11237	1.63425	-2.13721	1.76072	2.3807	-1.65813	-0.957793	-0.0593352	0.732266	0.336895	-0.00709573	-0.934987	0.0132285	-0.354365	0.560935	-1.52044	0.86787	0.817748	0.183734	0.148487	-0.341893	5.084	-0.832624	1.26367	0.185187	-0.536187	-0.485733	
1486256030931	-2.11237	1.63425	-2.13716	1.76072	2.3807	-1.65813	-0.957793	-0.0593237	0.732254	0.336891	-0.00711495	-0.93499	0.013232	-0.354356	0.524402	-1.54295	0.879292	0.807487	0.189759	0.142495	-0.342978	5.13587	-0.769148	1.29621	0.181428	-0.541783	-0.486564	
1486256030941	-2.11237	1.63425	-2.13713	1.76073	2.3807	-1.65813	-0.957793	-0.0593237	0.732254	0.336891	-0.00711495	-0.93499	0.013232	-0.354356	0.571139	-1.52904	0.886711	0.82034	0.186982	0.144645	-0.343631	5.11557	-0.868923	1.28452	0.177958	-0.538804	-0.487824	
1486256030961	-2.11237	1.63425	-2.1371	1.76073	2.3807	-1.65812	-0.957793	-0.0593162	0.732246	0.336889	-0.007128	-0.934992	0.0132336	-0.354351	0.551324	-1.53702	0.897106	0.813098	0.184942	0.13956	-0.344484	5.13379	-0.839616	1.29643	0.17369	-0.536764	-0.486288	
1486256030971	-2.11237	1.63425	-2.1371	1.76073	2.3807	-1.65812	-0.957793	-0.0593162	0.732246	0.336889	-0.007128	-0.934992	0.0132336	-0.354351	0.551324	-1.53702	0.897106	0.813098	0.184942	0.13956	-0.344484	5.13379	-0.839616	1.29643	0.17369	-0.536764	-0.486288	
1486256030991	-2.11237	1.63425	-2.13706	1.76074	2.3807	-1.65812	-0.957793	-0.0592981	0.732225	0.336887	-0.00716062	-0.934996	0.0132342	-0.35434	0.514329	-1.56656	0.913389	0.791041	0.184213	0.133288	-0.345343	5.16242	-0.779868	1.35194	0.172043	-0.535275	-0.486062	
1486256031051	-2.11237	1.63426	-2.13696	1.76077	2.38072	-1.65811	-0.957792	-0.0592806	0.732204	0.336885	-0.00719119	-0.935	0.0132289	-0.354327	0.534109	-1.59278	0.95114	0.803252	0.176163	0.128553	-0.347224	5.24351	-0.827398	1.38027	0.168154	-0.532486	-0.487256	
1486256031061	-2.11237	1.63426	-2.13693	1.76078	2.38074	-1.6581	-0.957793	-0.0592722	0.732195	0.336885	-0.00720564	-0.935002	0.0132223	-0.354322	0.522836	-1.61596	0.966104	0.796773	0.17351	0.127961	-0.347717	5.27843	-0.806948	1.41928	0.17049	-0.532768	-0.487533	
1486256031081	-2.11237	1.63426	-2.13688	1.76078	2.38075	-1.65808	-0.957793	-0.059263	0.732185	0.336885	-0.00721898	-0.935004	0.013215	-0.354319	0.536378	-1.61697	0.978326	0.794357	0.172331	0.128463	-0.347843	5.27046	-0.845815	1.44063	0.167478	-0.53182	-0.486953	
1486256031091	-2.11237	1.63426	-2.13688	1.76078	2.38075	-1.65808	-0.957793	-0.059263	0.732185	0.336885	-0.00721898	-0.935004	0.013215	-0.354319	0.536378	-1.61697	0.978326	0.794357	0.172331	0.128463	-0.347843	5.27046	-0.845815	1.44063	0.167478	-0.53182	-0.486953	
1486256031111	-2.11237	1.63426	-2.13684	1.76079	2.38076	-1.65807	-0.957793	-0.0592521	0.732175	0.336883	-0.00723416	-0.935006	0.013208	-0.354313	0.558259	-1.63971	1.0021	0.798185	0.165216	0.128499	-0.347873	5.30732	-0.890429	1.47711	0.169795	-0.528326	-0.488087	
1486256031151	-2.11237	1.63426	-2.13677	1.7608	2.38079	-1.65806	-0.957793	-0.0592309	0.732154	0.336879	-0.00726549	-0.935011	0.0131976	-0.354297	0.541317	-1.67103	1.03088	0.775889	0.157686	0.126126	-0.34857	5.32365	-0.875333	1.55384	0.169653	-0.523252	-0.486302	
1486256031171	-2.11237	1.63426	-2.13673	1.7608	2.38079	-1.65806	-0.957793	-0.0592123	0.732134	0.336874	-0.00729627	-0.935018	0.0131967	-0.35428	0.565861	-1.66154	1.04109	0.789428	0.156462	0.127503	-0.348079	5.33225	-0.927793	1.54269	0.165814	-0.524261	-0.484785	
1486256031211	-2.11237	1.63426	-2.1366	1.76082	2.38079	-1.65805	-0.957793	-0.0591765	0.732098	0.336865	-0.00735375	-0.935024	0.0132017	-0.354262	0.54459	-1.67347	1.03095	0.772386	0.156295	0.112321	-0.346648	5.31671	-0.888635	1.53491	0.162459	-0.512301	-0.487313	
1486256031222	-2.11237	1.63426	-2.13657	1.76082	2.38079	-1.65803	-0.957793	-0.0591765	0.732098	0.336865	-0.00735375	-0.935024	0.0132017	-0.354262	0.575682	-1.65022	1.03324	0.78113	0.151621	0.110572	-0.346153	5.28013	-0.959658	1.50345	0.155805	-0.505432	-0.485265	
1486256031814	-2.11403	1.63437	-2.13662	1.76169	2.38125	-1.65829	-0.957793	-0.0597818	0.732077	0.336457	-0.00712198	-0.935281	0.0129117	-0.353598	1.33291	-2.44653	1.62605	0.43539	-0.072667	0.874798	-0.328873	4.75476	-2.24975	4.87814	0.767016	-0.735044	-0.44034	
1486256032003	-2.11425	1.63439	-2.13671	1.7617	2.38126	-1.65842	-0.957793	-0.0598863	0.732112	0.336376	-0.00704976	-0.935329	0.0129406	-0.353473	1.44383	-2.56313	1.69673	0.335252	-0.0937512	0.996071	-0.309521	4.51221	-2.44528	5.48016	0.865509	-0.768813	-0.423181	
1486256032192	-2.11431	1.63439	-2.1367	1.7617	2.38126	-1.65847	-0.957793	-0.059902	0.732105	0.336346	-0.00704941	-0.935345	0.0129652	-0.353428	1.4683	-2.5174	1.68587	0.33919	-0.0903278	0.963532	-0.29931	4.43234	-2.51868	5.3759	0.836175	-0.745564	-0.416597	
1486256033003	-2.11431	1.63438	-2.13665	1.76168	2.38126	-1.65848	-0.957793	-0.0598881	0.732093	0.336328	-0.0070639	-0.935353	0.0129861	-0.353407	1.5151	-2.25654	1.49503	0.571221	-0.0758461	0.913222	-0.276082	4.50935	-2.43766	4.50618	0.80034	-0.733349	-0.399014	
1486256033404	-2.11432	1.63437	-2.13664	1.76167	2.38126	-1.65848	-0.957793	-0.0598888	0.732093	0.336317	-0.00706345	-0.935357	0.0129936	-0.353396	1.49939	-2.20756	1.44194	0.605935	-0.0740727	0.834114	-0.280228	4.54778	-2.41354	4.18708	0.752115	-0.686874	-0.413359	
1486256033415	-2.11432	1.63437	-2.13664	1.76167	2.38126	-1.65848	-0.957793	-0.0598888	0.732093	0.336317	-0.00706345	-0.935357	0.0129936	-0.353396	1.49654	-2.20489	1.4376	0.604561	-0.0735606	0.834001	-0.28035	4.53992	-2.40722	4.18191	0.752291	-0.686586	-0.413523	
1486256033900	-2.11432	1.63437	-2.13664	1.76166	2.38126	-1.65848	-0.957793	-0.0598881	0.732093	0.336315	-0.00706236	-0.935357	0.0129954	-0.353394	1.49831	-2.20023	1.4561	0.591216	-0.0695398	0.836115	-0.280372	4.51253	-2.44042	4.22959	0.743952	-0.690677	-0.410132	
1486256034332	-2.11432	1.63437	-2.13664	1.76166	2.38126	-1.65848	-0.957793	-0.0598881	0.732094	0.336314	-0.00706126	-0.935358	0.0129964	-0.353393	1.48352	-2.21959	1.46646	0.579754	-0.0690986	0.830347	-0.279134	4.53014	-2.41764	4.26204	0.742401	-0.688616	-0.410024	
