time	
408.17	
408.184	
408.198	
408.198	
408.212	
408.226	
408.226	
408.24	
408.254	
408.268	
408.268	
408.282	
408.296	
408.296	
408.31	
408.324	
408.338	
408.338	
408.352	
408.366	
408.366	
408.38	
408.394	
408.408	
408.408	
408.422	
408.436	
408.436	
408.45	
408.464	
408.478	
408.478	
408.492	
408.506	
408.506	
408.52	
408.534	
408.548	
408.548	
408.562	
408.576	
408.576	
408.59	
408.604	
408.618	
408.618	
408.632	
408.646	
408.646	
408.66	
408.674	
408.688	
408.688	
408.702	
408.716	
408.716	
408.73	
408.744	
408.758	
408.758	
408.772	
408.786	
408.786	
408.8	
408.814	
408.828	
408.828	
408.842	
408.856	
408.856	
408.87	
408.884	
408.898	
408.898	
408.912	
408.926	
408.926	
408.94	
408.954	
408.968	
408.968	
408.982	
408.996	
408.996	
409.01	
409.024	
409.038	
409.038	
409.052	
409.066	
409.066	
409.08	
409.094	
409.108	
409.108	
409.122	
409.136	
409.136	
409.15	
409.164	
409.178	
409.178	
409.192	
409.206	
409.206	
409.22	
409.234	
409.248	
409.248	
409.262	
409.276	
409.276	
409.29	
409.304	
409.318	
409.318	
409.332	
409.346	
409.346	
409.36	
409.374	
409.388	
409.388	
409.402	
409.416	
409.416	
409.43	
409.444	
409.458	
409.458	
409.472	
409.486	
409.486	
409.5	
409.514	
409.528	
409.528	
409.542	
409.556	
409.556	
409.57	
409.584	
409.598	
409.598	
409.612	
409.626	
409.626	
409.64	
409.654	
409.668	
409.668	
409.682	
409.696	
409.696	
409.71	
409.724	
409.738	
409.738	
409.752	
409.766	
409.766	
409.78	
409.794	
409.808	
409.808	
409.822	
409.836	
409.836	
409.85	
409.864	
409.878	
409.878	
409.892	
409.906	
409.906	
409.92	
409.934	
409.948	
409.948	
409.962	
409.976	
409.976	
409.99	
410.004	
410.018	
410.018	
410.032	
410.046	
410.046	
410.06	
410.074	
410.088	
410.088	
410.102	
410.116	
410.116	
410.13	
410.144	
410.158	
410.158	
410.172	
410.186	
410.186	
410.2	
410.214	
410.228	
410.228	
410.242	
410.256	
410.256	
410.27	
410.284	
410.298	
410.298	
410.312	
410.326	
410.326	
410.34	
410.354	
410.368	
410.368	
410.382	
410.396	
410.396	
410.41	
410.424	
410.438	
410.438	
410.452	
410.466	
410.466	
410.48	
410.494	
410.508	
410.508	
410.522	
410.536	
410.536	
410.55	
410.564	
410.578	
410.578	
410.592	
410.606	
410.606	
410.62	
410.634	
410.648	
410.648	
410.662	
410.676	
410.676	
410.69	
410.704	
410.718	
410.718	
410.732	
410.746	
410.746	
410.76	
410.774	
410.788	
410.788	
410.802	
410.816	
410.816	
410.83	
410.844	
410.858	
410.858	
410.872	
410.886	
410.886	
410.9	
410.914	
410.928	
410.928	
410.942	
410.956	
410.956	
410.97	
410.984	
410.998	
410.998	
411.012	
411.026	
411.026	
411.04	
411.054	
411.068	
411.068	
411.082	
411.096	
411.096	
411.11	
411.124	
411.138	
411.138	
411.152	
411.166	
411.166	
411.18	
411.194	
411.208	
411.208	
411.222	
411.236	
411.236	
411.25	
411.264	
411.278	
411.278	
411.292	
411.306	
411.306	
411.32	
411.334	
411.348	
411.348	
411.362	
411.376	
411.376	
411.39	
411.404	
411.418	
411.418	
411.432	
411.446	
411.446	
411.46	
411.474	
411.488	
411.488	
411.502	
411.516	
411.516	
411.53	
411.544	
411.558	
411.558	
411.572	
411.586	
411.586	
411.6	
411.614	
411.628	
411.628	
411.642	
411.656	
411.656	
411.67	
411.684	
411.698	
411.698	
411.712	
411.726	
411.726	
411.74	
411.754	
411.768	
411.768	
411.782	
411.796	
411.796	
411.81	
411.824	
411.838	
411.838	
411.852	
411.866	
411.866	
411.88	
411.894	
411.909	
411.909	
411.922	
411.936	
411.936	
411.95	
411.964	
411.978	
411.978	
411.992	
412.006	
412.006	
412.02	
412.034	
412.048	
412.048	
412.062	
412.076	
412.076	
412.09	
412.104	
412.118	
412.118	
412.132	
412.146	
412.146	
412.16	
412.174	
412.188	
412.188	
412.202	
412.216	
412.216	
412.23	
412.244	
412.258	
412.258	
412.272	
412.286	
412.286	
412.3	
412.314	
412.328	
412.328	
412.342	
412.356	
412.356	
412.37	
412.384	
412.398	
412.398	
412.412	
412.426	
412.426	
412.44	
412.454	
412.468	
412.468	
412.482	
412.496	
412.496	
412.51	
412.524	
412.538	
412.538	
412.552	
412.566	
412.566	
412.58	
412.594	
412.608	
412.608	
412.622	
412.636	
412.636	
412.65	
412.664	
412.678	
412.678	
412.692	
412.706	
412.706	
412.72	
412.734	
412.748	
412.748	
412.762	
412.776	
412.776	
412.79	
412.804	
412.818	
412.818	
412.832	
412.846	
412.846	
412.86	
412.874	
412.888	
412.888	
412.902	
412.916	
412.916	
412.93	
412.944	
412.958	
412.958	
412.972	
412.986	
412.986	
413	
413.014	
413.028	
413.028	
413.042	
413.056	
413.056	
413.07	
413.084	
413.098	
413.098	
413.112	
413.126	
413.126	
413.14	
413.154	
413.168	
413.168	
413.182	
413.196	
413.196	
413.21	
413.224	
413.238	
413.238	
413.252	
413.266	
413.266	
413.28	
413.294	
413.308	
413.308	
413.322	
413.336	
413.336	
413.35	
413.364	
413.378	
413.378	
413.392	
413.406	
413.406	
413.42	
413.434	
413.448	
413.448	
413.462	
413.476	
413.476	
413.49	
413.504	
413.518	
413.518	
413.532	
413.546	
413.546	
413.56	
413.574	
413.588	
413.588	
413.602	
413.616	
413.616	
413.63	
413.644	
413.658	
413.658	
413.672	
413.686	
413.686	
413.7	
413.714	
413.728	
