time	joint_joint0	joint_joint1	joint_joint2	joint_joint3	joint_joint4	joint_joint5	joint_joint6	cart_pos_x	cart_pos_y	cart_pos_z	cart_quat_x	cart_quat_y	cart_quat_z	cart_quat_w	force_joint_joint0	force_joint_joint1	force_joint_joint2	force_joint_joint3	force_joint_joint4	force_joint_joint5	force_joint_joint6	cart_force_x	cart_force_y	cart_force_z	cart_trq_x	cart_trq_y	cart_trq_z	
1486226640601	-2.11215	1.6365	-2.13764	1.75979	2.37968	-1.65873	-0.957671	-0.0596872	0.733035	0.33739	-0.00713666	-0.935105	0.0129064	-0.354065	0.0103732	-1.02219	0.377643	0.577342	0.4247	0.108268	-0.391798	4.08249	-0.000359723	0.722682	0.0454932	-0.640621	-0.512119	
1486226640611	-2.11215	1.6365	-2.13764	1.75979	2.37968	-1.65873	-0.957671	-0.0596872	0.733035	0.33739	-0.00713666	-0.935105	0.0129064	-0.354065	0.0180836	-1.14125	0.420526	0.595871	0.435077	0.11311	-0.391382	4.3303	0.0280608	0.860463	0.0698903	-0.663307	-0.527746	
1486226640621	-2.11215	1.6365	-2.13764	1.75979	2.37968	-1.65873	-0.957671	-0.0596872	0.733035	0.33739	-0.00713666	-0.935105	0.0129064	-0.354065	0.0180836	-1.14125	0.420526	0.595871	0.435077	0.11311	-0.391382	4.3303	0.0280608	0.860463	0.0698903	-0.663307	-0.527746	
1486226640631	-2.11215	1.6365	-2.13764	1.75979	2.37968	-1.65873	-0.957671	-0.0596819	0.733025	0.337387	-0.00713812	-0.935102	0.0129101	-0.354072	0.0333817	-1.17946	0.432064	0.620065	0.454918	0.134813	-0.392803	4.45268	0.0251258	0.931552	0.0862829	-0.698175	-0.536021	
1486226640641	-2.11215	1.63608	-2.13757	1.7602	2.38011	-1.65831	-0.957671	-0.0596819	0.733025	0.337387	-0.00713812	-0.935102	0.0129101	-0.354072	0.0333817	-1.17946	0.432064	0.620065	0.454918	0.134813	-0.392803	4.45268	0.0251258	0.931552	0.0862829	-0.698175	-0.536021	
1486226640651	-2.11215	1.63608	-2.13757	1.7602	2.38011	-1.65831	-0.957671	-0.0596819	0.733025	0.337387	-0.00713812	-0.935102	0.0129101	-0.354072	0.128598	-1.24916	0.473113	0.64843	0.451268	0.16491	-0.396232	4.56749	-0.130921	1.06469	0.11672	-0.716095	-0.549973	
1486226640671	-2.11215	1.63608	-2.13757	1.7602	2.38011	-1.65831	-0.957671	-0.0596097	0.732876	0.337399	-0.00712427	-0.935032	0.0127108	-0.354263	0.181164	-1.37792	0.556605	0.658286	0.423667	0.175867	-0.401445	4.7764	-0.210019	1.24856	0.146144	-0.712226	-0.562126	
1486226640681	-2.11215	1.63546	-2.13744	1.76072	2.38038	-1.65818	-0.957669	-0.0596097	0.732876	0.337399	-0.00712427	-0.935032	0.0127108	-0.354263	0.181164	-1.37792	0.556605	0.658286	0.423667	0.175867	-0.401445	4.7764	-0.210019	1.24856	0.146144	-0.712226	-0.562126	
1486226640691	-2.11215	1.63546	-2.13744	1.76072	2.38038	-1.65818	-0.957669	-0.0596097	0.732876	0.337399	-0.00712427	-0.935032	0.0127108	-0.354263	0.265346	-1.50098	0.643103	0.695617	0.387462	0.183451	-0.403814	5.01864	-0.332058	1.37943	0.176445	-0.701426	-0.572829	
1486226640701	-2.11215	1.63546	-2.13744	1.76072	2.38038	-1.65818	-0.957669	-0.0595074	0.732609	0.337377	-0.00721559	-0.93497	0.0127121	-0.354426	0.265346	-1.50098	0.643103	0.695617	0.387462	0.183451	-0.403814	5.01864	-0.332058	1.37943	0.176445	-0.701426	-0.572829	
1486226640711	-2.11215	1.63546	-2.13744	1.76072	2.38038	-1.65818	-0.957669	-0.0595074	0.732609	0.337377	-0.00721559	-0.93497	0.0127121	-0.354426	0.314032	-1.59235	0.70124	0.705172	0.3651	0.182298	-0.405696	5.16266	-0.40969	1.48788	0.193784	-0.689753	-0.582213	
1486226640721	-2.11215	1.63506	-2.1374	1.76092	2.38047	-1.65819	-0.957671	-0.0595074	0.732609	0.337377	-0.00721559	-0.93497	0.0127121	-0.354426	0.314032	-1.59235	0.70124	0.705172	0.3651	0.182298	-0.405696	5.16266	-0.40969	1.48788	0.193784	-0.689753	-0.582213	
1486226640731	-2.11215	1.63506	-2.1374	1.76092	2.38047	-1.65819	-0.957671	-0.0595074	0.732609	0.337377	-0.00721559	-0.93497	0.0127121	-0.354426	0.321748	-1.65356	0.741632	0.709334	0.346551	0.173884	-0.406231	5.27501	-0.413325	1.54064	0.201158	-0.677154	-0.585265	
1486226640741	-2.11215	1.63506	-2.1374	1.76092	2.38047	-1.65819	-0.957671	-0.0594485	0.732463	0.337319	-0.00724611	-0.934942	0.0128125	-0.354495	0.321748	-1.65356	0.741632	0.709334	0.346551	0.173884	-0.406231	5.27501	-0.413325	1.54064	0.201158	-0.677154	-0.585265	
1486226640751	-2.11215	1.63506	-2.1374	1.76092	2.38047	-1.65819	-0.957671	-0.0594485	0.732463	0.337319	-0.00724611	-0.934942	0.0128125	-0.354495	0.345407	-1.72957	0.786829	0.712335	0.328516	0.164393	-0.406409	5.39525	-0.447327	1.61579	0.21096	-0.663007	-0.591915	
1486226640771	-2.11215	1.63489	-2.1374	1.76094	2.38049	-1.65818	-0.957669	-0.0594485	0.732463	0.337319	-0.00724611	-0.934942	0.0128125	-0.354495	0.367004	-1.72097	0.801477	0.722744	0.319469	0.163126	-0.407356	5.40005	-0.497178	1.59993	0.206335	-0.656805	-0.58958	
1486226640781	-2.11215	1.63489	-2.1374	1.76094	2.38049	-1.65818	-0.957669	-0.0594485	0.732463	0.337319	-0.00724611	-0.934942	0.0128125	-0.354495	0.367004	-1.72097	0.801477	0.722744	0.319469	0.163126	-0.407356	5.40005	-0.497178	1.59993	0.206335	-0.656805	-0.58958	
1486226640801	-2.11215	1.63488	-2.1374	1.76094	2.38051	-1.65816	-0.957671	-0.0594238	0.732418	0.337277	-0.00724068	-0.934933	0.0128764	-0.354517	0.361001	-1.76374	0.819429	0.711271	0.311573	0.159169	-0.407138	5.44308	-0.480404	1.65624	0.213494	-0.649922	-0.592367	
1486226640821	-2.11215	1.63488	-2.1374	1.76094	2.38051	-1.65816	-0.957671	-0.0594212	0.732418	0.337273	-0.00723295	-0.934931	0.0128698	-0.354521	0.363462	-1.76947	0.825709	0.708178	0.308088	0.159758	-0.406085	5.44124	-0.485838	1.67173	0.214964	-0.647516	-0.590955	
1486226640831	-2.11215	1.63488	-2.1374	1.76094	2.38051	-1.65816	-0.957671	-0.0594212	0.732418	0.337273	-0.00723295	-0.934931	0.0128698	-0.354521	0.358129	-1.77707	0.834587	0.701956	0.30517	0.159969	-0.405433	5.44329	-0.479501	1.69437	0.215365	-0.646087	-0.589037	
1486226640841	-2.11215	1.63488	-2.1374	1.76094	2.38051	-1.65815	-0.957671	-0.0594212	0.732418	0.337273	-0.00723295	-0.934931	0.0128698	-0.354521	0.358129	-1.77707	0.834587	0.701956	0.30517	0.159969	-0.405433	5.44329	-0.479501	1.69437	0.215365	-0.646087	-0.589037	
1486226640851	-2.11215	1.63488	-2.1374	1.76094	2.38051	-1.65815	-0.957671	-0.0594212	0.732418	0.337273	-0.00723295	-0.934931	0.0128698	-0.354521	0.394166	-1.78032	0.844879	0.717103	0.298573	0.165309	-0.405109	5.45886	-0.541957	1.69625	0.220047	-0.64452	-0.589633	
1486226640901	-2.11215	1.63488	-2.1374	1.76094	2.38051	-1.65815	-0.957671	-0.0594204	0.732418	0.337273	-0.00723158	-0.93493	0.0128662	-0.354526	0.382778	-1.7761	0.841296	0.708199	0.29368	0.167534	-0.404112	5.42969	-0.518934	1.70043	0.222609	-0.640848	-0.586104	
1486226640911	-2.11215	1.63488	-2.1374	1.76094	2.38051	-1.65815	-0.957671	-0.0594204	0.732418	0.337273	-0.00723158	-0.93493	0.0128662	-0.354526	0.399324	-1.76274	0.843145	0.71048	0.29182	0.169259	-0.403576	5.40192	-0.558134	1.6937	0.219968	-0.638861	-0.584219	
1486226640921	-2.11215	1.63488	-2.1374	1.76094	2.38051	-1.65815	-0.957671	-0.0594204	0.732418	0.337273	-0.00723158	-0.93493	0.0128662	-0.354526	0.399324	-1.76274	0.843145	0.71048	0.29182	0.169259	-0.403576	5.40192	-0.558134	1.6937	0.219968	-0.638861	-0.584219	
1486226640931	-2.11215	1.63488	-2.1374	1.76094	2.38051	-1.65815	-0.957669	-0.0594204	0.732418	0.337273	-0.00723158	-0.93493	0.0128662	-0.354526	0.375496	-1.79727	0.851571	0.700709	0.28944	0.165567	-0.402905	5.44908	-0.502518	1.73208	0.22598	-0.637399	-0.585764	
1486226640942	-2.11215	1.63488	-2.1374	1.76094	2.38051	-1.65815	-0.957669	-0.0594204	0.732418	0.337273	-0.00723158	-0.93493	0.0128662	-0.354526	0.375496	-1.79727	0.851571	0.700709	0.28944	0.165567	-0.402905	5.44908	-0.502518	1.73208	0.22598	-0.637399	-0.585764	
1486226640951	-2.11215	1.63488	-2.1374	1.76094	2.38051	-1.65815	-0.957669	-0.0594201	0.732417	0.337273	-0.00723292	-0.93493	0.012867	-0.354525	0.389588	-1.7859	0.849797	0.704869	0.287769	0.167395	-0.403105	5.42948	-0.532045	1.71917	0.225025	-0.635907	-0.585223	
1486226640971	-2.11215	1.63488	-2.1374	1.76094	2.38051	-1.65815	-0.957671	-0.0594201	0.732417	0.337273	-0.00723292	-0.93493	0.012867	-0.354525	0.401162	-1.78551	0.855328	0.703908	0.284119	0.167732	-0.403131	5.41806	-0.559257	1.72627	0.22461	-0.632437	-0.5848	
1486226641001	-2.11215	1.63488	-2.1374	1.76094	2.38051	-1.65815	-0.957671	-0.0594201	0.732417	0.337273	-0.00723176	-0.93493	0.0128666	-0.354525	0.40762	-1.79881	0.862816	0.707904	0.279754	0.168967	-0.403926	5.44513	-0.565599	1.73771	0.228726	-0.631273	-0.586283	
1486226641021	-2.11215	1.63488	-2.1374	1.76094	2.38051	-1.65815	-0.957671	-0.0594202	0.732417	0.337273	-0.00723195	-0.93493	0.0128671	-0.354524	0.393901	-1.78204	0.855124	0.707994	0.279405	0.168734	-0.404577	5.42842	-0.540881	1.71031	0.225602	-0.631192	-0.583565	
1486226641031	-2.11215	1.63488	-2.1374	1.76094	2.38051	-1.65815	-0.957671	-0.0594202	0.732417	0.337273	-0.00723195	-0.93493	0.0128671	-0.354524	0.395988	-1.80619	0.866728	0.704726	0.275949	0.167635	-0.404205	5.45785	-0.541257	1.74336	0.229865	-0.628978	-0.585316	
1486226641051	-2.11215	1.63488	-2.1374	1.76094	2.38051	-1.65815	-0.957671	-0.0594202	0.732417	0.337273	-0.00723195	-0.93493	0.0128671	-0.354524	0.400392	-1.78797	0.859118	0.70954	0.277631	0.168388	-0.405064	5.438	-0.552779	1.7158	0.226578	-0.62987	-0.584803	
1486226641061	-2.11215	1.63488	-2.1374	1.76094	2.38051	-1.65815	-0.957671	-0.0594203	0.732417	0.337273	-0.00723212	-0.934931	0.0128675	-0.354523	0.400392	-1.78797	0.859118	0.70954	0.277631	0.168388	-0.405064	5.438	-0.552779	1.7158	0.226578	-0.62987	-0.584803	
1486226641071	-2.11215	1.63488	-2.1374	1.76094	2.38051	-1.65815	-0.957671	-0.0594203	0.732417	0.337273	-0.00723212	-0.934931	0.0128675	-0.354523	0.386697	-1.78833	0.86072	0.705248	0.276389	0.167483	-0.403903	5.43761	-0.52672	1.71899	0.225969	-0.629231	-0.58195	
1486226641101	-2.11215	1.63488	-2.1374	1.76094	2.38051	-1.65815	-0.957671	-0.0594201	0.732417	0.337272	-0.00723207	-0.934931	0.0128681	-0.354524	0.400837	-1.78204	0.859291	0.707074	0.275396	0.168917	-0.403633	5.41899	-0.555626	1.71486	0.226017	-0.627619	-0.582057	
1486226641111	-2.11215	1.63488	-2.1374	1.76094	2.38051	-1.65815	-0.957671	-0.0594201	0.732417	0.337272	-0.00723207	-0.934931	0.0128681	-0.354524	0.366889	-1.79509	0.861686	0.696528	0.276503	0.166251	-0.403882	5.44147	-0.489674	1.73265	0.226258	-0.629424	-0.58092	
1486226641141	-2.11215	1.63488	-2.1374	1.76094	2.38051	-1.65815	-0.957671	-0.0594201	0.732417	0.337272	-0.00723207	-0.934931	0.0128681	-0.354524	0.380383	-1.78026	0.860847	0.708279	0.275849	0.168345	-0.403188	5.43836	-0.514084	1.70728	0.224444	-0.63055	-0.578929	
1486226641151	-2.11215	1.63488	-2.1374	1.76094	2.38051	-1.65815	-0.957671	-0.0594198	0.732416	0.337273	-0.00723302	-0.934931	0.0128678	-0.354524	0.396491	-1.77399	0.8617	0.718601	0.274181	0.168805	-0.402388	5.44215	-0.541672	1.68966	0.224064	-0.629642	-0.57844	
1486226641161	-2.11215	1.63488	-2.1374	1.76094	2.38051	-1.65815	-0.957671	-0.0594198	0.732416	0.337273	-0.00723302	-0.934931	0.0128678	-0.354524	0.396491	-1.77399	0.8617	0.718601	0.274181	0.168805	-0.402388	5.44215	-0.541672	1.68966	0.224064	-0.629642	-0.57844	
1486226641171	-2.11215	1.63488	-2.1374	1.76094	2.38051	-1.65815	-0.957671	-0.0594198	0.732416	0.337273	-0.00723302	-0.934931	0.0128678	-0.354524	0.376298	-1.78791	0.864958	0.707553	0.274499	0.165556	-0.402601	5.45311	-0.504953	1.71162	0.224304	-0.628804	-0.578789	
1486226641181	-2.11215	1.63488	-2.1374	1.76094	2.38051	-1.65815	-0.957671	-0.0594198	0.732416	0.337273	-0.00723302	-0.934931	0.0128678	-0.354524	0.376298	-1.78791	0.864958	0.707553	0.274499	0.165556	-0.402601	5.45311	-0.504953	1.71162	0.224304	-0.628804	-0.578789	
1486226641211	-2.11215	1.63488	-2.1374	1.76094	2.38051	-1.65815	-0.957671	-0.0594198	0.732416	0.337273	-0.00723302	-0.934931	0.0128678	-0.354524	0.382053	-1.77664	0.865169	0.708499	0.273824	0.166901	-0.401951	5.43336	-0.52088	1.70481	0.222061	-0.628345	-0.576514	
1486226641231	-2.11215	1.63488	-2.1374	1.76094	2.38051	-1.65815	-0.957671	-0.0594199	0.732416	0.337273	-0.0072333	-0.93493	0.0128674	-0.354524	0.367047	-1.78005	0.863835	0.706876	0.274353	0.165849	-0.402876	5.44748	-0.48976	1.70278	0.222219	-0.62959	-0.57668	
1486226641241	-2.11215	1.63488	-2.1374	1.76094	2.38051	-1.65815	-0.957671	-0.0594199	0.732416	0.337273	-0.0072333	-0.93493	0.0128674	-0.354524	0.367047	-1.78005	0.863835	0.706876	0.274353	0.165849	-0.402876	5.44748	-0.48976	1.70278	0.222219	-0.62959	-0.57668	
1486226641251	-2.11215	1.63488	-2.1374	1.76094	2.38051	-1.65815	-0.957669	-0.0594199	0.732416	0.337273	-0.0072333	-0.93493	0.0128674	-0.354524	0.368122	-1.76807	0.859747	0.708378	0.275965	0.166273	-0.402326	5.43105	-0.4945	1.68909	0.219743	-0.630411	-0.575142	
1486226641261	-2.11215	1.63488	-2.1374	1.76094	2.38051	-1.65815	-0.957669	-0.0594199	0.732416	0.337273	-0.00723411	-0.93493	0.012867	-0.354524	0.368122	-1.76807	0.859747	0.708378	0.275965	0.166273	-0.402326	5.43105	-0.4945	1.68909	0.219743	-0.630411	-0.575142	
1486226641271	-2.11215	1.63488	-2.1374	1.76094	2.38051	-1.65815	-0.957669	-0.0594199	0.732416	0.337273	-0.00723411	-0.93493	0.012867	-0.354524	0.362617	-1.77257	0.857647	0.704097	0.277115	0.165699	-0.402681	5.43027	-0.483564	1.69611	0.220674	-0.630543	-0.576286	
1486226641281	-2.11215	1.63488	-2.1374	1.76094	2.38051	-1.65815	-0.957669	-0.0594199	0.732416	0.337273	-0.00723411	-0.93493	0.012867	-0.354524	0.362617	-1.77257	0.857647	0.704097	0.277115	0.165699	-0.402681	5.43027	-0.483564	1.69611	0.220674	-0.630543	-0.576286	
1486226641291	-2.11215	1.63488	-2.1374	1.76094	2.38051	-1.65815	-0.957671	-0.0594199	0.732416	0.337273	-0.00723411	-0.93493	0.012867	-0.354524	0.366309	-1.77837	0.861129	0.706792	0.275477	0.16521	-0.402118	5.44348	-0.487169	1.69883	0.221987	-0.62963	-0.576434	
1486226641301	-2.11215	1.63488	-2.1374	1.76094	2.38051	-1.65815	-0.957671	-0.0594199	0.732416	0.337273	-0.0072333	-0.93493	0.0128674	-0.354524	0.366309	-1.77837	0.861129	0.706792	0.275477	0.16521	-0.402118	5.44348	-0.487169	1.69883	0.221987	-0.62963	-0.576434	
1486226641321	-2.11215	1.63488	-2.1374	1.76094	2.38051	-1.65815	-0.957671	-0.0594199	0.732416	0.337273	-0.0072333	-0.93493	0.0128674	-0.354524	0.365598	-1.77664	0.864193	0.705925	0.273386	0.164703	-0.402313	5.44068	-0.489016	1.69858	0.220721	-0.628028	-0.575357	
1486226641351	-2.11215	1.63488	-2.1374	1.76094	2.38051	-1.65815	-0.957671	-0.0594199	0.732416	0.337273	-0.0072333	-0.93493	0.0128674	-0.354524	0.361387	-1.78098	0.861701	0.704113	0.273783	0.164804	-0.403004	5.44459	-0.478186	1.70155	0.222483	-0.628326	-0.576728	
1486226641371	-2.11215	1.63487	-2.1374	1.76094	2.38051	-1.65815	-0.957671	-0.0594199	0.732416	0.337273	-0.0072333	-0.93493	0.0128674	-0.354524	0.35189	-1.79826	0.865213	0.697719	0.273037	0.163526	-0.402485	5.46131	-0.455803	1.72489	0.225911	-0.62755	-0.577745	
1486226641401	-2.11215	1.63487	-2.1374	1.76094	2.38051	-1.65815	-0.957671	-0.0594197	0.732416	0.337273	-0.00723325	-0.93493	0.0128679	-0.354524	0.358634	-1.78019	0.858954	0.706873	0.272941	0.164416	-0.402391	5.44985	-0.467377	1.69127	0.223492	-0.627857	-0.576133	
1486226641411	-2.11215	1.63487	-2.1374	1.76094	2.38051	-1.65815	-0.957669	-0.0594197	0.732416	0.337273	-0.00723325	-0.93493	0.0128679	-0.354524	0.357878	-1.77039	0.85154	0.707732	0.27501	0.165703	-0.401971	5.43376	-0.464843	1.67848	0.223081	-0.629219	-0.57542	
1486226641421	-2.11215	1.63487	-2.1374	1.76094	2.38051	-1.65815	-0.957669	-0.0594197	0.732416	0.337273	-0.00723325	-0.93493	0.0128679	-0.354524	0.357878	-1.77039	0.85154	0.707732	0.27501	0.165703	-0.401971	5.43376	-0.464843	1.67848	0.223081	-0.629219	-0.57542	
1486226641431	-2.11215	1.63487	-2.1374	1.76094	2.38051	-1.65815	-0.957669	-0.0594194	0.732415	0.337273	-0.00723485	-0.93493	0.0128673	-0.354524	0.358816	-1.80068	0.861157	0.707226	0.270297	0.163794	-0.401972	5.47854	-0.455639	1.70632	0.229901	-0.626106	-0.578687	
1486226641471	-2.11215	1.63487	-2.1374	1.76094	2.38051	-1.65815	-0.957669	-0.0594194	0.732415	0.337273	-0.00723485	-0.93493	0.0128673	-0.354524	0.35306	-1.78827	0.85494	0.701742	0.271176	0.16577	-0.401884	5.44608	-0.449323	1.70179	0.228593	-0.626402	-0.576679	
1486226641481	-2.11215	1.63487	-2.1374	1.76094	2.38051	-1.65815	-0.957669	-0.0594194	0.732415	0.337273	-0.00723485	-0.93493	0.0128673	-0.354524	0.35306	-1.78827	0.85494	0.701742	0.271176	0.16577	-0.401884	5.44608	-0.449323	1.70179	0.228593	-0.626402	-0.576679	
1486226641501	-2.11215	1.63487	-2.1374	1.76094	2.38051	-1.65815	-0.957669	-0.0594194	0.732415	0.337273	-0.00723485	-0.93493	0.0128673	-0.354524	0.372867	-1.76846	0.851789	0.710624	0.27188	0.167941	-0.401452	5.4224	-0.491388	1.67768	0.225349	-0.626848	-0.57538	
1486226641521	-2.11215	1.63487	-2.1374	1.76094	2.38051	-1.65815	-0.957669	-0.0594194	0.732415	0.337273	-0.00723485	-0.93493	0.0128673	-0.354524	0.358989	-1.77603	0.853834	0.706752	0.271944	0.166819	-0.401398	5.43626	-0.46321	1.68686	0.225994	-0.627536	-0.574933	
1486226641531	-2.11215	1.63487	-2.1374	1.76094	2.38051	-1.65815	-0.957671	-0.0594194	0.732415	0.337273	-0.00723485	-0.93493	0.0128673	-0.354524	0.361678	-1.76678	0.851058	0.711829	0.271372	0.166901	-0.401513	5.43243	-0.467656	1.66783	0.224527	-0.627311	-0.574041	
1486226641541	-2.11215	1.63487	-2.1374	1.76094	2.38051	-1.65815	-0.957671	-0.0594193	0.732415	0.337273	-0.00723399	-0.93493	0.0128682	-0.354524	0.361678	-1.76678	0.851058	0.711829	0.271372	0.166901	-0.401513	5.43243	-0.467656	1.66783	0.224527	-0.627311	-0.574041	
1486226641551	-2.11215	1.63487	-2.1374	1.76094	2.38051	-1.65815	-0.957671	-0.0594193	0.732415	0.337273	-0.00723399	-0.93493	0.0128682	-0.354524	0.354924	-1.77149	0.852464	0.706725	0.272817	0.165723	-0.40163	5.43369	-0.457678	1.67917	0.223905	-0.62778	-0.574417	
1486226641571	-2.11215	1.63487	-2.1374	1.76094	2.38051	-1.65815	-0.957671	-0.0594193	0.732415	0.337273	-0.00723399	-0.93493	0.0128682	-0.354524	0.342436	-1.75885	0.846183	0.700835	0.275958	0.166137	-0.40191	5.40834	-0.440446	1.67239	0.220587	-0.629661	-0.572581	
1486226641581	-2.11215	1.63487	-2.1374	1.76094	2.38051	-1.65815	-0.957671	-0.0594193	0.732415	0.337273	-0.00723399	-0.93493	0.0128682	-0.354524	0.342436	-1.75885	0.846183	0.700835	0.275958	0.166137	-0.40191	5.40834	-0.440446	1.67239	0.220587	-0.629661	-0.572581	
1486226641591	-2.11215	1.63487	-2.1374	1.76094	2.38051	-1.65815	-0.957671	-0.0594193	0.732415	0.337273	-0.00723399	-0.93493	0.0128682	-0.354524	0.342436	-1.75885	0.846183	0.700835	0.275958	0.166137	-0.40191	5.40834	-0.440446	1.67239	0.220587	-0.629661	-0.572581	
1486226641611	-2.11215	1.63487	-2.1374	1.76094	2.38051	-1.65815	-0.957671	-0.0594193	0.732415	0.337273	-0.00723399	-0.93493	0.0128682	-0.354524	0.359709	-1.7717	0.85075	0.711023	0.271	0.167013	-0.401876	5.43867	-0.461262	1.672	0.226207	-0.627248	-0.574971	
1486226641621	-2.11215	1.63487	-2.1374	1.76094	2.38051	-1.65815	-0.957671	-0.0594193	0.732415	0.337273	-0.00723399	-0.93493	0.0128682	-0.354524	0.359709	-1.7717	0.85075	0.711023	0.271	0.167013	-0.401876	5.43867	-0.461262	1.672	0.226207	-0.627248	-0.574971	
1486226641631	-2.11215	1.63487	-2.1374	1.76094	2.38051	-1.65815	-0.957671	-0.0594193	0.732415	0.337273	-0.00723399	-0.93493	0.0128682	-0.354524	0.353101	-1.78449	0.855565	0.704536	0.270578	0.166202	-0.401606	5.44787	-0.448889	1.69506	0.227928	-0.626777	-0.575485	
1486226641641	-2.11215	1.63487	-2.1374	1.76094	2.38051	-1.65815	-0.957671	-0.0594193	0.732415	0.337273	-0.00723399	-0.93493	0.0128682	-0.354524	0.353101	-1.78449	0.855565	0.704536	0.270578	0.166202	-0.401606	5.44787	-0.448889	1.69506	0.227928	-0.626777	-0.575485	
1486226641651	-2.11215	1.63487	-2.1374	1.76094	2.38051	-1.65815	-0.957671	-0.0594193	0.732415	0.337273	-0.00723399	-0.93493	0.0128682	-0.354524	0.357828	-1.77428	0.85371	0.708054	0.269661	0.167385	-0.402	5.43714	-0.459643	1.68103	0.226518	-0.626532	-0.574499	
1486226641661	-2.11215	1.63487	-2.1374	1.76094	2.38051	-1.65815	-0.957671	-0.0594189	0.732414	0.337273	-0.00723485	-0.93493	0.012869	-0.354524	0.357828	-1.77428	0.85371	0.708054	0.269661	0.167385	-0.402	5.43714	-0.459643	1.68103	0.226518	-0.626532	-0.574499	
1486226641671	-2.11215	1.63487	-2.1374	1.76094	2.38051	-1.65815	-0.957671	-0.0594189	0.732414	0.337273	-0.00723485	-0.93493	0.012869	-0.354524	0.35676	-1.77568	0.855764	0.708135	0.269033	0.167503	-0.402431	5.44192	-0.458268	1.68328	0.226454	-0.626642	-0.5745	
1486226641681	-2.11215	1.63487	-2.1374	1.76094	2.38051	-1.65815	-0.957671	-0.0594189	0.732414	0.337273	-0.00723485	-0.93493	0.012869	-0.354524	0.35676	-1.77568	0.855764	0.708135	0.269033	0.167503	-0.402431	5.44192	-0.458268	1.68328	0.226454	-0.626642	-0.5745	
1486226641691	-2.11215	1.63487	-2.1374	1.76094	2.38051	-1.65815	-0.957669	-0.0594189	0.732414	0.337273	-0.00723485	-0.93493	0.012869	-0.354524	0.358645	-1.78288	0.856719	0.708927	0.269656	0.166765	-0.402732	5.4544	-0.459446	1.6885	0.227714	-0.626919	-0.576321	
1486226641701	-2.11215	1.63487	-2.1374	1.76094	2.38051	-1.65815	-0.957669	-0.0594189	0.732414	0.337273	-0.00723485	-0.93493	0.012869	-0.354524	0.358645	-1.78288	0.856719	0.708927	0.269656	0.166765	-0.402732	5.4544	-0.459446	1.6885	0.227714	-0.626919	-0.576321	
1486226641721	-2.11215	1.63487	-2.1374	1.76094	2.38051	-1.65815	-0.957669	-0.0594189	0.732414	0.337272	-0.00723531	-0.93493	0.012868	-0.354524	0.361572	-1.7794	0.856597	0.708583	0.269993	0.167719	-0.403199	5.44653	-0.468048	1.68878	0.227011	-0.627311	-0.576365	
1486226641731	-2.11215	1.63487	-2.1374	1.76094	2.38051	-1.65815	-0.957671	-0.0594189	0.732414	0.337272	-0.00723531	-0.93493	0.012868	-0.354524	0.359483	-1.77225	0.853285	0.709021	0.271828	0.167792	-0.402859	5.43782	-0.465443	1.6803	0.225355	-0.628482	-0.575468	
1486226641741	-2.11215	1.63487	-2.1374	1.76094	2.38051	-1.65815	-0.957671	-0.0594189	0.732414	0.337272	-0.00723531	-0.93493	0.012868	-0.354524	0.359483	-1.77225	0.853285	0.709021	0.271828	0.167792	-0.402859	5.43782	-0.465443	1.6803	0.225355	-0.628482	-0.575468	
1486226641761	-2.11215	1.63487	-2.1374	1.76094	2.38051	-1.65815	-0.957671	-0.0594189	0.732414	0.337272	-0.00723451	-0.93493	0.0128683	-0.354524	0.352136	-1.77828	0.855111	0.69791	0.272929	0.166969	-0.402086	5.4238	-0.456967	1.70399	0.225241	-0.627685	-0.575074	
1486226641771	-2.11215	1.63487	-2.1374	1.76094	2.38051	-1.65815	-0.957671	-0.0594189	0.732414	0.337272	-0.00723451	-0.93493	0.0128683	-0.354524	0.361519	-1.76595	0.853072	0.711629	0.272434	0.16722	-0.401776	5.43349	-0.470421	1.67126	0.22336	-0.628634	-0.573899	
1486226641781	-2.11215	1.63487	-2.1374	1.76094	2.38051	-1.65815	-0.957671	-0.0594189	0.732414	0.337272	-0.00723451	-0.93493	0.0128683	-0.354524	0.361519	-1.76595	0.853072	0.711629	0.272434	0.16722	-0.401776	5.43349	-0.470421	1.67126	0.22336	-0.628634	-0.573899	
1486226641801	-2.11215	1.63487	-2.1374	1.76094	2.38051	-1.65815	-0.957671	-0.059419	0.732414	0.337273	-0.00723481	-0.93493	0.0128679	-0.354524	0.354807	-1.77002	0.850858	0.704912	0.274325	0.167028	-0.40211	5.42677	-0.459264	1.68312	0.224023	-0.629188	-0.574911	
1486226641811	-2.11215	1.63487	-2.1374	1.76094	2.38051	-1.65815	-0.957671	-0.059419	0.732414	0.337273	-0.00723481	-0.93493	0.0128679	-0.354524	0.354807	-1.77002	0.850858	0.704912	0.274325	0.167028	-0.40211	5.42677	-0.459264	1.68312	0.224023	-0.629188	-0.574911	
1486226641821	-2.11215	1.63487	-2.1374	1.76094	2.38051	-1.65815	-0.957671	-0.059419	0.732414	0.337273	-0.00723481	-0.93493	0.0128679	-0.354524	0.359782	-1.75432	0.845151	0.714152	0.274932	0.168526	-0.402045	5.42107	-0.466298	1.6534	0.222295	-0.630787	-0.573491	
1486226641831	-2.11215	1.63487	-2.1374	1.76094	2.38051	-1.65815	-0.957671	-0.059419	0.732414	0.337273	-0.00723481	-0.93493	0.0128679	-0.354524	0.364263	-1.76684	0.849057	0.715619	0.273509	0.168609	-0.401943	5.44047	-0.469425	1.6655	0.22568	-0.630279	-0.575202	
1486226641841	-2.11215	1.63487	-2.1374	1.76094	2.38051	-1.65815	-0.957671	-0.059419	0.732414	0.337273	-0.00723481	-0.93493	0.0128679	-0.354524	0.364263	-1.76684	0.849057	0.715619	0.273509	0.168609	-0.401943	5.44047	-0.469425	1.6655	0.22568	-0.630279	-0.575202	
1486226641851	-2.11215	1.63487	-2.1374	1.76094	2.38051	-1.65815	-0.957671	-0.059419	0.732414	0.337273	-0.00723481	-0.93493	0.0128679	-0.354524	0.351702	-1.77668	0.850063	0.705788	0.275248	0.167142	-0.401689	5.44045	-0.447608	1.687	0.226286	-0.630508	-0.57569	
1486226641861	-2.11215	1.63487	-2.1374	1.76094	2.38051	-1.65815	-0.957671	-0.0594188	0.732414	0.337273	-0.00723476	-0.93493	0.0128685	-0.354524	0.351702	-1.77668	0.850063	0.705788	0.275248	0.167142	-0.401689	5.44045	-0.447608	1.687	0.226286	-0.630508	-0.57569	
1486226641871	-2.11215	1.63487	-2.1374	1.76094	2.38051	-1.65815	-0.957671	-0.0594188	0.732414	0.337273	-0.00723476	-0.93493	0.0128685	-0.354524	0.353221	-1.75338	0.839576	0.710385	0.275866	0.168586	-0.401203	5.4102	-0.451042	1.65278	0.223482	-0.630626	-0.573	
1486226641881	-2.11215	1.63487	-2.1374	1.76094	2.38051	-1.65815	-0.957671	-0.0594188	0.732414	0.337273	-0.00723476	-0.93493	0.0128685	-0.354524	0.353221	-1.75338	0.839576	0.710385	0.275866	0.168586	-0.401203	5.4102	-0.451042	1.65278	0.223482	-0.630626	-0.573	
1486226641891	-2.11215	1.63487	-2.1374	1.76094	2.38051	-1.65815	-0.957671	-0.0594188	0.732414	0.337273	-0.00723476	-0.93493	0.0128685	-0.354524	0.360818	-1.76282	0.843523	0.71186	0.273044	0.167887	-0.40237	5.42378	-0.46366	1.65926	0.225527	-0.628249	-0.57543	
1486226641901	-2.11215	1.63487	-2.1374	1.76094	2.38051	-1.65815	-0.957671	-0.0594185	0.732413	0.337272	-0.00723527	-0.93493	0.0128686	-0.354524	0.360818	-1.76282	0.843523	0.71186	0.273044	0.167887	-0.40237	5.42378	-0.46366	1.65926	0.225527	-0.628249	-0.57543	
1486226641911	-2.11215	1.63487	-2.1374	1.76094	2.38051	-1.65815	-0.957671	-0.0594185	0.732413	0.337272	-0.00723527	-0.93493	0.0128686	-0.354524	0.362652	-1.77113	0.84535	0.712149	0.272124	0.167068	-0.402954	5.43644	-0.464619	1.66515	0.227217	-0.627348	-0.577252	
1486226641921	-2.11215	1.63487	-2.1374	1.76094	2.38051	-1.65815	-0.957671	-0.0594185	0.732413	0.337272	-0.00723527	-0.93493	0.0128686	-0.354524	0.362652	-1.77113	0.84535	0.712149	0.272124	0.167068	-0.402954	5.43644	-0.464619	1.66515	0.227217	-0.627348	-0.577252	
1486226641931	-2.11215	1.63487	-2.1374	1.76094	2.38051	-1.65815	-0.957671	-0.0594185	0.732413	0.337272	-0.00723527	-0.93493	0.0128686	-0.354524	0.355648	-1.77017	0.847282	0.70943	0.274546	0.166103	-0.403931	5.43877	-0.457512	1.66921	0.224329	-0.629324	-0.577368	
1486226641941	-2.11215	1.63487	-2.1374	1.76094	2.38051	-1.65815	-0.957671	-0.0594185	0.732413	0.337272	-0.00723527	-0.93493	0.0128686	-0.354524	0.355648	-1.77017	0.847282	0.70943	0.274546	0.166103	-0.403931	5.43877	-0.457512	1.66921	0.224329	-0.629324	-0.577368	
1486226641951	-2.11215	1.63487	-2.1374	1.76094	2.38051	-1.65815	-0.957671	-0.0594185	0.732413	0.337272	-0.00723527	-0.93493	0.0128686	-0.354524	0.356626	-1.76511	0.844773	0.708449	0.275135	0.166984	-0.403286	5.42544	-0.460278	1.66699	0.22404	-0.629461	-0.576445	
1486226641961	-2.11215	1.63487	-2.1374	1.76094	2.38051	-1.65815	-0.957671	-0.0594185	0.732413	0.337272	-0.00723527	-0.93493	0.0128686	-0.354524	0.356626	-1.76511	0.844773	0.708449	0.275135	0.166984	-0.403286	5.42544	-0.460278	1.66699	0.22404	-0.629461	-0.576445	
1486226641971	-2.11215	1.63487	-2.1374	1.76094	2.38051	-1.65815	-0.957671	-0.0594185	0.732413	0.337272	-0.00723527	-0.93493	0.0128686	-0.354524	0.354339	-1.77275	0.843312	0.702915	0.275593	0.166526	-0.403327	5.42238	-0.454884	1.67993	0.226108	-0.628574	-0.577995	
1486226641981	-2.11215	1.63487	-2.1374	1.76094	2.38051	-1.65815	-0.957671	-0.0594185	0.732413	0.337272	-0.00723527	-0.93493	0.0128686	-0.354524	0.354339	-1.77275	0.843312	0.702915	0.275593	0.166526	-0.403327	5.42238	-0.454884	1.67993	0.226108	-0.628574	-0.577995	
1486226641991	-2.11215	1.63487	-2.1374	1.76094	2.38051	-1.65815	-0.957671	-0.0594185	0.732413	0.337272	-0.00723527	-0.93493	0.0128686	-0.354524	0.353833	-1.78654	0.847812	0.701756	0.274458	0.165585	-0.403163	5.44168	-0.450047	1.69511	0.22876	-0.627824	-0.579416	
1486226642001	-2.11215	1.63487	-2.1374	1.76094	2.38051	-1.65815	-0.957671	-0.0594185	0.732413	0.337272	-0.00723527	-0.93493	0.0128686	-0.354524	0.353833	-1.78654	0.847812	0.701756	0.274458	0.165585	-0.403163	5.44168	-0.450047	1.69511	0.22876	-0.627824	-0.579416	
1486226642011	-2.11215	1.63487	-2.1374	1.76094	2.38051	-1.65815	-0.957671	-0.0594185	0.732413	0.337272	-0.00723527	-0.93493	0.0128686	-0.354524	0.358602	-1.76397	0.839831	0.707343	0.276491	0.167141	-0.40208	5.41455	-0.461203	1.6656	0.225222	-0.629248	-0.576541	
1486226642021	-2.11215	1.63487	-2.1374	1.76094	2.38051	-1.65815	-0.957671	-0.0594185	0.732413	0.337272	-0.00723527	-0.93493	0.0128686	-0.354524	0.358602	-1.76397	0.839831	0.707343	0.276491	0.167141	-0.40208	5.41455	-0.461203	1.6656	0.225222	-0.629248	-0.576541	
1486226642031	-2.11215	1.63487	-2.1374	1.76094	2.38051	-1.65815	-0.957671	-0.0594185	0.732413	0.337272	-0.00723527	-0.93493	0.0128686	-0.354524	0.341916	-1.77823	0.847489	0.698835	0.275743	0.165093	-0.402412	5.43223	-0.431976	1.69048	0.225418	-0.629094	-0.576306	
1486226642041	-2.11215	1.63487	-2.1374	1.76094	2.38051	-1.65815	-0.957671	-0.0594185	0.732413	0.337272	-0.00723527	-0.93493	0.0128686	-0.354524	0.341916	-1.77823	0.847489	0.698835	0.275743	0.165093	-0.402412	5.43223	-0.431976	1.69048	0.225418	-0.629094	-0.576306	
1486226642051	-2.11215	1.63487	-2.1374	1.76094	2.38051	-1.65815	-0.957671	-0.0594185	0.732413	0.337272	-0.00723527	-0.93493	0.0128686	-0.354524	0.365351	-1.76534	0.842192	0.708622	0.274501	0.167889	-0.402676	5.41508	-0.474536	1.6679	0.226011	-0.628031	-0.577162	
1486226642061	-2.11215	1.63487	-2.1374	1.76094	2.38051	-1.65815	-0.957671	-0.0594185	0.732413	0.337272	-0.00723527	-0.93493	0.0128686	-0.354524	0.365351	-1.76534	0.842192	0.708622	0.274501	0.167889	-0.402676	5.41508	-0.474536	1.6679	0.226011	-0.628031	-0.577162	
1486226642071	-2.11215	1.63487	-2.1374	1.76094	2.38051	-1.65815	-0.957671	-0.0594185	0.732413	0.337272	-0.00723527	-0.93493	0.0128686	-0.354524	0.353794	-1.7733	0.844326	0.701862	0.27468	0.165469	-0.402274	5.41988	-0.453722	1.68071	0.22583	-0.62709	-0.576957	
1486226642081	-2.11215	1.63487	-2.1374	1.76094	2.38051	-1.65815	-0.957671	-0.0594185	0.732413	0.337272	-0.00723527	-0.93493	0.0128686	-0.354524	0.353794	-1.7733	0.844326	0.701862	0.27468	0.165469	-0.402274	5.41988	-0.453722	1.68071	0.22583	-0.62709	-0.576957	
1486226642091	-2.11215	1.63487	-2.1374	1.76094	2.38051	-1.65815	-0.957671	-0.0594185	0.732413	0.337272	-0.00723527	-0.93493	0.0128686	-0.354524	0.352783	-1.7821	0.844791	0.702598	0.273598	0.165438	-0.401221	5.43306	-0.444332	1.68649	0.229148	-0.626613	-0.577252	
1486226642101	-2.11215	1.63487	-2.1374	1.76094	2.38051	-1.65815	-0.957671	-0.0594185	0.732413	0.337272	-0.00723527	-0.93493	0.0128686	-0.354524	0.352783	-1.7821	0.844791	0.702598	0.273598	0.165438	-0.401221	5.43306	-0.444332	1.68649	0.229148	-0.626613	-0.577252	
1486226642111	-2.11215	1.63487	-2.1374	1.76094	2.38051	-1.65815	-0.957671	-0.0594185	0.732413	0.337272	-0.00723527	-0.93493	0.0128686	-0.354524	0.354989	-1.77305	0.842741	0.705654	0.275067	0.164962	-0.401077	5.42642	-0.451115	1.67296	0.226402	-0.627358	-0.576465	
1486226642121	-2.11215	1.63487	-2.1374	1.76094	2.38051	-1.65815	-0.957671	-0.0594185	0.732413	0.337272	-0.00723527	-0.93493	0.0128686	-0.354524	0.354989	-1.77305	0.842741	0.705654	0.275067	0.164962	-0.401077	5.42642	-0.451115	1.67296	0.226402	-0.627358	-0.576465	
1486226642131	-2.11215	1.63487	-2.1374	1.76094	2.38051	-1.65815	-0.957671	-0.0594185	0.732413	0.337272	-0.00723527	-0.93493	0.0128686	-0.354524	0.357216	-1.76824	0.840304	0.707806	0.275985	0.165096	-0.401407	5.42285	-0.455826	1.66435	0.225503	-0.627929	-0.576711	
1486226642141	-2.11215	1.63487	-2.1374	1.76094	2.38051	-1.65815	-0.957671	-0.0594185	0.732413	0.337273	-0.00723555	-0.93493	0.0128682	-0.354525	0.357216	-1.76824	0.840304	0.707806	0.275985	0.165096	-0.401407	5.42285	-0.455826	1.66435	0.225503	-0.627929	-0.576711	
1486226642151	-2.11215	1.63487	-2.1374	1.76094	2.38051	-1.65815	-0.957671	-0.0594185	0.732413	0.337273	-0.00723555	-0.93493	0.0128682	-0.354525	0.351993	-1.78816	0.845761	0.707337	0.275971	0.164131	-0.401874	5.459	-0.439359	1.68401	0.229197	-0.629099	-0.579272	
1486226642161	-2.11215	1.63487	-2.1374	1.76094	2.38051	-1.65815	-0.957671	-0.0594185	0.732413	0.337273	-0.00723555	-0.93493	0.0128682	-0.354525	0.351993	-1.78816	0.845761	0.707337	0.275971	0.164131	-0.401874	5.459	-0.439359	1.68401	0.229197	-0.629099	-0.579272	
1486226642171	-2.11215	1.63487	-2.1374	1.76094	2.38051	-1.65815	-0.957671	-0.0594185	0.732413	0.337273	-0.00723555	-0.93493	0.0128682	-0.354525	0.351993	-1.78816	0.845761	0.707337	0.275971	0.164131	-0.401874	5.459	-0.439359	1.68401	0.229197	-0.629099	-0.579272	
1486226642181	-2.11215	1.63487	-2.13739	1.76094	2.38051	-1.65815	-0.957671	-0.0594185	0.732413	0.337273	-0.00723555	-0.93493	0.0128682	-0.354525	0.353764	-1.77373	0.842805	0.707561	0.27698	0.165622	-0.401239	5.43498	-0.44778	1.67337	0.226415	-0.629862	-0.576832	
1486226642191	-2.11215	1.63487	-2.13739	1.76094	2.38051	-1.65815	-0.957671	-0.0594185	0.732413	0.337273	-0.00723555	-0.93493	0.0128682	-0.354525	0.355603	-1.76312	0.840744	0.711482	0.278999	0.16677	-0.401362	5.42891	-0.453783	1.66065	0.223995	-0.632272	-0.575811	
1486226642201	-2.11215	1.63487	-2.13739	1.76094	2.38051	-1.65815	-0.957671	-0.0594185	0.732413	0.337273	-0.00723555	-0.93493	0.0128682	-0.354525	0.355603	-1.76312	0.840744	0.711482	0.278999	0.16677	-0.401362	5.42891	-0.453783	1.66065	0.223995	-0.632272	-0.575811	
1486226642211	-2.11215	1.63487	-2.13739	1.76094	2.38051	-1.65815	-0.957671	-0.0594181	0.732413	0.337273	-0.00723627	-0.93493	0.0128684	-0.354524	0.345319	-1.77526	0.841543	0.701505	0.278916	0.165716	-0.400672	5.42745	-0.433398	1.6838	0.226421	-0.630974	-0.576234	
1486226642221	-2.11215	1.63487	-2.13739	1.76094	2.38051	-1.65815	-0.957671	-0.0594179	0.732412	0.337272	-0.00723622	-0.93493	0.012869	-0.354524	0.345319	-1.77526	0.841543	0.701505	0.278916	0.165716	-0.400672	5.42745	-0.433398	1.6838	0.226421	-0.630974	-0.576234	
1486226642231	-2.11215	1.63487	-2.13739	1.76094	2.38051	-1.65815	-0.957671	-0.0594179	0.732412	0.337272	-0.00723622	-0.93493	0.012869	-0.354524	0.353554	-1.77174	0.839707	0.708819	0.27807	0.165333	-0.401335	5.43443	-0.445986	1.66672	0.226285	-0.630345	-0.577319	
1486226642251	-2.11215	1.63487	-2.13739	1.76094	2.38051	-1.65815	-0.957671	-0.0594179	0.732412	0.337272	-0.00723622	-0.93493	0.012869	-0.354524	0.355328	-1.794	0.852031	0.705636	0.276365	0.163565	-0.401853	5.46512	-0.449939	1.69876	0.228439	-0.629325	-0.579752	
1486226642261	-2.11215	1.63487	-2.13739	1.76094	2.38051	-1.65815	-0.957671	-0.0594179	0.732412	0.337272	-0.00723622	-0.93493	0.012869	-0.354524	0.355328	-1.794	0.852031	0.705636	0.276365	0.163565	-0.401853	5.46512	-0.449939	1.69876	0.228439	-0.629325	-0.579752	
1486226642281	-2.11215	1.63487	-2.13739	1.76094	2.38051	-1.65815	-0.957671	-0.0594179	0.732412	0.337272	-0.00723622	-0.93493	0.012869	-0.354524	0.348519	-1.78606	0.846545	0.705385	0.279031	0.164275	-0.401655	5.45627	-0.437043	1.68922	0.227233	-0.631657	-0.578733	
1486226642301	-2.11215	1.63487	-2.13739	1.76094	2.38051	-1.65815	-0.957671	-0.0594179	0.732412	0.337272	-0.00723622	-0.93493	0.012869	-0.354524	0.353665	-1.77135	0.844434	0.708211	0.280226	0.165487	-0.400957	5.43691	-0.451547	1.67551	0.224055	-0.632642	-0.576506	
1486226642311	-2.11215	1.63487	-2.13739	1.76094	2.38051	-1.65815	-0.957671	-0.0594179	0.732412	0.337272	-0.00723622	-0.93493	0.012869	-0.354524	0.327652	-1.77747	0.842737	0.699618	0.2823	0.163368	-0.400923	5.4452	-0.40133	1.68425	0.223728	-0.634209	-0.575605	
1486226642321	-2.11215	1.63487	-2.13739	1.76094	2.38051	-1.65815	-0.957671	-0.0594179	0.732412	0.337272	-0.00723622	-0.93493	0.012869	-0.354524	0.327652	-1.77747	0.842737	0.699618	0.2823	0.163368	-0.400923	5.4452	-0.40133	1.68425	0.223728	-0.634209	-0.575605	
1486226642331	-2.11215	1.63487	-2.13739	1.76094	2.38051	-1.65815	-0.957671	-0.0594179	0.732412	0.337272	-0.00723622	-0.93493	0.012869	-0.354524	0.326474	-1.75799	0.836136	0.701939	0.283787	0.164593	-0.401441	5.42156	-0.403817	1.66038	0.219974	-0.635489	-0.573659	
1486226642352	-2.11215	1.63487	-2.13739	1.76094	2.38051	-1.65815	-0.957671	-0.0594179	0.732412	0.337272	-0.00723622	-0.93493	0.012869	-0.354524	0.342998	-1.77545	0.841573	0.702636	0.281718	0.164903	-0.401815	5.43678	-0.43129	1.68217	0.22471	-0.633337	-0.577609	
1486226642440	-2.11215	1.63487	-2.13739	1.76094	2.38051	-1.65815	-0.957671	-0.0594176	0.732412	0.337272	-0.00723673	-0.93493	0.0128692	-0.354524	0.327998	-1.77877	0.839542	0.70155	0.280024	0.163471	-0.403323	5.451	-0.398784	1.67485	0.225453	-0.632678	-0.57801	
1486226642759	-2.11226	1.63487	-2.13739	1.76096	2.38075	-1.65825	-0.957671	-0.059471	0.732428	0.337215	-0.00718219	-0.934987	0.0128108	-0.354377	0.899699	-1.89578	0.961888	0.7609	0.199848	0.517894	-0.396882	5.16549	-1.32456	2.57932	0.485657	-0.750027	-0.56935	
1486226643160	-2.11612	1.63522	-2.13759	1.76191	2.38133	-1.65926	-0.957671	-0.0608863	0.732577	0.335932	-0.00646806	-0.935696	0.0127529	-0.352518	2.3064	-2.87865	2.01019	0.250844	-0.108143	1.63336	-0.316928	3.96246	-4.04086	7.70196	1.27336	-1.0793	-0.432052	
1486226643189	-2.11621	1.63537	-2.1376	1.76191	2.38134	-1.65935	-0.957671	-0.0609425	0.732617	0.335939	-0.00646222	-0.935728	0.0127078	-0.352433	2.37434	-2.82794	2.01174	0.240593	-0.114057	1.68309	-0.312469	3.77493	-4.18639	7.7919	1.29168	-1.09343	-0.418187	
1486226643362	-2.11661	1.636	-2.1377	1.76192	2.38145	-1.65963	-0.957671	-0.0612158	0.732826	0.335948	-0.00636274	-0.935865	0.0124626	-0.35208	2.66161	-2.92026	2.14709	0.19959	-0.166011	1.84749	-0.287894	3.51142	-4.72449	8.44696	1.40623	-1.12876	-0.38916	
1486226643849	-2.11766	1.63654	-2.1385	1.76252	2.38181	-1.66027	-0.957671	-0.0618487	0.73309	0.335899	-0.00598757	-0.93604	0.012093	-0.351634	3.14278	-3.60505	2.5721	-0.0476724	-0.347994	2.15424	-0.3203	3.50146	-5.63574	10.4106	1.72213	-1.14272	-0.44091	
1486226643929	-2.11777	1.63662	-2.13859	1.7626	2.38183	-1.66038	-0.957671	-0.0619972	0.733147	0.335905	-0.0059159	-0.936085	0.0120208	-0.35152	3.24485	-3.71806	2.65457	-0.106985	-0.37367	2.23514	-0.324753	3.42901	-5.84417	10.8506	1.7874	-1.16203	-0.44552	
1486226644179	-2.11874	1.63729	-2.13984	1.7632	2.38189	-1.66154	-0.957671	-0.0627254	0.73349	0.335969	-0.00547881	-0.936239	0.0118015	-0.351122	3.68057	-4.04688	2.87733	-0.408011	-0.410534	2.65153	-0.336974	2.69004	-6.75014	12.7642	2.07899	-1.31251	-0.457382	
1486226644389	-2.11954	1.63824	-2.13999	1.76376	2.382	-1.66231	-0.957671	-0.0632478	0.733689	0.336068	-0.00545421	-0.936468	0.0114152	-0.350526	4.06318	-4.40314	3.20455	-0.640058	-0.453812	2.96283	-0.337756	2.32186	-7.61104	14.4756	2.28698	-1.42856	-0.455055	
1486226644411	-2.11968	1.63833	-2.14002	1.76379	2.38201	-1.66238	-0.957671	-0.0633447	0.733727	0.336064	-0.00543062	-0.936504	0.0113412	-0.350432	4.08643	-4.41995	3.22254	-0.652023	-0.456481	2.97052	-0.339389	2.30412	-7.67104	14.5465	2.29127	-1.42892	-0.457383	
1486226644761	-2.11976	1.63835	-2.14004	1.76378	2.38208	-1.66239	-0.957671	-0.0634473	0.733777	0.33601	-0.00536699	-0.936556	0.0112883	-0.350296	4.11085	-4.30567	3.10899	-0.450664	-0.509011	2.76197	-0.338242	2.63159	-7.61793	13.5254	2.1909	-1.27943	-0.479885	
1486226645769	-2.11976	1.63835	-2.14004	1.76377	2.3821	-1.66239	-0.957671	-0.0634475	0.733779	0.336008	-0.0053627	-0.936558	0.0112846	-0.350291	4.05383	-4.25248	3.02291	-0.370974	-0.516133	2.72558	-0.340216	2.76749	-7.41379	13.1578	2.18524	-1.26175	-0.484486	
1486226646759	-2.11976	1.63835	-2.14003	1.76377	2.38211	-1.66239	-0.957671	-0.0634473	0.73378	0.336006	-0.0053613	-0.936559	0.0112839	-0.350288	4.05562	-4.23366	2.99254	-0.326937	-0.519314	2.71143	-0.340443	2.83942	-7.37495	13.0042	2.18397	-1.25478	-0.488294	
1486226647159	-2.11976	1.63835	-2.14003	1.76377	2.38211	-1.66239	-0.957671	-0.0634473	0.73378	0.336005	-0.0053606	-0.936559	0.0112835	-0.350287	4.05794	-4.19786	2.98654	-0.322673	-0.523812	2.7091	-0.339928	2.7916	-7.38983	12.9521	2.1751	-1.24885	-0.482242	
1486226647210	-2.11976	1.63835	-2.14003	1.76377	2.38211	-1.66239	-0.957673	-0.0634473	0.73378	0.336005	-0.0053606	-0.936559	0.0112835	-0.350287	4.06309	-4.15453	2.97521	-0.314833	-0.521088	2.71018	-0.340266	2.78897	-7.38506	12.9517	2.17326	-1.24843	-0.48124	
1486226647360	-2.11976	1.63835	-2.14003	1.76377	2.38211	-1.66239	-0.957673	-0.0634473	0.73378	0.336005	-0.00535915	-0.936559	0.0112834	-0.350286	4.05461	-4.19762	2.98746	-0.320804	-0.522926	2.70472	-0.342308	2.80571	-7.38833	12.9395	2.17104	-1.24805	-0.484483	
1486226647370	-2.11976	1.63835	-2.14003	1.76377	2.38211	-1.66239	-0.957673	-0.0634473	0.73378	0.336005	-0.00535915	-0.936559	0.0112834	-0.350286	4.05116	-4.18551	2.97776	-0.322876	-0.520747	2.70586	-0.341876	2.77904	-7.38194	12.9263	2.17031	-1.24874	-0.483472	
1486226648769	-2.11976	1.63835	-2.14003	1.76376	2.38211	-1.66239	-0.957673	-0.0634465	0.733781	0.336003	-0.00535847	-0.93656	0.011286	-0.350285	4.05267	-4.17138	2.96542	-0.289994	-0.52676	2.69298	-0.341682	2.83845	-7.36028	12.8146	2.16585	-1.24074	-0.483882	
