time	
31.4861	
31.4861	
31.5001	
31.5141	
31.5141	
31.5281	
31.5421	
31.5561	
31.5561	
31.5701	
31.5841	
31.5841	
31.5981	
31.6121	
31.6261	
31.6261	
31.6401	
31.6541	
31.6541	
31.6681	
31.6821	
31.6961	
31.6961	
31.7101	
31.7241	
31.7241	
31.7381	
31.7521	
31.7661	
31.7661	
31.7801	
31.7941	
31.7941	
31.8081	
31.8221	
31.8361	
31.8361	
31.8501	
31.8641	
31.8641	
31.8781	
31.8921	
31.9061	
31.9061	
31.9201	
31.9341	
31.9341	
31.9481	
31.9621	
31.9761	
31.9761	
31.9901	
32.0041	
32.0041	
32.0181	
32.0321	
32.0462	
32.0462	
32.0601	
32.0744	
32.0744	
32.0881	
32.1021	
32.1161	
32.1161	
32.1301	
32.1441	
32.1441	
32.1581	
32.1721	
32.1861	
32.1861	
32.2001	
32.2141	
32.2141	
32.2281	
32.2421	
32.2561	
32.2561	
32.2701	
32.2841	
32.2841	
32.2981	
32.3121	
32.3261	
32.3261	
32.3401	
32.3541	
32.3541	
32.3681	
32.3821	
32.3963	
32.3963	
32.4101	
32.4241	
32.4241	
32.4381	
32.4521	
32.4662	
32.4662	
32.4801	
32.4941	
32.4941	
32.5081	
32.5221	
32.5361	
32.5361	
32.5501	
32.5641	
32.5641	
32.5781	
32.5921	
32.6061	
32.6061	
32.6201	
32.6341	
32.6341	
32.6481	
32.6621	
32.6761	
32.6761	
32.6901	
32.7041	
32.7041	
32.7181	
32.7321	
32.7461	
32.7461	
32.7601	
32.7741	
32.7741	
32.7881	
32.8021	
32.8161	
32.8161	
32.8301	
32.8441	
32.8441	
32.8581	
32.8721	
32.8862	
32.8862	
32.9001	
32.9141	
32.9141	
32.9281	
32.9421	
32.9564	
32.9564	
32.9701	
32.9841	
32.9841	
32.9981	
33.0121	
33.0261	
33.0261	
33.0401	
33.0541	
33.0541	
33.0681	
33.0821	
33.0961	
33.0961	
33.1101	
33.1241	
33.1241	
33.1381	
33.1521	
33.1662	
33.1662	
33.1801	
33.1941	
33.1941	
33.2081	
33.2221	
33.2361	
33.2361	
33.2501	
33.2641	
33.2641	
33.2781	
33.2921	
33.3061	
33.3061	
33.3201	
33.3341	
33.3341	
33.3481	
33.3621	
33.3761	
33.3761	
33.3901	
33.4041	
33.4041	
33.4181	
33.4321	
33.4461	
33.4461	
33.4601	
33.4741	
33.4741	
33.4881	
33.5021	
33.5161	
33.5161	
33.5301	
33.5441	
33.5441	
33.5581	
33.5721	
33.5861	
33.5861	
33.6001	
33.6141	
33.6141	
33.6281	
33.6421	
33.6561	
33.6561	
33.6701	
33.6841	
33.6841	
33.6981	
33.7121	
33.7262	
33.7262	
33.7401	
33.7541	
33.7541	
33.7682	
33.7822	
33.7961	
33.7961	
33.8101	
33.8241	
33.8241	
33.8381	
33.8521	
33.8661	
33.8661	
33.8801	
33.8941	
33.8941	
33.9081	
33.9221	
33.9361	
33.9361	
33.9501	
33.9641	
33.9641	
33.9781	
33.9921	
34.0062	
34.0062	
34.0201	
34.0341	
34.0341	
34.0481	
34.0621	
34.0761	
34.0761	
34.0901	
34.1041	
34.1041	
34.1181	
34.1321	
34.1462	
34.1462	
34.1601	
34.1741	
34.1741	
34.1881	
34.2021	
34.2161	
34.2161	
34.2301	
34.2441	
34.2441	
34.2581	
34.2721	
34.2862	
34.2862	
34.3001	
34.3141	
34.3141	
34.3281	
34.3421	
34.3561	
34.3561	
34.3702	
34.3841	
34.3841	
34.3981	
34.4121	
34.4261	
34.4261	
34.4401	
34.4541	
34.4541	
34.4681	
34.4821	
34.4961	
34.4961	
34.5101	
34.5241	
34.5241	
34.5381	
34.5521	
34.5662	
34.5662	
34.5801	
34.5941	
34.5941	
34.6081	
34.6221	
34.6361	
34.6361	
34.6501	
34.6641	
34.6641	
34.6781	
34.6921	
34.7061	
34.7061	
34.7201	
34.7341	
34.7341	
34.7481	
34.7621	
34.7761	
34.7761	
34.7901	
34.8041	
34.8041	
34.8181	
34.8321	
34.8461	
34.8461	
34.8602	
34.8741	
34.8741	
34.8882	
34.9021	
34.9161	
34.9161	
34.9301	
34.9441	
34.9441	
34.9581	
34.9722	
34.9862	
34.9862	
35.0001	
35.0141	
35.0141	
35.0281	
35.0421	
35.0561	
35.0561	
35.0701	
35.0841	
35.0841	
35.0981	
35.1121	
35.1261	
35.1261	
35.1401	
35.1541	
35.1541	
35.1681	
35.1821	
35.1962	
35.1962	
35.2101	
35.2241	
35.2241	
35.2381	
35.2521	
35.2662	
35.2662	
35.2801	
35.2941	
35.2941	
35.3081	
35.3221	
35.3361	
35.3361	
35.3501	
35.3641	
35.3641	
35.3781	
35.3921	
35.4061	
35.4061	
35.4201	
35.4341	
35.4341	
35.4481	
35.4621	
35.4761	
35.4761	
35.4901	
35.5041	
35.5041	
35.5181	
35.5321	
35.5462	
35.5462	
35.5601	
35.5742	
35.5742	
35.5881	
35.6021	
35.6161	
35.6161	
35.6301	
35.6441	
35.6441	
35.6581	
35.6721	
35.6862	
35.6862	
35.7001	
35.7141	
35.7141	
35.7281	
35.7421	
35.7561	
35.7561	
35.7701	
35.7841	
35.7841	
35.7981	
35.8121	
35.8262	
35.8262	
35.8405	
35.8541	
35.8541	
35.8681	
35.8821	
35.8961	
35.8961	
35.9101	
35.9241	
35.9241	
35.9381	
35.9521	
35.9661	
35.9661	
35.9801	
35.9941	
35.9941	
36.0081	
36.0221	
36.0361	
36.0361	
36.0501	
36.0641	
36.0641	
36.0781	
36.0921	
36.1061	
36.1061	
36.1201	
36.1341	
36.1341	
36.1481	
36.1621	
36.1762	
36.1762	
36.1901	
36.2041	
36.2041	
36.2181	
36.2321	
36.2461	
36.2461	
36.2601	
36.2741	
36.2741	
36.2881	
36.3021	
36.3161	
36.3161	
36.3301	
36.3441	
36.3441	
36.3581	
36.3721	
36.3861	
36.3861	
36.4001	
36.4141	
36.4141	
36.4281	
36.4421	
36.4561	
36.4561	
36.4701	
36.4841	
36.4841	
36.4981	
36.5121	
36.5261	
36.5261	
36.5401	
36.5541	
36.5541	
36.5681	
36.5821	
36.5961	
36.5961	
36.6101	
36.6241	
36.6241	
36.6381	
36.6521	
36.6661	
36.6661	
36.6801	
36.6941	
36.6941	
36.7081	
36.7221	
36.7361	
36.7361	
36.7501	
36.7641	
36.7641	
36.7782	
36.7921	
36.8061	
36.8061	
36.8201	
36.8341	
36.8481	
36.8481	
36.8621	
36.8761	
36.8761	
36.8901	
36.9041	
36.9041	
36.9181	
36.9321	
36.9462	
36.9462	
36.9601	
36.9741	
36.9741	
36.9881	
37.0021	
37.0161	
37.0161	
37.0301	
37.0441	
37.0441	
37.0581	
37.0721	
37.0861	
37.0861	
37.1001	
