time	joint_joint0	joint_joint1	joint_joint2	joint_joint3	joint_joint4	joint_joint5	joint_joint6	cart_pos_x	cart_pos_y	cart_pos_z	cart_quat_x	cart_quat_y	cart_quat_z	cart_quat_w	force_joint_joint0	force_joint_joint1	force_joint_joint2	force_joint_joint3	force_joint_joint4	force_joint_joint5	force_joint_joint6	cart_force_x	cart_force_y	cart_force_z	cart_trq_x	cart_trq_y	cart_trq_z	
1486228633478	-2.11237	1.6357	-2.13732	1.76058	2.3802	-1.6582	-0.957664	-0.0596212	0.732797	0.337311	-0.0072039	-0.935063	0.0127648	-0.354179	0.214652	-1.24686	0.436951	0.655983	0.473339	0.172984	-0.405669	4.50874	-0.300226	1.06773	0.12382	-0.72502	-0.576567	
1486228633788	-2.11237	1.63491	-2.13709	1.76099	2.38044	-1.65816	-0.957664	-0.059421	0.732348	0.337176	-0.00733211	-0.934979	0.012913	-0.354392	0.405488	-1.83866	0.903812	0.681673	0.322082	0.169371	-0.415594	5.50994	-0.635382	1.89849	0.208675	-0.667532	-0.60383	
1486228633868	-2.11237	1.63491	-2.13699	1.761	2.38045	-1.65816	-0.957664	-0.059392	0.732316	0.337168	-0.0073808	-0.934988	0.0129159	-0.354367	0.414823	-1.8703	0.960602	0.678948	0.309966	0.161271	-0.419071	5.5825	-0.686438	1.96224	0.198097	-0.660703	-0.60259	
1486228634078	-2.11237	1.63491	-2.13673	1.76106	2.38052	-1.65814	-0.957664	-0.0593244	0.732242	0.337158	-0.00749308	-0.935007	0.0128909	-0.354316	0.416031	-1.96441	1.06536	0.662089	0.282467	0.155775	-0.420172	5.73214	-0.720815	2.14152	0.198275	-0.649409	-0.598046	
1486228634508	-2.11237	1.63491	-2.13662	1.76108	2.38056	-1.65814	-0.957666	-0.0592937	0.732205	0.337153	-0.0075466	-0.935019	0.0128801	-0.354283	0.406654	-1.99058	1.08261	0.640188	0.253713	0.156321	-0.421225	5.71025	-0.700382	2.18521	0.209396	-0.626842	-0.594097	
1486228634878	-2.11237	1.63491	-2.13659	1.7611	2.38056	-1.65814	-0.957666	-0.0592876	0.732196	0.337155	-0.00756008	-0.93502	0.0128783	-0.354279	0.406702	-1.98771	1.06063	0.637587	0.253582	0.158248	-0.419084	5.67782	-0.682712	2.16828	0.217366	-0.623795	-0.595294	
1486228634888	-2.11237	1.63491	-2.13659	1.7611	2.38056	-1.65814	-0.957666	-0.0592877	0.732196	0.337155	-0.00756036	-0.93502	0.0128779	-0.35428	0.406702	-1.98771	1.06063	0.637587	0.253582	0.158248	-0.419084	5.67782	-0.682712	2.16828	0.217366	-0.623795	-0.595294	
1486228636278	-2.11804	1.63655	-2.13855	1.76264	2.38172	-1.66067	-0.957671	-0.0619842	0.733071	0.335761	-0.00597084	-0.936128	0.0122313	-0.351396	3.34898	-3.59216	2.57957	-0.0853979	-0.294213	2.31887	-0.325972	3.18723	-6.06436	10.907	1.7996	-1.25421	-0.451134	
1486228636958	-2.11986	1.63808	-2.13993	1.76375	2.38195	-1.66252	-0.957674	-0.0634088	0.733669	0.335865	-0.00540994	-0.936573	0.0115369	-0.35024	4.22789	-4.29387	3.13902	-0.496445	-0.427988	2.92029	-0.343293	2.41169	-7.90185	14.0546	2.2466	-1.42119	-0.481511	
1486228637098	-2.11986	1.63808	-2.13993	1.76375	2.38196	-1.66252	-0.957674	-0.0634088	0.73367	0.335864	-0.00540842	-0.936574	0.0115357	-0.350238	4.2735	-4.25541	3.09064	-0.445515	-0.446483	2.89173	-0.344312	2.4198	-7.94534	13.8187	2.24174	-1.38638	-0.489902	
1486228637188	-2.11986	1.63808	-2.13993	1.76375	2.38196	-1.66252	-0.957674	-0.0634088	0.73367	0.335863	-0.00540739	-0.936575	0.0115329	-0.350235	4.27971	-4.24893	3.07122	-0.419773	-0.450967	2.88304	-0.345817	2.46262	-7.92983	13.7275	2.24326	-1.37934	-0.494546	
1486228638668	-2.11986	1.63808	-2.13993	1.76374	2.38198	-1.66252	-0.957679	-0.0634084	0.733671	0.335859	-0.00540061	-0.936577	0.0115329	-0.35023	4.21703	-4.14807	2.98865	-0.338086	-0.458254	2.83231	-0.351472	2.55655	-7.75502	13.2881	2.21137	-1.3539	-0.494555	
1486228639128	-2.11986	1.63807	-2.13993	1.76374	2.38198	-1.66252	-0.957681	-0.0634081	0.733671	0.335858	-0.0053989	-0.936577	0.011533	-0.35023	4.21352	-4.14096	2.97866	-0.326275	-0.458717	2.82185	-0.35187	2.57857	-7.74029	13.2291	2.20649	-1.34845	-0.496426	
1486228639489	-2.11986	1.63807	-2.13993	1.76374	2.38198	-1.66252	-0.957683	-0.0634081	0.733671	0.335858	-0.00539806	-0.936577	0.0115333	-0.35023	4.2119	-4.13855	2.96735	-0.315079	-0.457046	2.81531	-0.353002	2.60366	-7.72639	13.1837	2.20504	-1.34667	-0.500019	
1486228639628	-2.11986	1.63807	-2.13993	1.76374	2.38198	-1.66252	-0.957683	-0.0634081	0.733671	0.335858	-0.00539771	-0.936577	0.0115326	-0.35023	4.21092	-4.13703	2.96855	-0.309622	-0.457269	2.81159	-0.352845	2.61939	-7.7236	13.1669	2.20226	-1.34561	-0.499811	
1486228639988	-2.11986	1.63807	-2.13993	1.76374	2.38198	-1.66252	-0.957684	-0.0634079	0.733671	0.335857	-0.00539658	-0.936577	0.0115341	-0.35023	4.2327	-4.13311	2.96559	-0.299601	-0.457879	2.80959	-0.351653	2.61915	-7.76046	13.1454	2.20211	-1.34267	-0.501309	
1486228640268	-2.11986	1.63807	-2.13993	1.76374	2.38198	-1.66252	-0.957686	-0.0634074	0.733671	0.335858	-0.0053961	-0.936577	0.0115342	-0.35023	4.19939	-4.13843	2.95996	-0.306336	-0.456495	2.80431	-0.351917	2.63567	-7.69235	13.1371	2.20098	-1.34248	-0.500684	
1486228640408	-2.11986	1.63807	-2.13993	1.76374	2.38198	-1.66252	-0.957686	-0.0634079	0.733671	0.335857	-0.00539547	-0.936577	0.0115338	-0.350229	4.23987	-4.12726	2.96116	-0.29282	-0.463416	2.80689	-0.352142	2.61765	-7.76846	13.1145	2.20224	-1.33649	-0.501622	
1486228641080	-2.11986	1.63807	-2.13993	1.76374	2.38198	-1.66252	-0.957688	-0.0634077	0.733671	0.335857	-0.00539434	-0.936578	0.011535	-0.350229	4.21818	-4.11382	2.95093	-0.278891	-0.462294	2.79972	-0.352265	2.65116	-7.71615	13.0502	2.197	-1.33684	-0.49988	
