time	joint_joint0	joint_joint1	joint_joint2	joint_joint3	joint_joint4	joint_joint5	joint_joint6	cart_pos_x	cart_pos_y	cart_pos_z	cart_quat_x	cart_quat_y	cart_quat_z	cart_quat_w	force_joint_joint0	force_joint_joint1	force_joint_joint2	force_joint_joint3	force_joint_joint4	force_joint_joint5	force_joint_joint6	cart_force_x	cart_force_y	cart_force_z	cart_trq_x	cart_trq_y	cart_trq_z	
1486249717154	-2.24679	1.63739	-2.17305	1.8819	2.30174	-1.65976	-0.957899	-0.112597	0.717944	0.330944	-0.0067804	-0.933618	0.00896727	-0.358093	1.85753	-2.67142	1.88717	-0.62141	0.310906	1.19025	-0.391549	2.34295	-3.91257	8.84664	0.846153	-1.01747	-0.600111	
1486249717686	-2.24678	1.63737	-2.17303	1.88186	2.30177	-1.65975	-0.957899	-0.112584	0.717945	0.330926	-0.00677213	-0.933623	0.00898019	-0.358081	1.78318	-2.62405	1.79986	-0.580297	0.341349	1.14659	-0.388513	2.41402	-3.74099	8.55996	0.820253	-1.01989	-0.605845	
1486249718134	-2.24678	1.63735	-2.17296	1.8818	2.30179	-1.65977	-0.957899	-0.112564	0.717934	0.330897	-0.00678452	-0.933633	0.00901273	-0.358052	2.00846	-2.62574	1.78185	-0.563925	0.339739	1.47614	-0.417423	2.18198	-3.99704	9.19196	1.02665	-1.19829	-0.606542	
1486249719355	-2.24899	1.63802	-2.17348	1.8818	2.30296	-1.66065	-0.957899	-0.113542	0.718314	0.33022	-0.00602338	-0.934232	0.00866027	-0.356511	3.73802	-4.04089	3.30328	-1.14425	-0.330916	2.5598	-0.38887	1.43868	-6.98161	15.1129	1.97091	-1.23611	-0.519115	
1486249719438	-2.24908	1.6381	-2.17355	1.8818	2.30297	-1.66072	-0.957899	-0.113598	0.718351	0.330218	-0.00598601	-0.934251	0.00862477	-0.356461	3.80119	-4.04469	3.32158	-1.16966	-0.340644	2.59176	-0.395754	1.32712	-7.12275	15.2435	1.98835	-1.2381	-0.523712	
1486249719444	-2.24908	1.6381	-2.17355	1.8818	2.30297	-1.66072	-0.957899	-0.113598	0.718351	0.330218	-0.00598601	-0.934251	0.00862477	-0.356461	3.80119	-4.04469	3.32158	-1.16966	-0.340644	2.59176	-0.395754	1.32712	-7.12275	15.2435	1.98835	-1.2381	-0.523712	
1486249719744	-2.2495	1.63847	-2.17392	1.88184	2.30315	-1.66101	-0.957899	-0.11391	0.718533	0.330199	-0.00577936	-0.934376	0.00843346	-0.356142	3.98415	-4.21525	3.48835	-1.25931	-0.413929	2.72078	-0.398728	1.20948	-7.4425	15.9597	2.10051	-1.24507	-0.519897	
1486249719848	-2.2498	1.63866	-2.17416	1.8819	2.30325	-1.66121	-0.957899	-0.11407	0.718615	0.330182	-0.00567464	-0.934438	0.00834411	-0.355982	4.12159	-4.31487	3.59027	-1.28314	-0.458716	2.79695	-0.402687	1.1958	-7.68515	16.3471	2.1673	-1.25126	-0.522179	
1486249722965	-2.25022	1.63882	-2.17508	1.88194	2.30356	-1.66165	-0.957901	-0.114541	0.718903	0.330153	-0.00518402	-0.934551	0.00813518	-0.355699	4.37051	-4.35056	3.65034	-1.15333	-0.646697	2.55349	-0.361667	1.31188	-8.15955	15.6496	2.10637	-0.952835	-0.523724	
1486249723015	-2.25022	1.63882	-2.17508	1.88194	2.30356	-1.66165	-0.957901	-0.114541	0.718904	0.330153	-0.00518412	-0.934551	0.00813468	-0.355699	4.38673	-4.34375	3.64924	-1.14551	-0.648008	2.55486	-0.359802	1.30447	-8.18905	15.6374	2.10712	-0.951814	-0.522647	
1486249723041	-2.25022	1.63882	-2.17508	1.88194	2.30356	-1.66165	-0.957901	-0.114541	0.718904	0.330153	-0.00518412	-0.934551	0.00813468	-0.355699	4.35332	-4.3432	3.64821	-1.15429	-0.644658	2.55133	-0.360067	1.31245	-8.12747	15.636	2.10236	-0.954234	-0.519967	
