time	
2603.41	
2603.42	
2603.42	
2603.44	
2603.45	
2603.47	
2603.47	
2603.48	
2603.49	
2603.49	
2603.51	
2603.52	
2603.54	
2603.54	
2603.55	
2603.56	
2603.56	
2603.58	
2603.59	
2603.61	
2603.61	
2603.62	
2603.63	
2603.63	
2603.65	
2603.66	
2603.68	
2603.68	
2603.69	
2603.7	
2603.7	
2603.72	
2603.73	
2603.75	
2603.75	
2603.76	
2603.77	
2603.77	
2603.79	
2603.8	
2603.82	
2603.82	
2603.83	
2603.84	
2603.84	
2603.86	
2603.87	
2603.89	
2603.89	
2603.9	
2603.91	
2603.91	
2603.93	
2603.94	
2603.96	
2603.96	
2603.97	
2603.98	
2603.98	
2604	
2604.01	
2604.03	
2604.03	
2604.04	
2604.05	
2604.05	
2604.07	
2604.08	
2604.1	
2604.1	
2604.11	
2604.12	
2604.12	
2604.14	
2604.15	
2604.17	
2604.17	
2604.18	
2604.19	
2604.19	
2604.21	
2604.22	
2604.24	
2604.24	
2604.25	
2604.26	
2604.26	
2604.28	
2604.29	
2604.31	
2604.31	
2604.32	
2604.33	
2604.33	
2604.35	
2604.36	
2604.38	
2604.38	
2604.39	
2604.4	
2604.42	
2604.42	
2604.43	
2604.45	
2604.45	
2604.46	
2604.47	
2604.47	
2604.49	
2604.5	
2604.52	
2604.52	
2604.53	
2604.54	
2604.54	
2604.56	
2604.57	
2604.59	
2604.59	
2604.6	
2604.61	
2604.61	
2604.63	
2604.64	
2604.66	
2604.66	
2604.67	
2604.68	
2604.68	
2604.7	
2604.71	
2604.73	
2604.73	
2604.74	
2604.75	
2604.75	
2604.77	
2604.78	
2604.8	
2604.8	
2604.81	
2604.82	
2604.82	
2604.84	
2604.85	
2604.87	
2604.87	
2604.88	
2604.89	
2604.89	
2604.91	
2604.92	
2604.94	
2604.94	
2604.95	
2604.96	
2604.96	
2604.98	
2604.99	
2605.01	
2605.01	
2605.02	
2605.03	
2605.03	
2605.05	
2605.06	
2605.08	
2605.08	
2605.09	
2605.1	
2605.1	
2605.12	
2605.13	
2605.15	
2605.15	
2605.16	
2605.17	
2605.17	
2605.19	
2605.2	
2605.22	
2605.22	
2605.23	
2605.24	
2605.24	
2605.26	
2605.27	
2605.29	
2605.29	
2605.3	
2605.31	
2605.31	
2605.33	
2605.34	
2605.36	
2605.36	
2605.37	
2605.38	
2605.38	
2605.4	
2605.41	
2605.43	
2605.43	
2605.44	
2605.45	
2605.45	
2605.47	
2605.48	
2605.5	
2605.5	
2605.51	
2605.52	
2605.52	
2605.54	
2605.55	
2605.57	
2605.57	
2605.58	
2605.59	
2605.59	
2605.61	
2605.62	
2605.64	
2605.64	
2605.65	
2605.66	
2605.66	
2605.68	
2605.69	
2605.71	
2605.71	
2605.72	
2605.73	
2605.73	
2605.75	
2605.76	
2605.78	
2605.78	
2605.79	
2605.8	
2605.8	
2605.82	
2605.83	
2605.85	
2605.85	
2605.86	
2605.87	
2605.87	
2605.89	
2605.9	
2605.92	
2605.92	
2605.93	
2605.94	
2605.94	
2605.96	
2605.97	
2605.99	
2605.99	
2606	
2606.01	
2606.01	
2606.03	
2606.04	
2606.06	
2606.06	
2606.07	
2606.08	
2606.08	
2606.1	
2606.11	
2606.13	
2606.13	
2606.14	
2606.15	
2606.15	
2606.17	
2606.18	
2606.2	
2606.2	
2606.21	
2606.22	
2606.22	
2606.24	
2606.25	
2606.27	
2606.27	
2606.28	
2606.29	
2606.29	
2606.31	
2606.32	
2606.34	
2606.34	
2606.35	
2606.36	
2606.36	
2606.38	
2606.39	
2606.41	
2606.41	
2606.42	
2606.43	
2606.43	
2606.45	
2606.46	
2606.48	
2606.48	
2606.49	
2606.5	
2606.5	
2606.52	
2606.53	
2606.55	
2606.55	
2606.56	
2606.57	
2606.57	
2606.59	
2606.6	
2606.62	
2606.62	
2606.63	
2606.64	
2606.64	
2606.66	
2606.67	
2606.69	
2606.69	
2606.7	
2606.71	
2606.71	
2606.73	
2606.74	
2606.76	
2606.76	
2606.77	
2606.78	
2606.78	
2606.8	
2606.81	
2606.83	
2606.83	
2606.84	
2606.85	
2606.85	
2606.87	
2606.88	
2606.9	
2606.9	
2606.91	
2606.92	
2606.92	
2606.94	
2606.95	
2606.97	
2606.97	
2606.98	
2606.99	
2606.99	
2607.01	
2607.02	
2607.04	
2607.04	
2607.05	
2607.06	
2607.06	
2607.08	
2607.09	
2607.11	
2607.11	
2607.12	
2607.13	
2607.13	
2607.15	
2607.16	
2607.18	
2607.18	
2607.19	
2607.2	
2607.2	
2607.22	
2607.23	
2607.25	
2607.25	
2607.26	
2607.27	
2607.27	
2607.29	
2607.3	
2607.32	
2607.32	
2607.33	
2607.34	
2607.34	
2607.36	
2607.37	
2607.39	
2607.39	
2607.4	
2607.41	
2607.41	
2607.43	
2607.44	
2607.46	
2607.46	
2607.47	
2607.48	
2607.48	
2607.5	
2607.51	
2607.53	
2607.53	
2607.54	
2607.55	
2607.55	
2607.57	
2607.58	
2607.6	
2607.6	
2607.61	
2607.62	
2607.62	
2607.64	
2607.65	
2607.67	
2607.67	
2607.68	
2607.69	
2607.69	
2607.71	
2607.72	
2607.74	
2607.74	
2607.75	
2607.76	
2607.76	
2607.78	
2607.79	
2607.81	
2607.81	
2607.82	
2607.83	
2607.83	
2607.85	
2607.86	
2607.88	
2607.88	
2607.89	
2607.9	
2607.9	
2607.92	
2607.93	
2607.95	
2607.95	
2607.96	
2607.97	
2607.97	
2607.99	
2608	
2608.02	
2608.02	
2608.03	
2608.04	
2608.04	
2608.06	
2608.07	
2608.09	
2608.09	
2608.1	
2608.11	
2608.11	
2608.13	
2608.14	
2608.16	
2608.16	
2608.17	
2608.18	
2608.18	
2608.2	
2608.21	
2608.23	
2608.23	
2608.24	
2608.25	
2608.25	
2608.27	
2608.28	
2608.3	
2608.3	
2608.31	
2608.32	
2608.32	
2608.34	
2608.35	
2608.37	
2608.37	
2608.38	
2608.39	
2608.39	
2608.41	
2608.42	
2608.44	
2608.44	
2608.45	
2608.46	
2608.46	
2608.48	
2608.49	
2608.51	
2608.51	
2608.52	
2608.53	
2608.53	
2608.55	
2608.56	
2608.58	
2608.58	
2608.59	
2608.6	
2608.6	
2608.62	
2608.63	
2608.65	
2608.65	
2608.66	
2608.67	
2608.67	
2608.69	
2608.7	
2608.72	
2608.72	
2608.73	
2608.74	
2608.74	
2608.76	
2608.77	
2608.79	
2608.79	
2608.8	
2608.81	
2608.81	
2608.83	
2608.84	
2608.86	
2608.86	
2608.87	
2608.88	
2608.88	
2608.9	
2608.91	
2608.93	
2608.93	
2608.94	
2608.95	
2608.95	
2608.97	
2608.98	
2609	
2609	
2609.01	
2609.02	
2609.02	
2609.04	
2609.05	
2609.07	
2609.07	
2609.08	
2609.09	
2609.09	
2609.11	
2609.12	
2609.14	
2609.14	
2609.15	
2609.16	
2609.16	
2609.18	
2609.19	
2609.21	
2609.21	
2609.22	
2609.23	
2609.23	
2609.25	
2609.26	
2609.28	
2609.28	
2609.29	
2609.3	
2609.3	
2609.32	
2609.33	
2609.35	
2609.35	
2609.36	
2609.37	
2609.37	
2609.39	
2609.4	
2609.42	
2609.42	
2609.43	
2609.44	
2609.44	
2609.46	
2609.47	
2609.49	
2609.49	
2609.5	
2609.51	
2609.51	
2609.53	
2609.54	
2609.56	
2609.56	
2609.57	
2609.58	
2609.58	
2609.6	
2609.61	
2609.63	
2609.63	
2609.64	
2609.65	
2609.65	
2609.67	
2609.68	
2609.7	
2609.7	
2609.71	
2609.72	
2609.72	
2609.74	
2609.75	
2609.77	
2609.77	
2609.78	
2609.79	
2609.79	
2609.81	
2609.82	
2609.84	
2609.84	
2609.85	
2609.86	
2609.86	
2609.88	
2609.89	
2609.91	
2609.91	
2609.92	
2609.93	
2609.93	
2609.95	
2609.96	
2609.98	
2609.98	
2609.99	
2610	
2610	
2610.02	
2610.03	
2610.05	
2610.05	
2610.06	
2610.07	
2610.07	
2610.09	
2610.1	
2610.12	
2610.12	
2610.13	
2610.14	
2610.14	
2610.16	
2610.17	
2610.19	
2610.19	
2610.2	
2610.21	
2610.21	
2610.23	
2610.24	
2610.26	
2610.26	
2610.27	
2610.28	
2610.28	
2610.3	
2610.31	
2610.33	
2610.33	
2610.34	
2610.35	
2610.35	
2610.37	
2610.38	
2610.4	
2610.4	
2610.41	
2610.42	
2610.42	
2610.44	
2610.45	
2610.47	
2610.47	
2610.48	
2610.49	
2610.49	
2610.51	
2610.52	
2610.54	
2610.54	
2610.55	
2610.56	
2610.56	
2610.58	
2610.59	
2610.61	
2610.61	
2610.62	
2610.63	
2610.63	
2610.65	
2610.66	
2610.68	
2610.68	
2610.69	
2610.7	
2610.7	
2610.72	
2610.73	
2610.75	
2610.75	
2610.76	
2610.77	
2610.77	
2610.79	
2610.8	
2610.82	
2610.82	
2610.83	
2610.84	
2610.84	
2610.86	
2610.87	
2610.89	
2610.89	
2610.9	
2610.91	
2610.91	
2610.93	
2610.94	
2610.96	
2610.96	
2610.97	
2610.98	
2610.98	
2611	
2611.01	
2611.03	
2611.03	
2611.04	
2611.05	
2611.05	
2611.07	
2611.08	
2611.1	
2611.1	
2611.11	
2611.12	
2611.12	
2611.14	
2611.15	
2611.17	
2611.17	
2611.18	
2611.19	
2611.19	
2611.21	
2611.22	
2611.24	
2611.24	
2611.25	
2611.26	
2611.26	
2611.28	
2611.29	
2611.31	
2611.31	
2611.32	
2611.33	
2611.33	
2611.35	
2611.36	
2611.38	
2611.38	
2611.39	
2611.4	
2611.4	
2611.42	
2611.43	
2611.45	
2611.45	
2611.46	
2611.47	
2611.47	
2611.49	
2611.5	
2611.52	
2611.52	
2611.53	
2611.54	
2611.54	
2611.56	
2611.57	
2611.59	
2611.59	
2611.6	
2611.61	
2611.61	
2611.63	
2611.64	
2611.66	
2611.66	
2611.67	
2611.68	
2611.68	
2611.7	
2611.71	
2611.73	
2611.73	
2611.74	
2611.75	
2611.75	
2611.77	
2611.78	
2611.8	
2611.8	
2611.81	
2611.82	
2611.82	
2611.84	
2611.85	
2611.87	
2611.87	
2611.88	
2611.89	
2611.89	
2611.91	
2611.92	
2611.94	
2611.94	
2611.95	
2611.96	
2611.96	
2611.98	
2611.99	
2612.01	
2612.01	
2612.02	
2612.03	
2612.03	
2612.05	
2612.06	
2612.08	
2612.08	
2612.09	
2612.1	
2612.1	
2612.12	
2612.13	
2612.15	
2612.15	
2612.16	
2612.17	
2612.17	
2612.19	
2612.2	
2612.22	
2612.22	
2612.23	
2612.24	
2612.24	
2612.26	
2612.27	
2612.29	
2612.29	
2612.3	
2612.31	
2612.31	
2612.33	
2612.34	
2612.36	
2612.36	
2612.37	
2612.38	
2612.38	
2612.4	
2612.41	
2612.43	
2612.43	
2612.44	
2612.45	
2612.45	
2612.47	
2612.48	
2612.5	
2612.5	
2612.51	
2612.52	
2612.52	
2612.54	
2612.55	
2612.57	
2612.57	
2612.58	
2612.59	
2612.59	
2612.61	
2612.62	
2612.64	
2612.64	
2612.65	
2612.66	
2612.66	
2612.68	
2612.69	
2612.71	
2612.71	
2612.72	
2612.73	
2612.73	
2612.75	
2612.76	
2612.78	
2612.78	
2612.79	
2612.8	
2612.8	
2612.82	
2612.83	
2612.85	
2612.85	
2612.86	
2612.87	
2612.87	
2612.89	
2612.9	
2612.92	
2612.92	
2612.93	
2612.94	
2612.94	
2612.96	
2612.97	
2612.99	
2612.99	
2613	
2613.01	
2613.01	
2613.03	
2613.04	
2613.06	
2613.06	
2613.07	
2613.08	
2613.08	
2613.1	
2613.11	
2613.13	
2613.13	
2613.14	
2613.15	
2613.15	
2613.17	
2613.18	
2613.2	
2613.2	
2613.21	
2613.22	
2613.22	
2613.24	
2613.25	
2613.27	
2613.27	
2613.28	
2613.29	
2613.29	
2613.31	
2613.32	
2613.34	
2613.34	
2613.35	
2613.36	
2613.36	
2613.38	
2613.39	
2613.41	
2613.41	
2613.42	
2613.43	
2613.43	
2613.45	
2613.46	
2613.48	
2613.48	
2613.49	
2613.5	
2613.5	
2613.52	
2613.53	
2613.55	
2613.55	
2613.56	
2613.57	
2613.57	
2613.59	
2613.6	
2613.62	
2613.62	
2613.63	
2613.64	
2613.64	
2613.66	
2613.67	
2613.69	
2613.69	
2613.7	
2613.71	
2613.71	
2613.73	
2613.74	
2613.76	
2613.76	
2613.77	
2613.78	
2613.78	
2613.8	
2613.81	
2613.83	
2613.83	
2613.84	
2613.85	
2613.85	
2613.87	
2613.88	
2613.9	
2613.9	
2613.91	
2613.92	
2613.92	
2613.94	
2613.95	
2613.97	
2613.97	
2613.98	
2613.99	
2613.99	
2614.01	
2614.02	
2614.04	
2614.04	
2614.05	
2614.06	
2614.06	
2614.08	
2614.09	
2614.11	
2614.11	
2614.12	
2614.13	
2614.13	
2614.15	
2614.16	
2614.18	
2614.18	
2614.19	
2614.2	
2614.2	
2614.22	
2614.23	
2614.25	
2614.25	
2614.26	
2614.27	
2614.27	
2614.29	
2614.3	
2614.32	
2614.32	
2614.33	
2614.34	
2614.34	
2614.36	
2614.37	
2614.39	
2614.39	
2614.4	
2614.41	
2614.41	
2614.43	
2614.44	
2614.46	
2614.46	
2614.47	
2614.48	
2614.48	
2614.5	
2614.51	
2614.53	
2614.53	
2614.54	
2614.55	
2614.55	
2614.57	
2614.58	
2614.6	
2614.6	
2614.61	
2614.62	
2614.62	
2614.64	
2614.65	
2614.67	
2614.67	
2614.68	
2614.69	
2614.69	
2614.71	
2614.72	
2614.74	
2614.74	
2614.75	
2614.76	
2614.76	
2614.78	
2614.79	
2614.81	
2614.81	
2614.82	
2614.83	
2614.83	
2614.85	
2614.86	
2614.88	
2614.88	
2614.89	
2614.9	
2614.9	
2614.92	
2614.93	
2614.95	
2614.95	
2614.96	
2614.97	
2614.97	
2614.99	
2615	
2615.02	
2615.02	
2615.03	
2615.04	
2615.04	
2615.06	
2615.07	
2615.09	
2615.09	
2615.1	
2615.11	
2615.11	
2615.13	
2615.14	
2615.16	
2615.16	
2615.17	
2615.18	
2615.18	
2615.2	
2615.21	
2615.23	
2615.23	
2615.24	
2615.25	
2615.25	
2615.27	
2615.28	
2615.3	
2615.3	
2615.31	
2615.32	
2615.32	
2615.34	
2615.35	
2615.37	
2615.37	
2615.38	
2615.39	
2615.39	
2615.41	
2615.42	
2615.44	
2615.44	
2615.45	
2615.46	
2615.46	
2615.48	
2615.49	
2615.51	
2615.51	
2615.52	
2615.53	
2615.53	
2615.55	
2615.56	
2615.58	
2615.58	
2615.59	
2615.6	
2615.6	
2615.62	
2615.63	
2615.65	
2615.65	
2615.66	
2615.67	
2615.67	
2615.69	
2615.7	
2615.72	
2615.72	
2615.73	
2615.74	
2615.74	
2615.76	
2615.77	
2615.79	
2615.79	
2615.8	
2615.81	
2615.81	
2615.83	
2615.84	
2615.86	
2615.86	
2615.87	
2615.88	
2615.88	
2615.9	
2615.91	
2615.93	
2615.93	
2615.94	
2615.95	
2615.95	
2615.97	
2615.98	
2616	
2616	
2616.01	
2616.02	
2616.02	
2616.04	
2616.05	
2616.07	
2616.07	
2616.08	
2616.09	
2616.09	
2616.11	
2616.12	
2616.14	
2616.14	
2616.15	
2616.16	
2616.16	
2616.18	
2616.19	
2616.21	
2616.21	
2616.22	
2616.23	
2616.23	
2616.25	
2616.26	
2616.28	
2616.28	
2616.29	
2616.3	
2616.3	
2616.32	
2616.33	
2616.35	
2616.35	
2616.36	
2616.37	
2616.37	
2616.39	
