time	
1301.39	
1301.4	
1301.42	
1301.43	
1301.43	
1301.44	
1301.46	
1301.46	
1301.47	
1301.49	
1301.5	
1301.5	
1301.51	
1301.53	
1301.53	
1301.54	
1301.56	
1301.57	
1301.57	
1301.58	
1301.6	
1301.6	
1301.61	
1301.63	
1301.64	
1301.64	
1301.65	
1301.67	
1301.67	
1301.68	
1301.7	
1301.71	
1301.71	
1301.72	
1301.74	
1301.74	
1301.75	
1301.77	
1301.78	
1301.78	
1301.79	
1301.81	
1301.81	
1301.82	
1301.84	
1301.85	
1301.85	
1301.86	
1301.88	
1301.88	
1301.89	
1301.91	
1301.92	
1301.92	
1301.93	
1301.95	
1301.95	
1301.96	
1301.98	
1301.99	
1301.99	
1302	
1302.02	
1302.02	
1302.03	
1302.05	
1302.06	
1302.06	
1302.07	
1302.09	
1302.09	
1302.1	
1302.12	
1302.13	
1302.13	
1302.14	
1302.16	
1302.16	
1302.17	
1302.19	
1302.2	
1302.2	
1302.21	
1302.23	
1302.23	
1302.24	
1302.26	
1302.27	
1302.27	
1302.28	
1302.3	
1302.3	
1302.31	
1302.33	
1302.34	
1302.34	
1302.35	
1302.37	
1302.37	
1302.38	
1302.41	
1302.41	
1302.41	
1302.42	
1302.44	
1302.44	
1302.45	
1302.47	
1302.48	
1302.48	
1302.49	
1302.51	
1302.52	
1302.54	
1302.54	
1302.55	
1302.55	
1302.56	
1302.58	
1302.58	
1302.59	
1302.61	
1302.62	
1302.62	
1302.63	
1302.65	
1302.65	
1302.66	
1302.68	
1302.69	
1302.69	
1302.7	
1302.72	
1302.72	
1302.73	
1302.75	
1302.76	
1302.76	
1302.77	
1302.79	
1302.79	
1302.8	
1302.82	
1302.83	
1302.83	
1302.84	
1302.86	
1302.86	
1302.87	
1302.89	
1302.9	
1302.9	
1302.91	
1302.93	
1302.93	
1302.94	
1302.96	
1302.97	
1302.97	
1302.98	
1303	
1303	
1303.01	
1303.03	
1303.04	
1303.04	
1303.05	
1303.07	
1303.07	
1303.08	
1303.1	
1303.11	
1303.11	
1303.12	
1303.14	
1303.14	
1303.15	
1303.17	
1303.18	
1303.18	
1303.19	
1303.21	
1303.21	
1303.22	
1303.24	
1303.25	
1303.25	
1303.26	
1303.28	
1303.28	
1303.29	
1303.31	
1303.32	
1303.32	
1303.33	
1303.35	
1303.35	
1303.36	
1303.38	
1303.39	
1303.39	
1303.4	
1303.42	
1303.42	
1303.43	
1303.45	
1303.46	
1303.46	
1303.47	
1303.49	
1303.49	
1303.5	
1303.52	
1303.53	
1303.53	
1303.54	
1303.56	
1303.56	
1303.57	
1303.59	
1303.6	
1303.6	
1303.61	
1303.63	
1303.63	
1303.64	
1303.66	
1303.67	
1303.67	
1303.68	
1303.7	
1303.7	
1303.71	
1303.73	
1303.74	
1303.74	
1303.75	
1303.77	
1303.77	
1303.78	
1303.8	
1303.81	
1303.81	
1303.82	
1303.84	
1303.84	
1303.85	
1303.87	
1303.88	
1303.88	
1303.89	
1303.91	
1303.91	
1303.92	
1303.94	
1303.95	
1303.95	
1303.96	
1303.98	
1303.98	
1303.99	
1304.01	
1304.02	
1304.02	
1304.03	
1304.05	
1304.05	
1304.06	
1304.08	
1304.09	
1304.09	
1304.1	
1304.12	
1304.12	
1304.13	
1304.15	
1304.16	
1304.16	
1304.17	
1304.19	
1304.19	
1304.2	
1304.22	
1304.23	
1304.23	
1304.24	
1304.26	
1304.26	
1304.27	
1304.29	
1304.3	
1304.3	
1304.31	
1304.33	
1304.33	
1304.34	
1304.36	
1304.37	
1304.37	
1304.38	
1304.4	
1304.4	
1304.41	
1304.43	
1304.44	
1304.44	
1304.45	
1304.47	
1304.47	
1304.48	
1304.5	
1304.51	
1304.51	
1304.52	
1304.54	
1304.54	
1304.55	
1304.57	
1304.58	
1304.58	
1304.59	
1304.61	
1304.61	
1304.62	
1304.64	
1304.65	
1304.65	
1304.66	
1304.68	
1304.68	
1304.69	
1304.71	
1304.72	
1304.72	
1304.73	
1304.75	
1304.76	
1304.76	
1304.78	
1304.79	
1304.79	
1304.8	
1304.82	
1304.82	
1304.83	
1304.85	
1304.86	
1304.86	
1304.87	
1304.89	
1304.89	
1304.9	
1304.92	
1304.93	
1304.93	
1304.94	
1304.96	
1304.96	
1304.97	
1304.99	
1305	
1305	
1305.01	
1305.03	
1305.03	
1305.04	
1305.06	
1305.07	
1305.07	
1305.08	
1305.1	
1305.1	
1305.11	
1305.13	
1305.14	
1305.14	
1305.15	
1305.17	
1305.17	
1305.18	
1305.2	
1305.21	
1305.21	
1305.22	
1305.24	
1305.24	
1305.25	
1305.27	
1305.28	
1305.28	
1305.29	
1305.31	
1305.31	
1305.32	
1305.34	
1305.35	
1305.35	
1305.36	
1305.38	
1305.38	
1305.39	
1305.41	
1305.42	
1305.42	
1305.43	
1305.45	
1305.45	
1305.46	
1305.48	
1305.49	
1305.49	
1305.5	
1305.52	
1305.52	
1305.53	
1305.55	
1305.56	
1305.56	
1305.57	
1305.59	
1305.59	
1305.6	
1305.62	
1305.63	
1305.63	
1305.64	
1305.66	
1305.66	
1305.67	
1305.69	
1305.7	
1305.7	
1305.71	
1305.73	
1305.73	
1305.74	
1305.76	
1305.77	
1305.77	
1305.78	
1305.8	
1305.8	
1305.81	
1305.83	
1305.84	
1305.84	
1305.85	
1305.87	
1305.87	
1305.88	
1305.9	
1305.91	
1305.91	
1305.92	
1305.94	
1305.94	
1305.95	
1305.97	
1305.98	
1305.98	
1305.99	
1306.01	
1306.01	
1306.02	
1306.04	
1306.05	
1306.05	
1306.06	
1306.08	
1306.08	
1306.09	
1306.11	
1306.12	
1306.12	
1306.13	
1306.15	
1306.15	
1306.16	
1306.18	
1306.19	
1306.19	
1306.2	
1306.22	
1306.22	
1306.23	
1306.25	
1306.26	
1306.26	
1306.27	
1306.29	
1306.29	
1306.3	
1306.32	
1306.33	
1306.33	
1306.34	
1306.36	
1306.36	
1306.37	
1306.39	
1306.4	
1306.4	
1306.41	
1306.43	
1306.43	
1306.44	
1306.46	
1306.47	
1306.47	
1306.48	
1306.5	
1306.5	
1306.51	
1306.53	
1306.54	
1306.54	
1306.55	
1306.57	
1306.57	
1306.58	
1306.6	
1306.61	
1306.61	
1306.62	
1306.64	
1306.64	
1306.65	
1306.67	
1306.68	
1306.68	
1306.69	
1306.71	
1306.71	
1306.72	
1306.74	
1306.75	
1306.75	
1306.76	
1306.78	
1306.78	
1306.79	
1306.81	
1306.82	
1306.82	
1306.83	
1306.85	
1306.85	
1306.86	
1306.88	
1306.89	
1306.89	
1306.9	
1306.92	
1306.92	
1306.93	
1306.95	
1306.96	
