time	joint_joint0	joint_joint1	joint_joint2	joint_joint3	joint_joint4	joint_joint5	joint_joint6	cart_pos_x	cart_pos_y	cart_pos_z	cart_quat_x	cart_quat_y	cart_quat_z	cart_quat_w	force_joint_joint0	force_joint_joint1	force_joint_joint2	force_joint_joint3	force_joint_joint4	force_joint_joint5	force_joint_joint6	cart_force_x	cart_force_y	cart_force_z	cart_trq_x	cart_trq_y	cart_trq_z	
1486250569286	-2.24882	1.63878	-2.17403	1.88091	2.30435	-1.6616	-0.957897	-0.113819	0.718863	0.330176	-0.00551131	-0.934576	0.00823139	-0.355625	4.36621	-4.38782	3.66824	-1.20425	-0.564657	2.85334	-0.418043	1.28008	-8.10672	16.4181	2.24436	-1.2013	-0.538721	
1486250570396	-2.24882	1.63881	-2.17423	1.88092	2.30448	-1.66159	-0.957897	-0.113882	0.718929	0.33021	-0.00540708	-0.934575	0.00812919	-0.355633	4.1451	-4.31214	3.54465	-1.08995	-0.661594	2.49068	-0.393829	1.58382	-7.68818	15.1346	2.0763	-0.929011	-0.540102	
1486250571676	-2.24882	1.63881	-2.17426	1.88093	2.30448	-1.66159	-0.957897	-0.113888	0.718934	0.330214	-0.00539764	-0.934572	0.00812496	-0.35564	4.12161	-4.28813	3.48943	-1.09063	-0.660658	2.45476	-0.394203	1.53662	-7.63505	14.966	2.06255	-0.902638	-0.547915	
1486250571696	-2.24882	1.63881	-2.17426	1.88093	2.30448	-1.66159	-0.957897	-0.113888	0.718934	0.330214	-0.00539764	-0.934572	0.00812496	-0.35564	4.11914	-4.28644	3.49021	-1.0867	-0.662306	2.45381	-0.39338	1.54555	-7.62803	14.9552	2.06205	-0.901763	-0.546367	
1486250571891	-2.24882	1.63881	-2.17426	1.88093	2.30448	-1.66159	-0.957897	-0.113889	0.718935	0.330214	-0.00539604	-0.934572	0.00812433	-0.355641	4.12781	-4.2707	3.48352	-1.08036	-0.658498	2.44987	-0.391747	1.52973	-7.65135	14.9241	2.05608	-0.901201	-0.545576	
1486250572686	-2.24882	1.6388	-2.17427	1.88093	2.30448	-1.66159	-0.957897	-0.113892	0.718938	0.330216	-0.0053916	-0.93457	0.00812202	-0.355645	4.05661	-4.2593	3.46781	-1.08416	-0.655392	2.43117	-0.389848	1.55877	-7.50973	14.846	2.04275	-0.897061	-0.539221	
1486250573216	-2.24882	1.6388	-2.17428	1.88093	2.30448	-1.66159	-0.957897	-0.113893	0.718938	0.330217	-0.00539021	-0.93457	0.00812095	-0.355646	4.05458	-4.25208	3.46856	-1.07691	-0.659873	2.42159	-0.388932	1.56897	-7.51007	14.8052	2.03631	-0.888992	-0.537611	
1486250573466	-2.24882	1.6388	-2.17428	1.88093	2.30448	-1.66159	-0.957897	-0.113894	0.718939	0.330217	-0.00538921	-0.93457	0.00812055	-0.355646	4.02348	-4.26394	3.46486	-1.08881	-0.654864	2.41498	-0.388538	1.58303	-7.44618	14.8134	2.03435	-0.890111	-0.538074	
1486250573516	-2.24882	1.6388	-2.17428	1.88093	2.30448	-1.66159	-0.957899	-0.113894	0.718939	0.330217	-0.00538921	-0.93457	0.00812055	-0.355646	4.02524	-4.25665	3.46142	-1.08493	-0.654254	2.41386	-0.389388	1.58091	-7.45267	14.7951	2.032	-0.889887	-0.538536	
1486250573906	-2.24882	1.6388	-2.17428	1.88093	2.30448	-1.66159	-0.957897	-0.113894	0.718939	0.330218	-0.00538825	-0.93457	0.00812022	-0.355647	4.01881	-4.26173	3.46809	-1.08148	-0.658478	2.40674	-0.385929	1.6028	-7.43645	14.7842	2.02979	-0.88426	-0.535131	
