time	joint_joint0	joint_joint1	joint_joint2	joint_joint3	joint_joint4	joint_joint5	joint_joint6	cart_pos_x	cart_pos_y	cart_pos_z	cart_quat_x	cart_quat_y	cart_quat_z	cart_quat_w	force_joint_joint0	force_joint_joint1	force_joint_joint2	force_joint_joint3	force_joint_joint4	force_joint_joint5	force_joint_joint6	cart_force_x	cart_force_y	cart_force_z	cart_trq_x	cart_trq_y	cart_trq_z	
1486258945336	-2.25237	1.63677	-2.17403	1.88721	2.29822	-1.6594	-0.957915	-0.114499	0.716866	0.330673	-0.00707807	-0.933472	0.00906526	-0.358465	1.42636	-2.42969	1.64485	-0.54731	0.292077	0.95402	-0.472854	2.55464	-3.19554	7.54971	0.669974	-0.890451	-0.647584	
1486258946056	-2.25332	1.6368	-2.17417	1.88714	2.29858	-1.66021	-0.957916	-0.114856	0.71692	0.330288	-0.00684459	-0.933756	0.00923974	-0.357726	2.72872	-3.14487	2.47194	-0.918134	0.165154	2.25213	-0.401242	1.49984	-5.18475	12.6362	1.53973	-1.47921	-0.510139	
1486258946189	-2.25357	1.63682	-2.17478	1.88715	2.2986	-1.66043	-0.957916	-0.115105	0.717053	0.33023	-0.00657994	-0.933808	0.00920444	-0.357595	2.82016	-3.33852	2.68056	-1.12001	0.126577	2.36888	-0.299036	1.12252	-5.24226	13.6682	1.65253	-1.49159	-0.410852	
1486258946786	-2.25429	1.63746	-2.17515	1.88774	2.29884	-1.66101	-0.957916	-0.115583	0.717206	0.330351	-0.00644376	-0.933971	0.00878142	-0.357183	3.25867	-3.6932	3.10957	-1.47117	-0.0068699	2.71208	-0.267698	0.395598	-6.07186	15.7381	1.90675	-1.53319	-0.356504	
1486258946836	-2.25435	1.6375	-2.17516	1.88778	2.29884	-1.66105	-0.957918	-0.115622	0.717212	0.330358	-0.00644696	-0.933988	0.00874914	-0.357139	3.30722	-3.71566	3.1477	-1.48286	-0.0177881	2.7434	-0.266551	0.364722	-6.16562	15.8889	1.92694	-1.54088	-0.352656	
1486258947136	-2.25473	1.63777	-2.17522	1.88811	2.29892	-1.66136	-0.957918	-0.115818	0.717221	0.330372	-0.00646438	-0.934088	0.00862056	-0.35688	3.46111	-3.86716	3.33306	-1.60608	-0.0521923	2.88284	-0.267225	0.193384	-6.48347	16.7306	2.01783	-1.58343	-0.342023	
1486258948136	-2.2571	1.63853	-2.1761	1.88892	2.29944	-1.66284	-0.957921	-0.117009	0.717469	0.329993	-0.00592346	-0.934631	0.00826681	-0.355473	4.44541	-4.19012	3.92073	-1.67336	-0.289075	3.39001	-0.08771	-0.486166	-8.08288	18.9956	2.42315	-1.64342	-0.154913	
1486258948536	-2.2571	1.63853	-2.17607	1.88892	2.29944	-1.66284	-0.957923	-0.116997	0.717458	0.329988	-0.00594121	-0.934635	0.00827155	-0.355463	4.38089	-4.0801	3.83993	-1.56192	-0.313455	3.22505	-0.0919459	-0.313003	-8.01295	18.2472	2.3201	-1.53895	-0.166629	
1486258948598	-2.2571	1.63853	-2.17606	1.88892	2.29944	-1.66284	-0.957923	-0.116996	0.717458	0.329988	-0.00594231	-0.934635	0.00827199	-0.355463	4.3695	-4.09709	3.83737	-1.55481	-0.314632	3.21638	-0.0934907	-0.258747	-7.97909	18.225	2.32131	-1.53601	-0.171193	
1486258948786	-2.2571	1.63853	-2.17606	1.88892	2.29944	-1.66284	-0.957923	-0.116994	0.717456	0.329987	-0.00594515	-0.934636	0.00827258	-0.355461	4.34647	-4.07875	3.8223	-1.53523	-0.31728	3.20112	-0.0980175	-0.215507	-7.93756	18.1153	2.30998	-1.52895	-0.173342	
1486258948997	-2.2571	1.63853	-2.17605	1.88892	2.29944	-1.66284	-0.957923	-0.116992	0.717454	0.329986	-0.00594845	-0.934636	0.00827391	-0.355459	4.31981	-4.08509	3.81694	-1.52899	-0.319677	3.18909	-0.101919	-0.164197	-7.88238	18.0668	2.3055	-1.52389	-0.176915	
1486258949186	-2.2571	1.63853	-2.17604	1.88892	2.29944	-1.66284	-0.957925	-0.116991	0.717452	0.329985	-0.00595041	-0.934637	0.00827536	-0.355458	4.33711	-4.07682	3.81043	-1.51855	-0.329132	3.18421	-0.105264	-0.169635	-7.91686	18.0159	2.30508	-1.5125	-0.180646	
1486258949536	-2.2571	1.63853	-2.17604	1.88892	2.29945	-1.66284	-0.957925	-0.116989	0.717451	0.329984	-0.00595253	-0.934637	0.00827557	-0.355456	4.31593	-4.06331	3.79192	-1.50232	-0.321721	3.1724	-0.1102	-0.125886	-7.87925	17.9314	2.29483	-1.51472	-0.185882	
1486258949986	-2.2571	1.63853	-2.17603	1.88892	2.29945	-1.66283	-0.957925	-0.116986	0.717449	0.329982	-0.00595485	-0.934638	0.0082762	-0.355453	4.32231	-4.04398	3.7866	-1.48328	-0.328374	3.16152	-0.11071	-0.112773	-7.8972	17.8498	2.28641	-1.50443	-0.185166	
1486258950236	-2.2571	1.63853	-2.17602	1.88892	2.29945	-1.66283	-0.957925	-0.116986	0.717449	0.329982	-0.00595509	-0.934639	0.00827526	-0.355452	4.3117	-4.04186	3.77749	-1.48566	-0.328605	3.15337	-0.113463	-0.114371	-7.87973	17.8182	2.28239	-1.49899	-0.188537	
1486258950986	-2.2571	1.63853	-2.17602	1.88892	2.29946	-1.66283	-0.957926	-0.116984	0.717447	0.32998	-0.00595666	-0.934641	0.00827345	-0.355447	4.32197	-4.02962	3.76937	-1.46428	-0.326633	3.14605	-0.117434	-0.0807715	-7.90594	17.7528	2.27553	-1.49824	-0.193807	
1486258951636	-2.2571	1.63853	-2.17601	1.88892	2.29946	-1.66283	-0.957926	-0.116982	0.717446	0.329979	-0.00595835	-0.934641	0.00827413	-0.355446	4.31917	-4.02031	3.76024	-1.44281	-0.332537	3.13751	-0.119182	-0.0408994	-7.89349	17.673	2.27231	-1.49162	-0.195116	
1486258951946	-2.2571	1.63853	-2.17601	1.88892	2.29946	-1.66283	-0.957926	-0.116982	0.717445	0.329979	-0.00595945	-0.934641	0.00827457	-0.355446	4.29834	-4.02626	3.75422	-1.45058	-0.333398	3.13025	-0.120177	-0.0373325	-7.85004	17.6597	2.27084	-1.48682	-0.196435	
1486258952336	-2.2571	1.63853	-2.17601	1.88892	2.29947	-1.66283	-0.957926	-0.116982	0.717445	0.329979	-0.00595955	-0.934642	0.00827399	-0.355445	4.29745	-4.02301	3.74608	-1.44628	-0.335163	3.12838	-0.121469	-0.0353028	-7.84359	17.6322	2.27152	-1.48421	-0.198116	
1486258952436	-2.2571	1.63853	-2.17601	1.88892	2.29947	-1.66283	-0.957928	-0.116981	0.717445	0.329979	-0.00596005	-0.934642	0.00827419	-0.355445	4.3155	-4.02248	3.74692	-1.43021	-0.335919	3.12825	-0.122175	-0.00770248	-7.87585	17.6122	2.27228	-1.48496	-0.200613	
