time	joint_joint0	joint_joint1	joint_joint2	joint_joint3	joint_joint4	joint_joint5	joint_joint6	cart_pos_x	cart_pos_y	cart_pos_z	cart_quat_x	cart_quat_y	cart_quat_z	cart_quat_w	force_joint_joint0	force_joint_joint1	force_joint_joint2	force_joint_joint3	force_joint_joint4	force_joint_joint5	force_joint_joint6	cart_force_x	cart_force_y	cart_force_z	cart_trq_x	cart_trq_y	cart_trq_z	
1486256781066	-2.24868	1.63897	-2.17523	1.88306	2.29993	-1.66168	-0.958068	-0.11402	0.718418	0.33129	-0.0063758	-0.933826	0.0088775	-0.357561	1.175	-1.52813	1.14629	-0.423395	0.480012	0.814501	-0.390071	1.51637	-2.92953	5.83855	0.387692	-0.904855	-0.517418	
1486256781082	-2.24868	1.63897	-2.17523	1.88306	2.29993	-1.66168	-0.958068	-0.114019	0.718418	0.33129	-0.00637551	-0.933826	0.00887769	-0.357561	1.175	-1.52813	1.14629	-0.423395	0.480012	0.814501	-0.390071	1.51637	-2.92953	5.83855	0.387692	-0.904855	-0.517418	
1486256781142	-2.24832	1.63836	-2.17426	1.88274	2.30145	-1.65994	-0.958068	-0.113528	0.718305	0.331063	-0.00624699	-0.933746	0.00837363	-0.357785	1.38236	-1.51924	1.12419	-0.489281	0.536965	1.00232	-0.386206	1.11674	-3.27891	6.40648	0.490772	-1.02706	-0.5201	
1486256781152	-2.24805	1.63796	-2.17378	1.88246	2.30173	-1.65972	-0.958068	-0.113258	0.718177	0.330904	-0.00631983	-0.933739	0.0085431	-0.357798	1.41651	-1.77499	1.30438	-0.600666	0.512939	1.02265	-0.392672	1.27668	-3.35978	7.05595	0.536559	-1.02623	-0.539932	
1486256781172	-2.24777	1.63764	-2.17344	1.88227	2.30186	-1.65972	-0.958068	-0.113258	0.718177	0.330904	-0.00631983	-0.933739	0.0085431	-0.357798	1.55848	-2.02424	1.50645	-0.640856	0.436734	1.06171	-0.403178	1.49838	-3.6151	7.6178	0.608377	-0.999133	-0.559895	
1486256781192	-2.24755	1.63741	-2.17324	1.88217	2.30193	-1.65972	-0.958068	-0.112895	0.717979	0.330768	-0.00648722	-0.933716	0.00886308	-0.357847	1.57464	-2.23454	1.64694	-0.694164	0.38472	1.07724	-0.414907	1.71857	-3.62008	8.02993	0.658572	-0.979994	-0.576121	
1486256781232	-2.24709	1.63723	-2.17311	1.88209	2.30198	-1.65972	-0.958068	-0.112698	0.717911	0.330847	-0.00659795	-0.933655	0.00893006	-0.358001	1.65845	-2.46491	1.78735	-0.704594	0.297541	1.10772	-0.432455	1.99789	-3.7075	8.39292	0.739312	-0.943811	-0.600725	
1486256781302	-2.24685	1.63723	-2.17309	1.88202	2.30202	-1.65972	-0.958068	-0.112617	0.717917	0.330911	-0.00663246	-0.933628	0.00892139	-0.35807	1.91015	-2.60559	1.85846	-0.637305	0.226846	1.16205	-0.442357	2.15331	-4.09696	8.59181	0.831043	-0.920098	-0.633123	
1486256781312	-2.24685	1.63721	-2.17308	1.88198	2.30202	-1.65972	-0.958068	-0.112617	0.717917	0.330911	-0.00663246	-0.933628	0.00892139	-0.35807	1.86487	-2.58153	1.82378	-0.631292	0.23338	1.15703	-0.442655	2.15408	-3.994	8.49932	0.827047	-0.923565	-0.630841	
1486256781362	-2.24679	1.63716	-2.17299	1.8819	2.30203	-1.65969	-0.958068	-0.112559	0.7179	0.330865	-0.00664426	-0.933629	0.00899154	-0.358066	1.8049	-2.58901	1.80314	-0.62576	0.237177	1.13153	-0.444147	2.22711	-3.86508	8.40547	0.816947	-0.91696	-0.634082	
1486256781442	-2.24674	1.63714	-2.17297	1.88188	2.30205	-1.65966	-0.958068	-0.112532	0.717897	0.330867	-0.00664956	-0.933622	0.00899114	-0.358084	1.82098	-2.64697	1.83764	-0.61243	0.217359	1.11984	-0.444723	2.3467	-3.87726	8.43794	0.826636	-0.901269	-0.640078	
1486256781472	-2.24674	1.63713	-2.17297	1.88188	2.30206	-1.65966	-0.958068	-0.112531	0.717896	0.330865	-0.00664773	-0.933623	0.00899152	-0.358083	1.77487	-2.65575	1.82366	-0.611295	0.217176	1.12277	-0.446286	2.39179	-3.76116	8.41467	0.833964	-0.90719	-0.638973	
1486256781512	-2.24673	1.63713	-2.17297	1.88187	2.30207	-1.65966	-0.958068	-0.11253	0.717896	0.330864	-0.00664585	-0.933623	0.00899123	-0.358082	1.7905	-2.63886	1.81595	-0.592368	0.213765	1.12153	-0.447161	2.39805	-3.79022	8.3578	0.832051	-0.904242	-0.639452	
1486256781522	-2.24673	1.63713	-2.17297	1.88187	2.30207	-1.65966	-0.958068	-0.11253	0.717896	0.330864	-0.00664585	-0.933623	0.00899123	-0.358082	1.7905	-2.63886	1.81595	-0.592368	0.213765	1.12153	-0.447161	2.39805	-3.79022	8.3578	0.832051	-0.904242	-0.639452	
1486256781642	-2.24673	1.63712	-2.17296	1.88187	2.30208	-1.65966	-0.958068	-0.112526	0.717894	0.33086	-0.00664535	-0.933624	0.00899273	-0.35808	1.78143	-2.62835	1.78829	-0.577025	0.226309	1.11549	-0.446683	2.42082	-3.75917	8.29045	0.829521	-0.911231	-0.643466	
1486256781712	-2.24673	1.63711	-2.17296	1.88186	2.30209	-1.65966	-0.958068	-0.112525	0.717895	0.330858	-0.00664269	-0.933625	0.00899187	-0.358076	1.7779	-2.62703	1.78427	-0.579466	0.232987	1.11037	-0.44485	2.41662	-3.75571	8.28685	0.825195	-0.912764	-0.643832	
1486256781722	-2.24673	1.63711	-2.17296	1.88186	2.30209	-1.65966	-0.958068	-0.112525	0.717895	0.330858	-0.00664269	-0.933625	0.00899187	-0.358076	1.7779	-2.62703	1.78427	-0.579466	0.232987	1.11037	-0.44485	2.41662	-3.75571	8.28685	0.825195	-0.912764	-0.643832	
1486256781742	-2.24673	1.63711	-2.17296	1.88186	2.3021	-1.65966	-0.958068	-0.112524	0.717895	0.330858	-0.00664344	-0.933626	0.00899161	-0.358075	1.76559	-2.63137	1.78296	-0.584975	0.234714	1.11041	-0.446021	2.4204	-3.73116	8.29504	0.82553	-0.914572	-0.644581	
1486256781752	-2.24673	1.63711	-2.17295	1.88186	2.3021	-1.65966	-0.958068	-0.112523	0.717895	0.330857	-0.00664311	-0.933626	0.00899127	-0.358075	1.76619	-2.6212	1.78252	-0.580097	0.232367	1.10982	-0.446216	2.4171	-3.73606	8.27376	0.822804	-0.91277	-0.64278	
1486256781792	-2.24673	1.63711	-2.17295	1.88186	2.3021	-1.65966	-0.958068	-0.112523	0.717895	0.330857	-0.0066419	-0.933627	0.00899041	-0.358073	1.75487	-2.62819	1.78226	-0.582941	0.233783	1.10302	-0.44604	2.43186	-3.71397	8.26931	0.820208	-0.910713	-0.643887	
1486256781822	-2.24673	1.63711	-2.17295	1.88186	2.30211	-1.65966	-0.958068	-0.112523	0.717896	0.330856	-0.00664109	-0.933627	0.00899014	-0.358072	1.74635	-2.62174	1.7767	-0.588479	0.237376	1.10362	-0.445898	2.41335	-3.70022	8.26803	0.818396	-0.91287	-0.642945	
1486256781982	-2.24672	1.63711	-2.17295	1.88186	2.30212	-1.65966	-0.958068	-0.11252	0.717894	0.330855	-0.00664276	-0.933628	0.00898936	-0.358071	1.75783	-2.61534	1.76599	-0.579065	0.243108	1.10373	-0.445071	2.41423	-3.71768	8.24562	0.818617	-0.916659	-0.645122	
1486256782002	-2.24672	1.63711	-2.17294	1.88186	2.30212	-1.65966	-0.958068	-0.112519	0.717894	0.330855	-0.00664306	-0.933628	0.00898885	-0.35807	1.74974	-2.62723	1.77101	-0.581409	0.240904	1.10064	-0.445063	2.43488	-3.69841	8.25497	0.819648	-0.914509	-0.645597	
1486256782012	-2.24672	1.63711	-2.17294	1.88186	2.30212	-1.65966	-0.958068	-0.112519	0.717894	0.330855	-0.00664306	-0.933628	0.00898885	-0.35807	1.7528	-2.60864	1.76227	-0.575564	0.241376	1.10135	-0.444522	2.41436	-3.7066	8.22126	0.81681	-0.914309	-0.643522	
1486256782022	-2.24672	1.63711	-2.17294	1.88186	2.30212	-1.65966	-0.958068	-0.112519	0.717894	0.330855	-0.00664306	-0.933628	0.00898911	-0.35807	1.7528	-2.60864	1.76227	-0.575564	0.241376	1.10135	-0.444522	2.41436	-3.7066	8.22126	0.81681	-0.914309	-0.643522	
1486256782032	-2.24672	1.63711	-2.17294	1.88186	2.30212	-1.65966	-0.958068	-0.112519	0.717894	0.330855	-0.00664221	-0.933628	0.00898847	-0.35807	1.76164	-2.61339	1.76518	-0.571206	0.240608	1.10022	-0.443326	2.42548	-3.72073	8.22308	0.817931	-0.913353	-0.644036	
1486256782052	-2.24672	1.63711	-2.17294	1.88186	2.30212	-1.65966	-0.958068	-0.112518	0.717895	0.330855	-0.00664213	-0.933628	0.00898754	-0.35807	1.7441	-2.61321	1.7586	-0.584872	0.245644	1.09931	-0.443097	2.40242	-3.68852	8.23468	0.816567	-0.915226	-0.643682	
1486256782132	-2.24672	1.63711	-2.17294	1.88185	2.30213	-1.65966	-0.958068	-0.112516	0.717894	0.330852	-0.00664295	-0.933629	0.00898867	-0.358066	1.7492	-2.60717	1.75364	-0.57713	0.245449	1.10096	-0.444913	2.40794	-3.69707	8.21407	0.817044	-0.91641	-0.64524	
1486256782212	-2.24671	1.63711	-2.17294	1.88185	2.30213	-1.65966	-0.958068	-0.112515	0.717894	0.330852	-0.00664277	-0.93363	0.00898941	-0.358066	1.74912	-2.60587	1.75166	-0.582133	0.251787	1.10038	-0.443288	2.39414	-3.7007	8.22637	0.814919	-0.919776	-0.64509	
1486256782292	-2.24671	1.63711	-2.17293	1.88183	2.30214	-1.65966	-0.958068	-0.112514	0.717893	0.330852	-0.00664335	-0.93363	0.00898793	-0.358063	1.79453	-2.65599	1.78942	-0.552091	0.222819	1.15509	-0.446313	2.50008	-3.72442	8.35296	0.865449	-0.937601	-0.642384	
1486256782332	-2.24671	1.63711	-2.17294	1.88181	2.30214	-1.65966	-0.958068	-0.112513	0.717902	0.330839	-0.00663262	-0.933634	0.00899833	-0.358053	1.83872	-2.67748	1.82347	-0.574171	0.212171	1.21487	-0.452105	2.44071	-3.80121	8.56161	0.900975	-0.961326	-0.639613	
1486256782602	-2.24673	1.63711	-2.17294	1.88181	2.30219	-1.65971	-0.958068	-0.112526	0.717907	0.33083	-0.00662188	-0.93365	0.00899373	-0.358013	2.54332	-2.93097	2.08538	-0.630135	0.140467	1.84001	-0.469878	2.0149	-4.88891	10.534	1.32636	-1.23732	-0.630464	
1486256782612	-2.24679	1.63711	-2.17294	1.88181	2.30219	-1.65972	-0.958068	-0.112526	0.717907	0.33083	-0.00662188	-0.93365	0.00899373	-0.358013	2.53564	-2.92214	2.0815	-0.662843	0.14793	1.88698	-0.468819	1.90819	-4.86098	10.6694	1.34931	-1.26524	-0.621167	
1486256782672	-2.24685	1.63711	-2.17295	1.88181	2.3022	-1.65985	-0.958068	-0.11256	0.717909	0.330793	-0.00660493	-0.933675	0.00901519	-0.357947	2.64206	-2.96774	2.14772	-0.690475	0.144962	2.02313	-0.461558	1.80383	-5.01281	11.1353	1.4325	-1.33746	-0.602929	
1486256782792	-2.24722	1.63712	-2.17296	1.88181	2.30225	-1.66019	-0.958068	-0.11266	0.717902	0.33068	-0.00657582	-0.933765	0.00911512	-0.357711	2.84484	-3.17372	2.37154	-0.800566	0.111803	2.23021	-0.443357	1.68505	-5.3446	12.2128	1.57785	-1.42494	-0.574511	
1486256782832	-2.24738	1.63713	-2.17297	1.88181	2.3023	-1.66038	-0.958068	-0.112776	0.717907	0.330554	-0.00651868	-0.933858	0.00918507	-0.357466	2.9357	-3.26157	2.47538	-0.858033	0.0936615	2.30094	-0.436808	1.61315	-5.52027	12.6613	1.62724	-1.44663	-0.564892	
1486256782932	-2.24768	1.63715	-2.17304	1.88181	2.30242	-1.66041	-0.958068	-0.112896	0.717945	0.330449	-0.00640511	-0.933919	0.00915701	-0.35731	3.02049	-3.46912	2.73713	-1.01792	0.0565501	2.39332	-0.378987	1.48095	-5.67522	13.6331	1.69928	-1.46543	-0.500961	
1486256783002	-2.24782	1.63721	-2.17308	1.88181	2.30249	-1.66054	-0.958068	-0.112971	0.717973	0.330411	-0.00636242	-0.933967	0.00914324	-0.357185	3.10661	-3.54463	2.8839	-1.09629	0.0266873	2.45681	-0.329205	1.31287	-5.82657	14.1588	1.74308	-1.47043	-0.444358	
1486256783072	-2.24789	1.63735	-2.17318	1.88185	2.30252	-1.66067	-0.95807	-0.113042	0.71802	0.330441	-0.00633645	-0.933997	0.00907868	-0.35711	3.14495	-3.6667	3.04158	-1.21518	0.00872444	2.51195	-0.280611	1.16446	-5.88964	14.7865	1.78657	-1.48038	-0.392929	
1486256783122	-2.2479	1.6374	-2.17322	1.88189	2.30254	-1.66068	-0.95807	-0.113064	0.718032	0.330469	-0.00633422	-0.933998	0.00903453	-0.357108	3.13634	-3.67027	3.07168	-1.24634	0.00582082	2.5304	-0.265867	1.09105	-5.87217	14.9167	1.79364	-1.48632	-0.37181	
1486256783142	-2.2479	1.63742	-2.17323	1.88191	2.30254	-1.66068	-0.95807	-0.113071	0.718037	0.330482	-0.00633412	-0.933998	0.00901282	-0.357109	3.16187	-3.68764	3.09825	-1.26091	-0.00436797	2.53923	-0.259515	1.05696	-5.92084	15.0059	1.80245	-1.48088	-0.365358	
1486256783182	-2.24791	1.63748	-2.17328	1.88195	2.30256	-1.66068	-0.95807	-0.113083	0.718046	0.3305	-0.00632933	-0.933996	0.00898465	-0.357115	3.20965	-3.72767	3.14421	-1.27839	-0.0264471	2.55663	-0.250332	1.0278	-5.99998	15.1552	1.82388	-1.4709	-0.356859	
1486256783252	-2.24795	1.63758	-2.17333	1.88204	2.3026	-1.6607	-0.95807	-0.113137	0.718074	0.330562	-0.0063256	-0.934002	0.00886905	-0.357101	3.24373	-3.76942	3.18628	-1.32615	-0.0494113	2.5976	-0.246319	0.927716	-6.05127	15.3838	1.85865	-1.46988	-0.348021	
1486256783572	-2.24822	1.63789	-2.17363	1.88244	2.30267	-1.661	-0.95807	-0.113354	0.71813	0.330682	-0.00629351	-0.934053	0.00863984	-0.356976	3.37277	-3.949	3.34634	-1.52075	-0.101449	2.71904	-0.266684	0.624758	-6.34273	16.2475	1.95283	-1.47486	-0.359989	
1486256783642	-2.2483	1.63796	-2.17369	1.88253	2.30268	-1.66111	-0.95807	-0.113431	0.718147	0.330713	-0.00628973	-0.934079	0.00858475	-0.356907	3.39307	-3.96904	3.37982	-1.57103	-0.104652	2.75374	-0.270238	0.518742	-6.40476	16.4536	1.96904	-1.48577	-0.357719	
1486256783702	-2.24839	1.63803	-2.17378	1.88263	2.30269	-1.66126	-0.95807	-0.113477	0.718153	0.330729	-0.0062877	-0.934096	0.00856341	-0.356863	3.44548	-4.00367	3.416	-1.60861	-0.111086	2.80026	-0.271316	0.431862	-6.50573	16.6867	2.00008	-1.50101	-0.35698	
1486256783722	-2.24843	1.63806	-2.17381	1.88266	2.30269	-1.66131	-0.95807	-0.113529	0.718165	0.330741	-0.0062754	-0.934112	0.00853813	-0.356822	3.47233	-4.01422	3.42861	-1.62303	-0.113802	2.81824	-0.270677	0.386216	-6.55742	16.7749	2.01217	-1.50563	-0.356258	
1486256783732	-2.24846	1.63808	-2.17385	1.88269	2.30269	-1.66136	-0.95807	-0.113529	0.718165	0.330741	-0.0062754	-0.934112	0.00853813	-0.356822	3.51187	-4.03749	3.44651	-1.6251	-0.11972	2.84083	-0.270437	0.381262	-6.62065	16.8706	2.03168	-1.51279	-0.357593	
1486256783752	-2.24851	1.6381	-2.17388	1.88272	2.30269	-1.66141	-0.95807	-0.113555	0.718171	0.330746	-0.00626787	-0.93412	0.0085274	-0.356802	3.52795	-4.05049	3.46085	-1.64702	-0.121362	2.85917	-0.270442	0.331122	-6.65503	16.9729	2.04304	-1.5185	-0.356406	
1486256783793	-2.24861	1.63817	-2.17395	1.88279	2.30269	-1.66149	-0.958071	-0.113615	0.718184	0.33075	-0.00625381	-0.934143	0.00850414	-0.356744	3.55715	-4.08626	3.49543	-1.68534	-0.122859	2.89097	-0.269252	0.268379	-6.71489	17.1787	2.06415	-1.53097	-0.354563	
1486256783826	-2.24865	1.6382	-2.17399	1.88283	2.30269	-1.66156	-0.95807	-0.113648	0.718195	0.330754	-0.0062408	-0.934152	0.00848475	-0.35672	3.58089	-4.09208	3.50723	-1.706	-0.120982	2.91168	-0.268129	0.203605	-6.76635	17.2819	2.07474	-1.53971	-0.352695	
1486256783922	-2.24879	1.63828	-2.17441	1.88295	2.3027	-1.66207	-0.958071	-0.113882	0.718275	0.330795	-0.006123	-0.934224	0.00847126	-0.356534	3.67151	-4.14433	3.55002	-1.75727	-0.131034	2.9879	-0.259112	0.0505976	-6.91051	17.6301	2.13301	-1.56345	-0.344737	
1486256784152	-2.24943	1.63828	-2.17503	1.88304	2.3027	-1.66255	-0.958071	-0.114275	0.718407	0.330634	-0.00579129	-0.934338	0.00853203	-0.356239	3.89813	-4.04093	3.39179	-1.83189	-0.0449637	3.22861	-0.236077	-0.657795	-7.20913	18.1041	2.27599	-1.71425	-0.334169	
1486256784352	-2.24943	1.6383	-2.17505	1.88315	2.30271	-1.66256	-0.958071	-0.11428	0.718392	0.330666	-0.00581132	-0.934329	0.00849804	-0.356262	3.88158	-4.06418	3.39776	-1.88735	-0.0497274	3.14067	-0.267361	-0.689188	-7.29958	18.0176	2.21804	-1.65113	-0.375753	
1486256784442	-2.24942	1.63832	-2.17506	1.88314	2.30271	-1.66255	-0.958071	-0.114288	0.718401	0.330685	-0.00581371	-0.934329	0.00846857	-0.356262	3.83256	-4.12704	3.45671	-1.87933	-0.102399	3.03342	-0.271522	-0.490765	-7.24794	17.8459	2.17175	-1.55979	-0.38411	
1486256784472	-2.24942	1.63832	-2.17506	1.88314	2.30272	-1.66255	-0.958071	-0.114289	0.718404	0.330683	-0.00581003	-0.93433	0.00846985	-0.35626	3.80946	-4.11651	3.4606	-1.87254	-0.113607	2.99114	-0.271708	-0.459015	-7.23017	17.7281	2.14458	-1.52883	-0.384018	
1486256784552	-2.24942	1.63832	-2.17506	1.88313	2.30272	-1.66255	-0.958073	-0.11429	0.718405	0.330682	-0.00580627	-0.934331	0.00846912	-0.356259	3.74825	-4.12939	3.4599	-1.87003	-0.115175	2.90854	-0.274676	-0.353057	-7.15337	17.5531	2.09664	-1.48518	-0.39477	
1486256784742	-2.24942	1.63832	-2.17506	1.88313	2.30273	-1.66255	-0.958073	-0.11429	0.718408	0.330681	-0.00580239	-0.934331	0.00846659	-0.356259	3.62772	-4.13769	3.45659	-1.8676	-0.123366	2.80231	-0.272908	-0.207888	-6.95749	17.3011	2.0354	-1.4275	-0.396554	
1486256784752	-2.24942	1.63832	-2.17506	1.88313	2.30273	-1.66255	-0.958073	-0.11429	0.718408	0.330681	-0.00580239	-0.934331	0.00846659	-0.356259	3.62143	-4.12906	3.45684	-1.86507	-0.122523	2.79651	-0.273002	-0.204823	-6.95421	17.2779	2.02838	-1.42555	-0.395387	
1486256784772	-2.24942	1.63832	-2.17507	1.88313	2.30273	-1.66255	-0.958073	-0.11429	0.718408	0.330681	-0.00580239	-0.934331	0.00846659	-0.356259	3.6109	-4.14395	3.46528	-1.86172	-0.12762	2.78853	-0.273822	-0.159391	-6.93071	17.2712	2.02728	-1.42012	-0.396583	
1486256784782	-2.24942	1.63832	-2.17507	1.88313	2.30273	-1.66255	-0.958073	-0.11429	0.718408	0.330681	-0.00580239	-0.934331	0.00846659	-0.356259	3.6109	-4.14395	3.46528	-1.86172	-0.12762	2.78853	-0.273822	-0.159391	-6.93071	17.2712	2.02728	-1.42012	-0.396583	
1486256784812	-2.24942	1.63832	-2.17507	1.88313	2.30273	-1.66255	-0.958073	-0.114291	0.718408	0.330681	-0.00580107	-0.934331	0.00846596	-0.356259	3.59746	-4.12043	3.4485	-1.8572	-0.123595	2.77686	-0.273302	-0.175859	-6.91257	17.2002	2.0159	-1.41567	-0.395507	
1486256784832	-2.24942	1.63832	-2.17507	1.88313	2.30273	-1.66255	-0.958073	-0.11429	0.718409	0.330681	-0.00580109	-0.934331	0.0084651	-0.356259	3.58523	-4.13734	3.45244	-1.86293	-0.125214	2.76767	-0.272882	-0.152761	-6.8859	17.2059	2.01492	-1.41007	-0.397284	
1486256784852	-2.24942	1.63832	-2.17507	1.88313	2.30273	-1.66255	-0.958073	-0.11429	0.718409	0.330681	-0.00580109	-0.934331	0.0084651	-0.356259	3.58818	-4.12629	3.4451	-1.86021	-0.121945	2.76226	-0.272628	-0.165552	-6.898	17.1773	2.0093	-1.40829	-0.398048	
1486256784872	-2.24942	1.63832	-2.17507	1.88313	2.30273	-1.66255	-0.958073	-0.11429	0.718409	0.330681	-0.00580109	-0.934331	0.0084651	-0.356259	3.5954	-4.12195	3.44681	-1.85105	-0.12243	2.7567	-0.271962	-0.151354	-6.91595	17.1531	2.00487	-1.40556	-0.398169	
1486256784902	-2.24942	1.63832	-2.17507	1.88313	2.30273	-1.66255	-0.958073	-0.11429	0.718409	0.330681	-0.00580048	-0.934331	0.00846382	-0.356259	3.5881	-4.12524	3.45017	-1.84945	-0.121797	2.74876	-0.271922	-0.130466	-6.90641	17.1414	1.9997	-1.40293	-0.398719	
1486256784922	-2.24942	1.63832	-2.17507	1.88313	2.30273	-1.66255	-0.958073	-0.114291	0.718409	0.330681	-0.00579964	-0.934331	0.00846406	-0.356259	3.57836	-4.11253	3.44699	-1.85627	-0.119744	2.74476	-0.273046	-0.156225	-6.90151	17.1276	1.99225	-1.40101	-0.397715	
1486256784942	-2.24942	1.63832	-2.17507	1.88313	2.30273	-1.66255	-0.958073	-0.114291	0.718409	0.330681	-0.00579964	-0.934331	0.00846406	-0.356259	3.582	-4.11857	3.44911	-1.84936	-0.122716	2.7424	-0.272484	-0.133016	-6.90218	17.1182	1.99383	-1.39863	-0.398317	
1486256784952	-2.24942	1.63832	-2.17507	1.88313	2.30273	-1.66255	-0.958073	-0.114291	0.718409	0.330681	-0.00579964	-0.934331	0.00846406	-0.356259	3.57407	-4.11579	3.44583	-1.84788	-0.123974	2.73718	-0.272013	-0.128608	-6.88603	17.0953	1.99113	-1.39507	-0.397603	
1486256784962	-2.24942	1.63832	-2.17507	1.88313	2.30273	-1.66255	-0.958073	-0.114291	0.71841	0.330681	-0.00579924	-0.934331	0.00846327	-0.356258	3.57407	-4.11579	3.44583	-1.84788	-0.123974	2.73718	-0.272013	-0.128608	-6.88603	17.0953	1.99113	-1.39507	-0.397603	
1486256784972	-2.24942	1.63832	-2.17507	1.88313	2.30273	-1.66255	-0.958073	-0.114291	0.71841	0.330681	-0.00579924	-0.934331	0.00846327	-0.356258	3.56951	-4.11734	3.44698	-1.84943	-0.125133	2.73261	-0.271991	-0.12518	-6.87958	17.0888	1.98872	-1.39172	-0.397678	
1486256784992	-2.24942	1.63832	-2.17507	1.88312	2.30274	-1.66255	-0.958073	-0.114291	0.71841	0.330681	-0.00579924	-0.934331	0.00846327	-0.356258	3.56673	-4.12663	3.44824	-1.84698	-0.126852	2.72654	-0.271754	-0.101967	-6.86989	17.0803	1.9885	-1.38795	-0.399303	
1486256785002	-2.24942	1.63832	-2.17507	1.88312	2.30274	-1.66255	-0.958073	-0.114291	0.71841	0.33068	-0.00579858	-0.934332	0.0084631	-0.356257	3.56673	-4.12663	3.44824	-1.84698	-0.126852	2.72654	-0.271754	-0.101967	-6.86989	17.0803	1.9885	-1.38795	-0.399303	
1486256785012	-2.24942	1.63832	-2.17507	1.88312	2.30274	-1.66254	-0.958073	-0.114291	0.71841	0.330681	-0.00579837	-0.934331	0.00846256	-0.356258	3.56759	-4.11066	3.44295	-1.84355	-0.126397	2.72311	-0.272221	-0.117989	-6.88028	17.0479	1.98247	-1.38557	-0.398426	
1486256785042	-2.24942	1.63832	-2.17507	1.88312	2.30274	-1.66254	-0.958073	-0.114291	0.718411	0.330681	-0.00579747	-0.934331	0.00846158	-0.356258	3.56388	-4.11659	3.44886	-1.84446	-0.127986	2.71796	-0.272528	-0.103322	-6.87694	17.0491	1.97981	-1.38234	-0.39895	
1486256785062	-2.24942	1.63832	-2.17507	1.88312	2.30274	-1.66254	-0.958073	-0.114291	0.718411	0.330681	-0.00579747	-0.934331	0.00846158	-0.356258	3.55113	-4.10464	3.43835	-1.84367	-0.124942	2.71332	-0.272262	-0.111813	-6.85397	17.0146	1.97482	-1.38181	-0.397938	
1486256785072	-2.24942	1.63832	-2.17507	1.88312	2.30274	-1.66254	-0.958073	-0.114291	0.718411	0.330681	-0.00579747	-0.934331	0.00846158	-0.356258	3.57342	-4.10697	3.4459	-1.83748	-0.127101	2.71178	-0.271775	-0.10705	-6.90183	17.0188	1.9742	-1.37883	-0.399401	
1486256785082	-2.24942	1.63832	-2.17507	1.88312	2.30274	-1.66254	-0.958073	-0.114291	0.718411	0.330681	-0.00579747	-0.934331	0.00846158	-0.356258	3.57342	-4.10697	3.4459	-1.83748	-0.127101	2.71178	-0.271775	-0.10705	-6.90183	17.0188	1.9742	-1.37883	-0.399401	
1486256785092	-2.24942	1.63832	-2.17507	1.88312	2.30274	-1.66254	-0.958073	-0.114291	0.718411	0.330681	-0.00579747	-0.934331	0.00846158	-0.356258	3.54969	-4.12924	3.45073	-1.83991	-0.128512	2.70604	-0.271608	-0.0575184	-6.8442	17.0283	1.97647	-1.37787	-0.400259	
1486256785163	-2.24942	1.63832	-2.17507	1.88312	2.30274	-1.66254	-0.958073	-0.114291	0.718411	0.330681	-0.00579707	-0.934332	0.0084608	-0.356257	3.52226	-4.09908	3.43509	-1.83489	-0.119216	2.6906	-0.271536	-0.0629493	-6.80888	16.9473	1.95768	-1.37702	-0.398001	
1486256785236	-2.24942	1.63832	-2.17507	1.88312	2.30274	-1.66254	-0.958073	-0.114291	0.718411	0.33068	-0.00579637	-0.934332	0.00846054	-0.356256	3.49568	-4.12639	3.43969	-1.83921	-0.122943	2.67722	-0.271307	-0.00856971	-6.74625	16.9454	1.95777	-1.3696	-0.400255	
1486256785272	-2.24942	1.63832	-2.17507	1.88312	2.30274	-1.66254	-0.958073	-0.114291	0.718412	0.33068	-0.0057956	-0.934332	0.00845989	-0.356257	3.49114	-4.10689	3.43576	-1.83229	-0.123596	2.67131	-0.272179	-0.0138733	-6.7489	16.898	1.94881	-1.36618	-0.398443	
1486256785312	-2.24942	1.63832	-2.17507	1.88312	2.30275	-1.66254	-0.958073	-0.114291	0.718412	0.330681	-0.00579512	-0.934332	0.00845829	-0.356257	3.47783	-4.11339	3.4367	-1.83028	-0.125651	2.66449	-0.27206	0.0133263	-6.71938	16.882	1.94699	-1.36264	-0.398492	
1486256785342	-2.24942	1.63832	-2.17507	1.88312	2.30275	-1.66254	-0.958073	-0.114291	0.718412	0.330681	-0.00579476	-0.934332	0.00845759	-0.356256	3.48081	-4.10574	3.4315	-1.82625	-0.125224	2.66287	-0.272124	0.00759643	-6.72616	16.8605	1.94512	-1.36155	-0.398699	
1486256785352	-2.24942	1.63832	-2.17507	1.88312	2.30275	-1.66254	-0.958073	-0.114291	0.718412	0.330681	-0.00579476	-0.934332	0.00845759	-0.356256	3.47895	-4.08609	3.42902	-1.82402	-0.12383	2.66031	-0.27171	-0.0127877	-6.73509	16.833	1.93727	-1.36065	-0.395663	
1486256785372	-2.24942	1.63832	-2.17507	1.88312	2.30275	-1.66254	-0.958073	-0.114291	0.718412	0.330681	-0.00579476	-0.934332	0.00845759	-0.356256	3.46893	-4.08884	3.42761	-1.82708	-0.123647	2.65632	-0.272116	-0.00766001	-6.7159	16.8274	1.93558	-1.35883	-0.396172	
1486256785412	-2.24942	1.63832	-2.17507	1.88312	2.30275	-1.66254	-0.958073	-0.114291	0.718412	0.330681	-0.00579418	-0.934332	0.00845633	-0.356256	3.47232	-4.08755	3.42603	-1.82681	-0.123672	2.6495	-0.271562	-0.0115414	-6.72654	16.8122	1.9318	-1.35402	-0.397253	
1486256785422	-2.24942	1.63832	-2.17507	1.88312	2.30275	-1.66254	-0.958073	-0.114291	0.718412	0.330681	-0.00579418	-0.934332	0.00845633	-0.356256	3.47232	-4.08755	3.42603	-1.82681	-0.123672	2.6495	-0.271562	-0.0115414	-6.72654	16.8122	1.9318	-1.35402	-0.397253	
1486256785432	-2.24942	1.63832	-2.17507	1.88312	2.30275	-1.66254	-0.958073	-0.114291	0.718412	0.330681	-0.00579418	-0.934332	0.00845633	-0.356256	3.4764	-4.08699	3.42423	-1.82513	-0.123814	2.64549	-0.272064	-0.011037	-6.73679	16.7998	1.92984	-1.35113	-0.399	
1486256785482	-2.24942	1.63832	-2.17507	1.88312	2.30275	-1.66254	-0.958073	-0.114291	0.718413	0.33068	-0.0057938	-0.934332	0.00845681	-0.356256	3.44619	-4.10855	3.42704	-1.84236	-0.122077	2.63326	-0.271991	0.00639064	-6.67851	16.8185	1.92661	-1.34615	-0.400931	
1486256785512	-2.24942	1.63832	-2.17507	1.88312	2.30275	-1.66254	-0.958073	-0.114291	0.718412	0.330681	-0.00579418	-0.934332	0.00845633	-0.356256	3.43128	-4.10735	3.42444	-1.83557	-0.121956	2.62569	-0.274151	0.0391043	-6.65118	16.783	1.92147	-1.34454	-0.402393	
1486256785562	-2.24942	1.63832	-2.17507	1.88312	2.30275	-1.66254	-0.958075	-0.114291	0.718413	0.33068	-0.00579238	-0.934332	0.00845583	-0.356256	3.45237	-4.09456	3.42184	-1.82271	-0.123434	2.62138	-0.274069	0.0354279	-6.69823	16.7449	1.91705	-1.34013	-0.403506	
1486256785572	-2.24942	1.63832	-2.17507	1.88312	2.30275	-1.66254	-0.958073	-0.114291	0.718413	0.33068	-0.00579284	-0.934332	0.00845483	-0.356255	3.45471	-4.09578	3.42225	-1.82203	-0.122555	2.61931	-0.273992	0.0384717	-6.70428	16.7435	1.9159	-1.33955	-0.404374	
1486256785632	-2.24942	1.63832	-2.17507	1.88312	2.30276	-1.66254	-0.958073	-0.114292	0.718414	0.33068	-0.00579174	-0.934333	0.00845376	-0.356255	3.43806	-4.08416	3.41933	-1.81835	-0.123866	2.61182	-0.273837	0.0454945	-6.67732	16.7024	1.90838	-1.3357	-0.401594	
1486256785642	-2.24942	1.63832	-2.17507	1.88312	2.30276	-1.66254	-0.958073	-0.114292	0.718414	0.33068	-0.00579174	-0.934333	0.00845376	-0.356255	3.43806	-4.08416	3.41933	-1.81835	-0.123866	2.61182	-0.273837	0.0454945	-6.67732	16.7024	1.90838	-1.3357	-0.401594	
1486256785652	-2.24942	1.63832	-2.17507	1.88312	2.30276	-1.66254	-0.958073	-0.114292	0.718414	0.33068	-0.00579174	-0.934333	0.00845376	-0.356255	3.43957	-4.08031	3.4202	-1.81867	-0.124069	2.61015	-0.274003	0.0392595	-6.6855	16.6976	1.90583	-1.33423	-0.401341	
1486256785672	-2.24942	1.63832	-2.17507	1.88312	2.30276	-1.66254	-0.958073	-0.114292	0.718413	0.33068	-0.00579162	-0.934332	0.00845432	-0.356255	3.41165	-4.07204	3.41595	-1.82498	-0.122421	2.60378	-0.274079	0.0350868	-6.63764	16.6754	1.89866	-1.33267	-0.398487	
1486256785722	-2.24942	1.63832	-2.17507	1.88312	2.30276	-1.66254	-0.958075	-0.114292	0.718414	0.33068	-0.00579093	-0.934333	0.00845407	-0.356255	3.41665	-4.08464	3.41988	-1.81681	-0.125855	2.59873	-0.27348	0.0715212	-6.63907	16.667	1.90056	-1.32887	-0.400476	
1486256785742	-2.24942	1.63832	-2.17507	1.88312	2.30276	-1.66254	-0.958075	-0.114291	0.718414	0.330681	-0.0057909	-0.934332	0.00845323	-0.356255	3.38321	-4.09173	3.41826	-1.82924	-0.123214	2.59333	-0.273671	0.0798485	-6.57406	16.6727	1.8976	-1.32906	-0.399371	
1486256785762	-2.24942	1.63832	-2.17507	1.88312	2.30276	-1.66254	-0.958075	-0.114291	0.718414	0.33068	-0.00579039	-0.934332	0.00845316	-0.356256	3.40137	-4.0982	3.42502	-1.81166	-0.127159	2.59219	-0.273938	0.123343	-6.6036	16.6585	1.8996	-1.32785	-0.401458	
1486256785772	-2.24942	1.63832	-2.17507	1.88312	2.30276	-1.66254	-0.958075	-0.114291	0.718414	0.33068	-0.00579039	-0.934332	0.00845316	-0.356256	3.39296	-4.08677	3.41849	-1.81614	-0.124811	2.59049	-0.273716	0.0995071	-6.59295	16.6439	1.8955	-1.32746	-0.399891	
1486256785852	-2.24942	1.63832	-2.17507	1.88312	2.30276	-1.66254	-0.958075	-0.114291	0.718414	0.33068	-0.00579008	-0.934333	0.00845255	-0.356255	3.37988	-4.08045	3.4201	-1.8151	-0.127197	2.57487	-0.273879	0.109517	-6.58069	16.6016	1.88371	-1.3176	-0.399217	
1486256785952	-2.24942	1.63832	-2.17507	1.88312	2.30276	-1.66254	-0.958075	-0.114291	0.718414	0.33068	-0.00578948	-0.934333	0.00845126	-0.356255	3.36575	-4.0843	3.41818	-1.80947	-0.132317	2.55737	-0.2733	0.141545	-6.55202	16.5494	1.87673	-1.30537	-0.399989	
1486256786112	-2.24942	1.63832	-2.17507	1.88312	2.30276	-1.66254	-0.958075	-0.114291	0.718415	0.33068	-0.00578912	-0.934333	0.00845056	-0.356255	3.34411	-4.07308	3.41734	-1.81362	-0.125944	2.5344	-0.273174	0.144929	-6.5363	16.5025	1.85606	-1.29754	-0.400217	
1486256786132	-2.24942	1.63832	-2.17507	1.88312	2.30276	-1.66253	-0.958075	-0.114291	0.718415	0.33068	-0.00578863	-0.934333	0.00845052	-0.356255	3.34822	-4.07265	3.41874	-1.80561	-0.12703	2.53157	-0.273623	0.164014	-6.54458	16.4858	1.85444	-1.29631	-0.401097	
1486256786342	-2.24942	1.63832	-2.17507	1.88312	2.30277	-1.66252	-0.958075	-0.11429	0.718416	0.33068	-0.00578536	-0.934331	0.00844379	-0.356261	3.35359	-4.05647	3.41324	-1.80125	-0.133769	2.51716	-0.271801	0.14127	-6.5634	16.424	1.84521	-1.28081	-0.399419	
1486256786362	-2.24942	1.63832	-2.17507	1.88312	2.30277	-1.66251	-0.958075	-0.11429	0.718416	0.330681	-0.00578528	-0.93433	0.00844273	-0.356261	3.33863	-4.0826	3.41761	-1.80597	-0.136059	2.51377	-0.273649	0.183226	-6.52318	16.4446	1.85027	-1.27936	-0.403296	
1486256786752	-2.24942	1.63832	-2.17507	1.88312	2.30277	-1.66245	-0.958075	-0.114286	0.718421	0.330684	-0.0057775	-0.934321	0.00842426	-0.356285	3.27686	-4.06744	3.40167	-1.78952	-0.130249	2.48752	-0.272439	0.258766	-6.40152	16.3237	1.83107	-1.27591	-0.39975	
1486256787034	-2.24942	1.63832	-2.17507	1.88312	2.30278	-1.66241	-0.958075	-0.114284	0.718422	0.330685	-0.00577319	-0.934316	0.00841451	-0.356298	3.26258	-4.05286	3.38905	-1.77385	-0.129677	2.47364	-0.271791	0.286942	-6.37194	16.2401	1.82178	-1.27063	-0.39919	
1486256787042	-2.24942	1.63832	-2.17507	1.88312	2.30278	-1.66241	-0.958075	-0.114284	0.718422	0.330685	-0.00577319	-0.934316	0.00841451	-0.356298	3.26258	-4.05286	3.38905	-1.77385	-0.129677	2.47364	-0.271791	0.286942	-6.37194	16.2401	1.82178	-1.27063	-0.39919	
1486256787362	-2.24942	1.63832	-2.17507	1.88312	2.30278	-1.66239	-0.958076	-0.114283	0.718424	0.330686	-0.00576841	-0.934313	0.00840703	-0.356307	3.2638	-4.05853	3.39263	-1.76414	-0.13606	2.45969	-0.272331	0.323175	-6.37517	16.1999	1.81665	-1.25951	-0.401479	
1486256787532	-2.24942	1.63832	-2.17507	1.88312	2.30278	-1.66237	-0.958076	-0.114282	0.718425	0.330687	-0.00576649	-0.934312	0.00840244	-0.356312	3.25515	-4.05661	3.3862	-1.76625	-0.135144	2.45167	-0.270501	0.318099	-6.35713	16.1774	1.81304	-1.25489	-0.40099	
1486256787642	-2.24942	1.63832	-2.17507	1.88312	2.30278	-1.66236	-0.958076	-0.114282	0.718426	0.330687	-0.00576545	-0.93431	0.00839981	-0.356316	3.26129	-4.05011	3.38264	-1.75782	-0.128109	2.44541	-0.270658	0.331026	-6.37686	16.1532	1.80612	-1.2572	-0.403498	
1486256787672	-2.24942	1.63832	-2.17507	1.88312	2.30278	-1.66236	-0.958076	-0.114281	0.718426	0.330688	-0.00576453	-0.934309	0.00839749	-0.356319	3.25468	-4.05211	3.38323	-1.75595	-0.130628	2.44307	-0.271753	0.345394	-6.36264	16.1422	1.80561	-1.25511	-0.403841	
1486256787692	-2.24942	1.63832	-2.17507	1.88312	2.30278	-1.66235	-0.958076	-0.114281	0.718427	0.330688	-0.00576435	-0.934309	0.00839704	-0.35632	3.26452	-4.04704	3.37829	-1.75238	-0.129026	2.44484	-0.271864	0.336148	-6.38094	16.1342	1.80639	-1.25633	-0.404992	
1486256787812	-2.24942	1.63832	-2.17507	1.88312	2.30278	-1.66234	-0.958076	-0.11428	0.718428	0.330688	-0.00576256	-0.934307	0.00839299	-0.356325	3.25569	-4.06686	3.38924	-1.75787	-0.135419	2.43706	-0.270711	0.36172	-6.35983	16.1494	1.80711	-1.24827	-0.404955	
1486256787952	-2.24942	1.63832	-2.17507	1.88312	2.30279	-1.66233	-0.958076	-0.114279	0.718428	0.330689	-0.00576093	-0.934305	0.00838908	-0.356329	3.25024	-4.05316	3.38107	-1.75531	-0.134723	2.42972	-0.271111	0.3511	-6.35596	16.1075	1.80009	-1.24398	-0.404782	
1486256788022	-2.24942	1.63832	-2.17507	1.88312	2.30279	-1.66232	-0.958076	-0.114279	0.718429	0.330689	-0.00576005	-0.934304	0.00838686	-0.356332	3.21465	-4.0549	3.37777	-1.76182	-0.1357	2.4266	-0.270159	0.36346	-6.27983	16.0967	1.79903	-1.24357	-0.400761	
1486256788142	-2.24942	1.63832	-2.17507	1.88312	2.30279	-1.66232	-0.958076	-0.114279	0.718429	0.330689	-0.00575945	-0.934304	0.00838557	-0.356332	3.23833	-4.05315	3.37509	-1.75806	-0.130524	2.42764	-0.269923	0.351642	-6.32927	16.1024	1.79909	-1.24612	-0.404284	
1486256788152	-2.24942	1.63832	-2.17507	1.88312	2.30279	-1.66232	-0.958076	-0.114279	0.718429	0.330689	-0.00575945	-0.934304	0.00838557	-0.356332	3.24934	-4.06768	3.38172	-1.75651	-0.131617	2.42814	-0.270418	0.371481	-6.34688	16.1243	1.80295	-1.24606	-0.407352	
1486256788242	-2.24942	1.63832	-2.17507	1.88312	2.30279	-1.66232	-0.958076	-0.114279	0.718429	0.330689	-0.00575928	-0.934304	0.00838515	-0.356333	3.23617	-4.05856	3.37652	-1.75948	-0.129389	2.4234	-0.269526	0.360117	-6.32599	16.1042	1.79751	-1.24477	-0.405315	
1486256788302	-2.24942	1.63832	-2.17507	1.88311	2.30279	-1.66231	-0.958076	-0.114278	0.71843	0.330689	-0.00575867	-0.934304	0.00838517	-0.356333	3.23376	-4.05705	3.37469	-1.75517	-0.130253	2.42161	-0.272056	0.373366	-6.32291	16.0868	1.79609	-1.24407	-0.407334	
1486256788342	-2.24942	1.63832	-2.17507	1.88311	2.30279	-1.66231	-0.958076	-0.114278	0.71843	0.330689	-0.00575832	-0.934303	0.00838428	-0.356334	3.20799	-4.04799	3.36988	-1.75974	-0.128969	2.41687	-0.272042	0.36953	-6.27721	16.0639	1.79012	-1.24323	-0.404281	
1486256788352	-2.24942	1.63832	-2.17507	1.88311	2.30279	-1.66231	-0.958076	-0.114278	0.71843	0.330689	-0.00575815	-0.934303	0.00838386	-0.356335	3.2066	-4.04327	3.37149	-1.75853	-0.133053	2.41654	-0.27149	0.365009	-6.27505	16.0539	1.78942	-1.24005	-0.401913	
1486256788362	-2.24942	1.63832	-2.17507	1.88311	2.30279	-1.66231	-0.958076	-0.114278	0.71843	0.330689	-0.00575815	-0.934303	0.00838386	-0.356335	3.2066	-4.04327	3.37149	-1.75853	-0.133053	2.41654	-0.27149	0.365009	-6.27505	16.0539	1.78942	-1.24005	-0.401913	
1486256788442	-2.24942	1.63832	-2.17507	1.88311	2.30279	-1.66229	-0.958076	-0.114277	0.718431	0.33069	-0.00575613	-0.934301	0.00837898	-0.35634	3.20582	-4.0475	3.37414	-1.75241	-0.135487	2.41351	-0.272707	0.39095	-6.27195	16.0417	1.78889	-1.23819	-0.403286	
1486256788482	-2.24942	1.63832	-2.17507	1.88311	2.30279	-1.66229	-0.958076	-0.114277	0.718431	0.33069	-0.00575613	-0.934301	0.00837898	-0.35634	3.21625	-4.03633	3.37001	-1.74569	-0.137687	2.41499	-0.271877	0.377784	-6.29118	16.0198	1.78893	-1.23647	-0.401898	
1486256788502	-2.24942	1.63832	-2.17507	1.88311	2.30279	-1.66229	-0.958076	-0.114277	0.718431	0.33069	-0.00575613	-0.934301	0.00837898	-0.35634	3.22279	-4.02067	3.36623	-1.74258	-0.138212	2.41517	-0.271439	0.354542	-6.31015	15.9981	1.78554	-1.2349	-0.400011	
1486256788512	-2.24942	1.63832	-2.17507	1.88311	2.30279	-1.66229	-0.958076	-0.114277	0.718431	0.33069	-0.00575613	-0.934301	0.00837898	-0.35634	3.20246	-4.02908	3.36374	-1.74709	-0.13867	2.41282	-0.272251	0.371225	-6.26395	15.9971	1.78683	-1.23458	-0.400392	
1486256788582	-2.24942	1.63832	-2.17507	1.88311	2.30279	-1.66229	-0.958076	-0.114277	0.718431	0.33069	-0.00575537	-0.934301	0.00837851	-0.356341	3.20605	-4.03975	3.37091	-1.74248	-0.13404	2.40835	-0.271874	0.405637	-6.27358	16.0079	1.78426	-1.23748	-0.402819	
1486256788602	-2.24942	1.63832	-2.17507	1.88311	2.30279	-1.66229	-0.958076	-0.114277	0.718431	0.33069	-0.0057552	-0.9343	0.0083781	-0.356342	3.21007	-4.0386	3.36906	-1.74289	-0.133863	2.40791	-0.271517	0.397765	-6.28134	16.006	1.78436	-1.23652	-0.403197	
1486256788652	-2.24942	1.63832	-2.17507	1.88311	2.30279	-1.66228	-0.958076	-0.114276	0.718432	0.33069	-0.00575363	-0.934298	0.00837509	-0.356347	3.19656	-4.02218	3.3643	-1.74658	-0.131953	2.40511	-0.272266	0.37637	-6.26646	15.9833	1.77704	-1.23594	-0.400772	
1486256788672	-2.24942	1.63832	-2.17507	1.88311	2.30279	-1.66227	-0.958076	-0.114276	0.718432	0.330691	-0.00575318	-0.934298	0.00837322	-0.356347	3.21705	-4.05385	3.38098	-1.7409	-0.139397	2.4055	-0.271815	0.424968	-6.29293	16.0224	1.78654	-1.23226	-0.40464	
1486256788772	-2.24942	1.63832	-2.17507	1.88311	2.30279	-1.66227	-0.958078	-0.114276	0.718432	0.330691	-0.00575237	-0.934298	0.00837353	-0.356347	3.22764	-4.03672	3.36663	-1.7324	-0.136674	2.4057	-0.270492	0.403313	-6.31048	15.9833	1.78547	-1.23261	-0.40442	
1486256788782	-2.24942	1.63832	-2.17507	1.88311	2.30279	-1.66227	-0.958078	-0.114276	0.718432	0.330691	-0.00575237	-0.934298	0.00837353	-0.356347	3.22764	-4.03672	3.36663	-1.7324	-0.136674	2.4057	-0.270492	0.403313	-6.31048	15.9833	1.78547	-1.23261	-0.40442	
1486256788822	-2.24941	1.63832	-2.17507	1.88311	2.30279	-1.66227	-0.958078	-0.114276	0.718432	0.330691	-0.00575269	-0.934298	0.00837338	-0.356348	3.17989	-4.06579	3.37283	-1.75221	-0.134413	2.39774	-0.272056	0.443543	-6.21375	16.0193	1.78496	-1.23299	-0.40578	
1486256788912	-2.24941	1.63832	-2.17507	1.88311	2.30279	-1.66227	-0.958076	-0.114276	0.718433	0.330691	-0.00575314	-0.934298	0.00837219	-0.356349	3.16102	-4.05313	3.36513	-1.75539	-0.12993	2.39185	-0.271786	0.43253	-6.18458	15.9917	1.77721	-1.23305	-0.403898	
1486256788992	-2.24941	1.63832	-2.17507	1.88311	2.30279	-1.66226	-0.958078	-0.114275	0.718434	0.330692	-0.00575063	-0.934296	0.00836917	-0.356354	3.16607	-4.03643	3.36008	-1.74554	-0.130711	2.39467	-0.271228	0.425106	-6.19422	15.9614	1.77581	-1.23427	-0.401257	
1486256789002	-2.24941	1.63832	-2.17507	1.88311	2.30279	-1.66226	-0.958078	-0.114275	0.718434	0.330692	-0.00575063	-0.934296	0.00836917	-0.356354	3.16607	-4.03643	3.36008	-1.74554	-0.130711	2.39467	-0.271228	0.425106	-6.19422	15.9614	1.77581	-1.23427	-0.401257	
