time	joint_joint0	joint_joint1	joint_joint2	joint_joint3	joint_joint4	joint_joint5	joint_joint6	cart_pos_x	cart_pos_y	cart_pos_z	cart_quat_x	cart_quat_y	cart_quat_z	cart_quat_w	force_joint_joint0	force_joint_joint1	force_joint_joint2	force_joint_joint3	force_joint_joint4	force_joint_joint5	force_joint_joint6	cart_force_x	cart_force_y	cart_force_z	cart_trq_x	cart_trq_y	cart_trq_z	
1486255366397	-2.11213	1.63425	-2.13728	1.76064	2.38075	-1.65811	-0.957788	-0.0592785	0.732294	0.336978	-0.00708709	-0.934954	0.0131993	-0.354454	0.41553	-1.4807	0.810488	0.857823	0.164444	0.13645	-0.342101	5.20707	-0.466738	1.01702	0.191384	-0.530845	-0.470317	
1486255367160	-2.11213	1.63425	-2.13725	1.76068	2.38075	-1.65811	-0.95779	-0.0592703	0.732277	0.336986	-0.00711039	-0.934953	0.0131928	-0.354455	0.426046	-1.47485	0.79422	0.837986	0.166657	0.136836	-0.341283	5.12352	-0.495077	1.03408	0.193426	-0.524684	-0.472976	
1486255367350	-2.11213	1.63425	-2.13724	1.76069	2.38075	-1.65811	-0.95779	-0.0592688	0.732273	0.33699	-0.00711671	-0.934952	0.0131894	-0.354457	0.413706	-1.47146	0.792316	0.838518	0.167798	0.136664	-0.34295	5.13243	-0.4722	1.02483	0.191913	-0.526955	-0.472937	
1486255367480	-2.11213	1.63425	-2.13724	1.7607	2.38075	-1.65811	-0.95779	-0.0592679	0.73227	0.336991	-0.00712063	-0.934952	0.0131869	-0.354457	0.420878	-1.48305	0.797483	0.827692	0.164104	0.141094	-0.341423	5.11034	-0.486506	1.0659	0.19781	-0.524417	-0.472291	
1486255367490	-2.11213	1.63425	-2.13724	1.7607	2.38075	-1.65811	-0.95779	-0.0592679	0.73227	0.336991	-0.00712063	-0.934952	0.0131869	-0.354457	0.420878	-1.48305	0.797483	0.827692	0.164104	0.141094	-0.341423	5.11034	-0.486506	1.0659	0.19781	-0.524417	-0.472291	
1486255367500	-2.11213	1.63425	-2.13724	1.7607	2.38075	-1.65811	-0.95779	-0.0592676	0.73227	0.336992	-0.00712117	-0.934952	0.0131864	-0.354458	0.420878	-1.48305	0.797483	0.827692	0.164104	0.141094	-0.341423	5.11034	-0.486506	1.0659	0.19781	-0.524417	-0.472291	
1486255367610	-2.11273	1.63426	-2.13724	1.7607	2.38097	-1.65814	-0.95779	-0.0594655	0.732319	0.336726	-0.0069468	-0.935073	0.0131674	-0.354142	0.796238	-1.68994	0.98204	0.838101	0.0747152	0.394514	-0.323422	5.05324	-1.07301	1.93948	0.40376	-0.595713	-0.450159	
1486255367620	-2.1129	1.63426	-2.13724	1.76075	2.381	-1.65814	-0.95779	-0.0594655	0.732319	0.336726	-0.0069468	-0.935073	0.0131674	-0.354142	0.815784	-1.77294	1.04194	0.804899	0.0685252	0.43844	-0.320967	5.08227	-1.10917	2.21668	0.439315	-0.618674	-0.447048	
1486255367630	-2.1129	1.63426	-2.13724	1.76075	2.381	-1.65814	-0.95779	-0.0594655	0.732319	0.336726	-0.0069468	-0.935073	0.0131674	-0.354142	0.815784	-1.77294	1.04194	0.804899	0.0685252	0.43844	-0.320967	5.08227	-1.10917	2.21668	0.439315	-0.618674	-0.447048	
1486255367690	-2.11333	1.63426	-2.13724	1.76101	2.38101	-1.65815	-0.95779	-0.0596678	0.732295	0.336576	-0.00687941	-0.935141	0.0131086	-0.353967	0.905852	-1.87795	1.14872	0.722822	0.051062	0.52535	-0.319548	4.96109	-1.32721	2.73661	0.495099	-0.647764	-0.440148	
1486255367700	-2.11341	1.63426	-2.13724	1.76106	2.38101	-1.65815	-0.95779	-0.0596678	0.732295	0.336576	-0.00687941	-0.935141	0.0131086	-0.353967	0.86269	-1.93197	1.17457	0.69176	0.0469165	0.542027	-0.318658	4.99738	-1.23786	2.87946	0.513715	-0.658293	-0.436387	
1486255367810	-2.11387	1.63429	-2.13725	1.76129	2.38127	-1.65823	-0.95779	-0.0598673	0.732295	0.336435	-0.00678497	-0.935236	0.0129819	-0.353721	1.11656	-2.20526	1.4178	0.57938	-0.0169436	0.723193	-0.321764	4.92834	-1.76014	3.91554	0.652301	-0.706401	-0.435632	
1486255367820	-2.11387	1.63429	-2.13725	1.76129	2.38127	-1.65823	-0.95779	-0.0598673	0.732295	0.336435	-0.00678497	-0.935236	0.0129819	-0.353721	1.11656	-2.20526	1.4178	0.57938	-0.0169436	0.723193	-0.321764	4.92834	-1.76014	3.91554	0.652301	-0.706401	-0.435632	
1486255367830	-2.11387	1.63429	-2.13725	1.76129	2.38127	-1.65823	-0.95779	-0.0598673	0.732295	0.336435	-0.00678497	-0.935236	0.0129819	-0.353721	1.11656	-2.20526	1.4178	0.57938	-0.0169436	0.723193	-0.321764	4.92834	-1.76014	3.91554	0.652301	-0.706401	-0.435632	
1486255367840	-2.11392	1.63429	-2.13725	1.76147	2.38126	-1.65824	-0.95779	-0.0598673	0.732295	0.336435	-0.00678497	-0.935236	0.0129819	-0.353721	1.12435	-2.3116	1.49731	0.511176	-0.0306745	0.768995	-0.326781	4.9244	-1.80541	4.27991	0.688275	-0.722859	-0.43659	
1486255367850	-2.11392	1.63429	-2.13725	1.76147	2.38126	-1.65824	-0.95779	-0.0598938	0.732264	0.336475	-0.0068177	-0.935228	0.0129274	-0.353745	1.12435	-2.3116	1.49731	0.511176	-0.0306745	0.768995	-0.326781	4.9244	-1.80541	4.27991	0.688275	-0.722859	-0.43659	
1486255368020	-2.1141	1.63437	-2.13725	1.76164	2.38128	-1.65838	-0.95779	-0.0599665	0.73225	0.336476	-0.0068342	-0.935255	0.0128849	-0.353674	1.41165	-2.51082	1.69058	0.395992	-0.0987169	0.966949	-0.323317	4.65722	-2.38201	5.24764	0.833903	-0.763721	-0.426209	
1486255368160	-2.11423	1.63439	-2.13725	1.76166	2.3813	-1.65847	-0.95779	-0.0600253	0.732263	0.336426	-0.00681396	-0.935296	0.0128961	-0.353565	1.47649	-2.53444	1.76051	0.365382	-0.111364	0.990956	-0.308617	4.5672	-2.54515	5.45565	0.841137	-0.763217	-0.407363	
1486255368200	-2.11423	1.63439	-2.13725	1.76166	2.3813	-1.65848	-0.95779	-0.0600284	0.732261	0.33642	-0.00681266	-0.935299	0.0129018	-0.353557	1.44229	-2.57293	1.76867	0.352208	-0.113487	0.985356	-0.306814	4.61867	-2.46778	5.49722	0.84721	-0.761236	-0.407864	
1486255368360	-2.11423	1.63438	-2.13725	1.76165	2.3813	-1.65849	-0.95779	-0.0600273	0.732261	0.336414	-0.00681212	-0.935301	0.0129122	-0.353551	1.43371	-2.44567	1.66031	0.374576	-0.0913227	0.882362	-0.305473	4.48294	-2.48821	5.05356	0.770982	-0.702224	-0.421394	
1486255368850	-2.11423	1.63437	-2.13725	1.76163	2.3813	-1.65849	-0.95779	-0.0600232	0.732261	0.336404	-0.00680786	-0.935303	0.0129248	-0.353547	1.3252	-2.14158	1.39014	0.560942	-0.0481138	0.805479	-0.299154	4.50106	-2.13311	4.06387	0.711527	-0.695001	-0.415741	
1486255368870	-2.11423	1.63437	-2.13725	1.76163	2.3813	-1.65849	-0.95779	-0.0600233	0.732261	0.336404	-0.00680791	-0.935303	0.0129243	-0.353547	1.34018	-2.16907	1.40653	0.554188	-0.0501749	0.809847	-0.295697	4.51298	-2.15912	4.12858	0.719072	-0.695345	-0.415583	
1486255368940	-2.11423	1.63437	-2.13725	1.76163	2.3813	-1.65849	-0.95779	-0.0600233	0.732261	0.336404	-0.00680805	-0.935303	0.0129253	-0.353546	1.33547	-2.1754	1.43195	0.540372	-0.0549926	0.821517	-0.28341	4.48296	-2.15155	4.20952	0.724524	-0.698918	-0.398765	
1486255369010	-2.11423	1.63437	-2.13725	1.76162	2.3813	-1.65849	-0.95779	-0.0600232	0.732261	0.336403	-0.0068078	-0.935303	0.0129257	-0.353546	1.3566	-2.17551	1.43821	0.557677	-0.0573083	0.821746	-0.276855	4.50628	-2.17723	4.19537	0.726609	-0.698477	-0.394127	
1486255369030	-2.11423	1.63437	-2.13725	1.76162	2.3813	-1.65849	-0.95779	-0.0600232	0.732261	0.336403	-0.0068078	-0.935303	0.0129257	-0.353546	1.35049	-2.18118	1.43599	0.559926	-0.0556023	0.821623	-0.27507	4.52253	-2.15649	4.19506	0.729056	-0.700537	-0.393669	
1486255369100	-2.11423	1.63437	-2.13725	1.76162	2.3813	-1.65849	-0.95779	-0.0600232	0.732261	0.336403	-0.0068078	-0.935303	0.0129257	-0.353546	1.37682	-2.14594	1.41882	0.589864	-0.0594106	0.829369	-0.273949	4.51125	-2.18626	4.11598	0.732142	-0.702087	-0.390516	
1486255369220	-2.11424	1.63437	-2.13725	1.76162	2.3813	-1.65849	-0.95779	-0.0600239	0.732262	0.336398	-0.00680527	-0.935304	0.0129287	-0.353542	1.3865	-2.08124	1.35569	0.667899	-0.0651935	0.795774	-0.278539	4.59141	-2.15236	3.78924	0.716467	-0.682077	-0.398803	
1486255369230	-2.11424	1.63437	-2.13725	1.76162	2.3813	-1.65849	-0.95779	-0.0600239	0.732262	0.336398	-0.00680527	-0.935304	0.0129287	-0.353542	1.3865	-2.08124	1.35569	0.667899	-0.0651935	0.795774	-0.278539	4.59141	-2.15236	3.78924	0.716467	-0.682077	-0.398803	
1486255369410	-2.11424	1.63437	-2.13725	1.76161	2.3813	-1.65849	-0.95779	-0.0600235	0.732262	0.336396	-0.00680406	-0.935305	0.012931	-0.353541	1.395	-2.06147	1.3302	0.661867	-0.0597362	0.780501	-0.279644	4.53229	-2.17924	3.73213	0.706336	-0.670574	-0.404906	
1486255369420	-2.11424	1.63437	-2.13725	1.76161	2.3813	-1.65849	-0.95779	-0.0600235	0.732262	0.336396	-0.00680406	-0.935305	0.012931	-0.353541	1.4046	-2.05304	1.33116	0.663066	-0.061044	0.782126	-0.279457	4.51452	-2.20205	3.72863	0.705057	-0.669585	-0.403677	
1486255369430	-2.11424	1.63437	-2.13725	1.76161	2.3813	-1.65849	-0.95779	-0.0600235	0.732262	0.336396	-0.00680406	-0.935305	0.012931	-0.353541	1.4046	-2.05304	1.33116	0.663066	-0.061044	0.782126	-0.279457	4.51452	-2.20205	3.72863	0.705057	-0.669585	-0.403677	
1486255369440	-2.11423	1.63437	-2.13725	1.76161	2.3813	-1.65849	-0.95779	-0.0600236	0.732262	0.336396	-0.00680425	-0.935305	0.0129315	-0.353541	1.3765	-2.05391	1.32746	0.657124	-0.0576527	0.780825	-0.279127	4.52316	-2.14678	3.72914	0.704021	-0.673083	-0.40182	
1486255369684	-2.11424	1.63437	-2.13725	1.76161	2.3813	-1.65849	-0.95779	-0.0600228	0.732262	0.336396	-0.00680394	-0.935305	0.0129328	-0.353541	1.41041	-2.06111	1.33396	0.651975	-0.0591793	0.782893	-0.278202	4.49224	-2.21978	3.76285	0.706271	-0.668876	-0.404481	
1486255369810	-2.11423	1.63437	-2.13725	1.76161	2.3813	-1.65849	-0.95779	-0.0600229	0.732263	0.336395	-0.00680373	-0.935305	0.0129326	-0.35354	1.36359	-2.08285	1.3349	0.635518	-0.0617236	0.778917	-0.277806	4.51749	-2.12288	3.78664	0.709859	-0.667217	-0.402649	
1486255370410	-2.11423	1.63437	-2.13725	1.7616	2.3813	-1.65849	-0.95779	-0.0600225	0.732263	0.336393	-0.00680248	-0.935306	0.0129349	-0.353539	1.37063	-2.08509	1.33476	0.634047	-0.0594743	0.781746	-0.278666	4.51215	-2.13837	3.80017	0.71136	-0.669665	-0.404602	
1486255370460	-2.11424	1.63437	-2.13725	1.7616	2.3813	-1.65849	-0.95779	-0.0600225	0.732263	0.336393	-0.00680248	-0.935306	0.0129349	-0.353539	1.38241	-2.0995	1.33824	0.63206	-0.0606334	0.780179	-0.277738	4.51803	-2.15815	3.8186	0.714434	-0.666586	-0.407165	
1486255370610	-2.11423	1.63437	-2.13725	1.7616	2.3813	-1.65849	-0.95779	-0.0600224	0.732264	0.336393	-0.00680217	-0.935306	0.0129353	-0.353539	1.38096	-2.07527	1.33321	0.631126	-0.0572113	0.781637	-0.278818	4.48253	-2.16843	3.80007	0.707788	-0.669085	-0.404861	
1486255371180	-2.11423	1.63437	-2.13725	1.7616	2.3813	-1.65849	-0.95779	-0.0600223	0.732264	0.336392	-0.00680159	-0.935306	0.0129362	-0.353538	1.36404	-2.09509	1.34173	0.631037	-0.0571601	0.780413	-0.277885	4.53019	-2.12803	3.81975	0.710587	-0.671967	-0.404408	
1486255371230	-2.11423	1.63437	-2.13725	1.7616	2.3813	-1.65849	-0.95779	-0.0600223	0.732264	0.336392	-0.00680159	-0.935306	0.0129362	-0.353538	1.35367	-2.08817	1.33738	0.62223	-0.0559623	0.78089	-0.278586	4.50369	-2.11506	3.82302	0.708875	-0.671923	-0.403482	
1486255371250	-2.11423	1.63437	-2.13725	1.7616	2.3813	-1.65849	-0.95779	-0.0600223	0.732264	0.336392	-0.00680159	-0.935306	0.0129362	-0.353538	1.3708	-2.09206	1.33795	0.626632	-0.0566956	0.781057	-0.278995	4.50688	-2.14574	3.82331	0.71058	-0.670468	-0.406219	
1486255371310	-2.11423	1.63437	-2.13725	1.7616	2.3813	-1.65849	-0.95779	-0.0600223	0.732264	0.336392	-0.00680159	-0.935306	0.0129362	-0.353538	1.36052	-2.10436	1.34178	0.623096	-0.0585433	0.778822	-0.27787	4.52415	-2.12162	3.83519	0.712446	-0.668827	-0.405625	
1486255371680	-2.11423	1.63437	-2.13725	1.7616	2.3813	-1.65849	-0.95779	-0.0600221	0.732265	0.336391	-0.00680097	-0.935306	0.012937	-0.353537	1.3717	-2.09038	1.34241	0.63154	-0.0586079	0.778447	-0.278624	4.51984	-2.14808	3.81179	0.708013	-0.668878	-0.404964	
1486255372210	-2.11423	1.63437	-2.13725	1.7616	2.3813	-1.65849	-0.95779	-0.0600221	0.732265	0.336391	-0.00680066	-0.935306	0.0129375	-0.353537	1.37214	-2.08011	1.33077	0.634054	-0.0567274	0.781227	-0.279058	4.50361	-2.14372	3.79375	0.70971	-0.670675	-0.405496	
1486255372400	-2.11423	1.63437	-2.13725	1.76159	2.3813	-1.65849	-0.95779	-0.060022	0.732265	0.33639	-0.00680035	-0.935307	0.0129379	-0.353537	1.36068	-2.08418	1.33092	0.628195	-0.0546283	0.77913	-0.278822	4.50534	-2.12432	3.80233	0.708499	-0.671272	-0.405402	
1486255372430	-2.11423	1.63437	-2.13725	1.76159	2.3813	-1.65849	-0.95779	-0.060022	0.732265	0.33639	-0.00680035	-0.935307	0.0129379	-0.353537	1.34462	-2.08069	1.32655	0.625773	-0.0538218	0.77841	-0.278943	4.50515	-2.09206	3.79381	0.707759	-0.67223	-0.404062	
1486255372610	-2.11423	1.63437	-2.13725	1.76159	2.3813	-1.65849	-0.95779	-0.060022	0.732265	0.33639	-0.00680035	-0.935307	0.0129379	-0.353537	1.35472	-2.09516	1.33215	0.627278	-0.0585884	0.778406	-0.280257	4.52345	-2.10692	3.80605	0.711939	-0.668809	-0.407045	
1486255372620	-2.11423	1.63437	-2.13725	1.76159	2.3813	-1.65849	-0.95779	-0.060022	0.732265	0.33639	-0.00680035	-0.935307	0.0129379	-0.353537	1.34199	-2.10283	1.3382	0.624093	-0.0565709	0.775582	-0.280439	4.54401	-2.0863	3.81743	0.709546	-0.670608	-0.406873	
1486255372630	-2.11423	1.63437	-2.13725	1.76159	2.3813	-1.65849	-0.95779	-0.060022	0.732265	0.33639	-0.00680035	-0.935307	0.0129379	-0.353537	1.34199	-2.10283	1.3382	0.624093	-0.0565709	0.775582	-0.280439	4.54401	-2.0863	3.81743	0.709546	-0.670608	-0.406873	
1486255372650	-2.11423	1.63437	-2.13725	1.76159	2.3813	-1.65849	-0.95779	-0.060022	0.732265	0.33639	-0.00680035	-0.935307	0.0129379	-0.353537	1.37216	-2.09852	1.34065	0.634555	-0.0588589	0.778616	-0.280722	4.54015	-2.14303	3.8104	0.710931	-0.669493	-0.408475	
1486255372760	-2.11423	1.63437	-2.13725	1.76159	2.3813	-1.65849	-0.95779	-0.060022	0.732265	0.33639	-0.00680035	-0.935307	0.0129379	-0.353537	1.34937	-2.09869	1.33563	0.624793	-0.0540192	0.779517	-0.279971	4.53143	-2.10038	3.82289	0.710943	-0.673764	-0.406917	
1486255372780	-2.11423	1.63437	-2.13725	1.76159	2.3813	-1.65849	-0.95779	-0.060022	0.732265	0.33639	-0.00680035	-0.935307	0.0129379	-0.353537	1.34307	-2.0866	1.32941	0.624015	-0.0514348	0.781141	-0.280218	4.51453	-2.09075	3.81157	0.709118	-0.676289	-0.405559	
1486255372850	-2.11423	1.63437	-2.13725	1.76159	2.3813	-1.65849	-0.95779	-0.0600219	0.732265	0.33639	-0.00680007	-0.935307	0.0129383	-0.353536	1.3604	-2.09551	1.33105	0.628543	-0.0542205	0.780518	-0.280223	4.52396	-2.11835	3.81351	0.71239	-0.672942	-0.408427	
1486255372960	-2.11423	1.63437	-2.13725	1.76159	2.3813	-1.65849	-0.95779	-0.0600219	0.732265	0.33639	-0.00680007	-0.935307	0.0129383	-0.353536	1.33592	-2.07434	1.32712	0.619062	-0.0542894	0.777401	-0.280424	4.48811	-2.08534	3.79459	0.70417	-0.671035	-0.403139	
1486255373420	-2.11423	1.63437	-2.13725	1.76159	2.3813	-1.65849	-0.95779	-0.0600219	0.732266	0.33639	-0.00679979	-0.935307	0.0129387	-0.353536	1.33231	-2.09575	1.3342	0.617232	-0.0542495	0.778849	-0.279125	4.51913	-2.07021	3.82599	0.709758	-0.673314	-0.404031	
