time	joint_joint0	joint_joint1	joint_joint2	joint_joint3	joint_joint4	joint_joint5	joint_joint6	cart_pos_x	cart_pos_y	cart_pos_z	cart_quat_x	cart_quat_y	cart_quat_z	cart_quat_w	force_joint_joint0	force_joint_joint1	force_joint_joint2	force_joint_joint3	force_joint_joint4	force_joint_joint5	force_joint_joint6	cart_force_x	cart_force_y	cart_force_z	cart_trq_x	cart_trq_y	cart_trq_z	
1486257761824	-2.24402	1.63762	-2.1728	1.87913	2.30402	-1.65976	-0.957942	-0.11172	0.718597	0.331053	-0.00635258	-0.933709	0.00870312	-0.357871	2.02837	-2.70202	1.99175	-0.58711	0.0935903	1.15099	-0.440445	2.32513	-4.2948	8.6042	0.866656	-0.821026	-0.621227	
1486257762524	-2.2438	1.63757	-2.17184	1.87898	2.30409	-1.6595	-0.957942	-0.111361	0.718383	0.330946	-0.00671957	-0.93373	0.00884781	-0.357806	1.90206	-2.94887	2.2386	-0.611281	-0.0151123	1.01949	-0.456736	2.89025	-4.13161	8.73835	0.820475	-0.702561	-0.628323	
1486257762827	-2.2438	1.63757	-2.17181	1.87896	2.30416	-1.65951	-0.957942	-0.111353	0.718383	0.330937	-0.00671834	-0.933741	0.00883256	-0.357778	1.92224	-3.03094	2.28555	-0.592819	-0.0338029	1.10455	-0.457496	3.03449	-4.07507	8.98771	0.893202	-0.750096	-0.6216	
1486257763244	-2.24407	1.63761	-2.17182	1.87894	2.30436	-1.65985	-0.957942	-0.111445	0.718403	0.330837	-0.00666123	-0.933839	0.00885067	-0.357523	2.86316	-3.37696	2.68523	-0.700023	-0.13139	2.03127	-0.41146	2.30565	-5.41252	11.9626	1.52441	-1.16695	-0.52806	
1486257763827	-2.24509	1.63781	-2.1728	1.8791	2.30446	-1.66058	-0.957944	-0.112109	0.718655	0.330604	-0.00613953	-0.934059	0.00883676	-0.356955	3.40692	-3.88873	3.24615	-1.25675	-0.195989	2.52333	-0.184366	1.00926	-6.2111	15.2016	1.91096	-1.30738	-0.313701	
1486257764074	-2.24554	1.63814	-2.17327	1.87962	2.30451	-1.66128	-0.957944	-0.11244	0.718727	0.330728	-0.00607185	-0.93415	0.00862685	-0.356724	3.65858	-4.045	3.47265	-1.42657	-0.219554	2.7659	-0.153748	0.603616	-6.67902	16.4366	2.06031	-1.40371	-0.267771	
1486257764574	-2.24613	1.63832	-2.17356	1.87972	2.30459	-1.66191	-0.957947	-0.112805	0.71881	0.330588	-0.00591172	-0.934343	0.00865597	-0.35622	3.86393	-3.93516	3.38563	-1.34457	-0.251426	2.75175	-0.130023	0.367391	-7.03447	16.1072	2.07038	-1.34507	-0.263931	
1486257764615	-2.24613	1.63832	-2.17356	1.87972	2.30459	-1.66191	-0.957947	-0.112805	0.71881	0.330589	-0.00591235	-0.934343	0.00865644	-0.356221	3.84552	-3.94936	3.38435	-1.35235	-0.251229	2.74254	-0.131454	0.386181	-6.99736	16.1058	2.0686	-1.34061	-0.267164	
1486257766274	-2.2461	1.63831	-2.17355	1.87972	2.30458	-1.6619	-0.957949	-0.112795	0.718807	0.330598	-0.00592026	-0.934337	0.00865763	-0.356237	3.38586	-3.88011	3.28162	-1.41787	-0.212557	2.39493	-0.167855	0.617856	-6.35242	15.2251	1.82308	-1.18571	-0.309107	
1486257766726	-2.2461	1.63831	-2.17355	1.87972	2.30458	-1.6619	-0.95795	-0.112793	0.718806	0.3306	-0.00592034	-0.934336	0.00865755	-0.356239	3.32517	-3.86727	3.2717	-1.41561	-0.213637	2.36619	-0.171923	0.664493	-6.24987	15.1187	1.80155	-1.17321	-0.30892	
1486257768415	-2.24608	1.63831	-2.17355	1.87972	2.30458	-1.6619	-0.957952	-0.112789	0.718806	0.330605	-0.0059219	-0.934333	0.00865515	-0.356246	3.23598	-3.8539	3.25674	-1.41958	-0.213937	2.28908	-0.183505	0.740021	-6.13338	14.9091	1.74819	-1.13367	-0.320409	
1486257768774	-2.24608	1.63831	-2.17355	1.87972	2.30458	-1.6619	-0.957952	-0.112788	0.718806	0.330606	-0.00592249	-0.934333	0.00865489	-0.356247	3.22371	-3.8706	3.25987	-1.41553	-0.216705	2.28169	-0.182665	0.786453	-6.09852	14.9006	1.74941	-1.13013	-0.321423	
1486257768825	-2.24608	1.63831	-2.17355	1.87972	2.30458	-1.6619	-0.957952	-0.112788	0.718806	0.330606	-0.00592249	-0.934333	0.00865489	-0.356247	3.21961	-3.87683	3.26194	-1.41571	-0.217894	2.27894	-0.182065	0.799044	-6.08759	14.9014	1.74967	-1.12837	-0.321445	
