time	joint_joint0	joint_joint1	joint_joint2	joint_joint3	joint_joint4	joint_joint5	joint_joint6	cart_pos_x	cart_pos_y	cart_pos_z	cart_quat_x	cart_quat_y	cart_quat_z	cart_quat_w	force_joint_joint0	force_joint_joint1	force_joint_joint2	force_joint_joint3	force_joint_joint4	force_joint_joint5	force_joint_joint6	cart_force_x	cart_force_y	cart_force_z	cart_trq_x	cart_trq_y	cart_trq_z	
1486251849526	-2.11227	1.63615	-2.13738	1.75977	2.38022	-1.65862	-0.957741	-0.0596384	0.732993	0.337172	-0.00704462	-0.935213	0.0129239	-0.353779	0.230369	-1.01294	0.450478	0.721339	0.302001	0.166966	-0.323564	4.1218	-0.212925	0.639209	0.128652	-0.58679	-0.433611	
1486251849746	-2.11229	1.63462	-2.13732	1.76067	2.38068	-1.65809	-0.957741	-0.0593937	0.732402	0.337036	-0.00709167	-0.934982	0.0130355	-0.354383	0.480524	-1.70004	0.815046	0.830638	0.206406	0.162368	-0.338668	5.4007	-0.511637	1.36673	0.261093	-0.570241	-0.517402	
1486251849776	-2.11229	1.63462	-2.13732	1.76068	2.38068	-1.6581	-0.957741	-0.0593934	0.7324	0.337037	-0.0070931	-0.934982	0.0130349	-0.354383	0.485126	-1.70296	0.817003	0.834381	0.205005	0.161737	-0.338778	5.41194	-0.517849	1.36341	0.261698	-0.569334	-0.518035	
1486251849796	-2.11229	1.63462	-2.13732	1.76068	2.38068	-1.6581	-0.957741	-0.0593928	0.732398	0.337038	-0.00709459	-0.934982	0.0130353	-0.354385	0.492271	-1.70504	0.821684	0.836656	0.203618	0.159644	-0.339444	5.41944	-0.534763	1.36224	0.259991	-0.567366	-0.519025	
1486251849856	-2.11229	1.63461	-2.13732	1.7607	2.38068	-1.6581	-0.957742	-0.0593923	0.732392	0.337041	-0.0070976	-0.93498	0.0130338	-0.354391	0.475899	-1.73179	0.83384	0.822555	0.20414	0.153893	-0.340533	5.44613	-0.510944	1.40538	0.259326	-0.565687	-0.521719	
1486251849976	-2.11229	1.6346	-2.13732	1.76071	2.38068	-1.6581	-0.957742	-0.0593909	0.732387	0.337041	-0.00710042	-0.934978	0.0130361	-0.354394	0.521387	-1.74852	0.848783	0.829523	0.190623	0.154095	-0.341841	5.45315	-0.596208	1.42088	0.264971	-0.553749	-0.525843	
1486251850116	-2.11229	1.63459	-2.13732	1.76071	2.38068	-1.6581	-0.957742	-0.05939	0.732384	0.33704	-0.00709994	-0.934978	0.0130371	-0.354396	0.499535	-1.75563	0.85293	0.81708	0.193376	0.148219	-0.343614	5.45809	-0.56675	1.43642	0.259719	-0.553298	-0.526796	
1486251850197	-2.11229	1.63459	-2.13732	1.76072	2.38068	-1.6581	-0.957742	-0.0593892	0.732382	0.33704	-0.00710092	-0.934977	0.0130376	-0.354398	0.49746	-1.75477	0.851049	0.813326	0.195692	0.147195	-0.34488	5.45087	-0.568025	1.43902	0.257998	-0.553795	-0.528385	
1486251850636	-2.11229	1.63457	-2.13732	1.76073	2.38068	-1.6581	-0.957744	-0.0593869	0.732375	0.33704	-0.00710403	-0.934975	0.0130419	-0.354402	0.492894	-1.74421	0.851098	0.80353	0.19439	0.149129	-0.342248	5.40813	-0.566949	1.44963	0.256441	-0.551969	-0.523215	
1486251850706	-2.11229	1.63457	-2.13732	1.76073	2.38068	-1.6581	-0.957744	-0.0593867	0.732374	0.33704	-0.00710435	-0.934975	0.0130411	-0.354404	0.506977	-1.74069	0.848728	0.806251	0.192577	0.148322	-0.344014	5.39824	-0.59601	1.43858	0.255998	-0.548672	-0.525872	
1486251850766	-2.11229	1.63457	-2.13732	1.76074	2.38068	-1.6581	-0.957744	-0.0593866	0.732373	0.337041	-0.00710492	-0.934974	0.0130408	-0.354404	0.50769	-1.75866	0.851867	0.799206	0.191321	0.147536	-0.343879	5.40512	-0.594764	1.46606	0.260192	-0.546401	-0.528396	
1486251850816	-2.11229	1.63457	-2.13732	1.76074	2.38068	-1.6581	-0.957744	-0.0593861	0.732372	0.337041	-0.00710603	-0.934974	0.0130409	-0.354405	0.51805	-1.75075	0.8499	0.809529	0.191003	0.150621	-0.344009	5.41045	-0.609552	1.44855	0.261093	-0.54854	-0.52809	
1486251851086	-2.11229	1.63456	-2.13731	1.76075	2.38069	-1.6581	-0.957744	-0.0593853	0.732368	0.337043	-0.00710911	-0.934973	0.0130401	-0.354409	0.514893	-1.76403	0.846552	0.799349	0.191833	0.157147	-0.343841	5.39883	-0.597324	1.48611	0.269627	-0.551177	-0.529728	
1486251851150	-2.11254	1.63456	-2.13732	1.76073	2.38087	-1.65811	-0.957744	-0.0594341	0.732391	0.336971	-0.00704195	-0.935017	0.0129963	-0.354294	0.723232	-1.82632	0.901745	0.85224	0.159861	0.285983	-0.336157	5.40618	-0.898761	1.7909	0.37138	-0.599537	-0.523286	
1486251851277	-2.11326	1.63457	-2.13732	1.76088	2.3809	-1.65813	-0.957746	-0.05966	0.732414	0.336693	-0.00689536	-0.935124	0.0130323	-0.354013	0.912654	-2.03569	1.09764	0.743607	0.10777	0.504595	-0.335036	5.2619	-1.26209	2.78952	0.525714	-0.68006	-0.50488	
1486251851286	-2.11335	1.63457	-2.13732	1.76093	2.38091	-1.65813	-0.957746	-0.0596998	0.732409	0.336665	-0.00688387	-0.935137	0.0130197	-0.35398	0.919209	-2.09114	1.13409	0.730124	0.0985183	0.532702	-0.33514	5.30675	-1.26259	2.94548	0.551583	-0.692936	-0.503384	
1486251851960	-2.11434	1.63463	-2.13733	1.76169	2.38116	-1.65858	-0.957748	-0.060122	0.732328	0.336467	-0.00683053	-0.935318	0.0128442	-0.353508	1.4616	-2.52817	1.61631	0.361336	-0.0198553	0.971978	-0.308136	4.52029	-2.47461	5.35871	0.842384	-0.802537	-0.449295	
1486251852066	-2.11434	1.63462	-2.13733	1.76169	2.38116	-1.65858	-0.957748	-0.0601202	0.732327	0.336464	-0.00682966	-0.935318	0.0128485	-0.353509	1.36407	-2.40953	1.48101	0.425409	0.000620873	0.870287	-0.30998	4.56653	-2.25105	4.79821	0.779896	-0.759343	-0.46105	
1486251852366	-2.11434	1.63462	-2.13733	1.76167	2.38116	-1.65858	-0.957749	-0.0601182	0.732329	0.336456	-0.00682521	-0.93532	0.0128584	-0.353504	1.41678	-2.26292	1.32848	0.617581	0.000126273	0.884226	-0.311713	4.71506	-2.16548	4.22865	0.804019	-0.77653	-0.466535	
1486251852499	-2.11434	1.63462	-2.13733	1.76167	2.38116	-1.65858	-0.957749	-0.0601183	0.732329	0.336456	-0.00682496	-0.93532	0.0128582	-0.353503	1.43822	-2.31659	1.38868	0.581295	-0.0102807	0.905575	-0.294072	4.6794	-2.21551	4.44806	0.821564	-0.779132	-0.448146	
1486251852541	-2.11434	1.63462	-2.13733	1.76167	2.38116	-1.65858	-0.957749	-0.0601182	0.732329	0.336455	-0.00682462	-0.93532	0.0128587	-0.353503	1.43729	-2.33263	1.40988	0.567361	-0.0142074	0.920004	-0.290231	4.66705	-2.21684	4.53455	0.830485	-0.785133	-0.441096	
1486251852606	-2.11434	1.63462	-2.13733	1.76167	2.38116	-1.65858	-0.957749	-0.0601183	0.73233	0.336455	-0.00682427	-0.93532	0.012858	-0.353502	1.44875	-2.33576	1.42573	0.566849	-0.0197207	0.936323	-0.287635	4.65818	-2.23623	4.58653	0.839384	-0.791478	-0.434537	
1486251852716	-2.11434	1.63462	-2.13733	1.76167	2.38116	-1.65858	-0.957749	-0.0601186	0.732329	0.336454	-0.00682408	-0.935321	0.0128603	-0.353502	1.50051	-2.31039	1.41261	0.603809	-0.0230679	0.973578	-0.286584	4.64903	-2.29527	4.57423	0.863479	-0.810737	-0.431071	
1486251853046	-2.11435	1.63462	-2.13733	1.76166	2.38116	-1.65858	-0.957751	-0.0601207	0.732331	0.336446	-0.00681846	-0.935323	0.0128653	-0.353496	1.52224	-2.26176	1.36415	0.634773	-0.0203779	0.906543	-0.288918	4.64272	-2.34767	4.30288	0.821846	-0.767501	-0.445788	
1486251853276	-2.11435	1.63462	-2.13733	1.76166	2.38116	-1.65858	-0.957751	-0.0601206	0.732332	0.336444	-0.00681757	-0.935323	0.0128666	-0.353495	1.46538	-2.27893	1.36322	0.604577	-0.0210916	0.904348	-0.288641	4.63213	-2.24194	4.34658	0.824134	-0.766362	-0.442492	
1486251853538	-2.11435	1.63462	-2.13733	1.76165	2.38116	-1.65858	-0.957751	-0.0601204	0.732333	0.336443	-0.00681632	-0.935324	0.0128672	-0.353493	1.49444	-2.27447	1.36546	0.611087	-0.0193368	0.904624	-0.287449	4.62026	-2.30161	4.34537	0.822573	-0.765812	-0.443908	
1486251853566	-2.11435	1.63462	-2.13733	1.76165	2.38116	-1.65858	-0.957751	-0.0601204	0.732333	0.336443	-0.00681667	-0.935324	0.0128679	-0.353494	1.48937	-2.27276	1.3628	0.609947	-0.0195349	0.903486	-0.287947	4.61801	-2.29187	4.3388	0.821983	-0.764969	-0.444036	
1486251853846	-2.11435	1.63462	-2.13733	1.76165	2.38116	-1.65858	-0.957751	-0.0601202	0.732333	0.336442	-0.00681605	-0.935324	0.0128688	-0.353493	1.46937	-2.27774	1.36576	0.604145	-0.018058	0.898813	-0.28664	4.62979	-2.25588	4.34374	0.818961	-0.764867	-0.442009	
1486251854146	-2.11435	1.63462	-2.13733	1.76165	2.38116	-1.65858	-0.957753	-0.0601201	0.732334	0.336441	-0.0068146	-0.935324	0.01287	-0.353492	1.45842	-2.27521	1.36561	0.602483	-0.0202666	0.901699	-0.288524	4.63068	-2.23488	4.34344	0.820056	-0.766064	-0.441066	
1486251854226	-2.11435	1.63462	-2.13733	1.76165	2.38116	-1.65858	-0.957753	-0.0601201	0.732334	0.336441	-0.0068146	-0.935324	0.01287	-0.353492	1.47464	-2.27392	1.36792	0.60575	-0.0193086	0.903343	-0.28759	4.62454	-2.26745	4.34866	0.820229	-0.766731	-0.441434	
1486251854339	-2.11435	1.63462	-2.13733	1.76165	2.38116	-1.65858	-0.957753	-0.06012	0.732334	0.336441	-0.00681432	-0.935324	0.0128704	-0.353492	1.46565	-2.276	1.36709	0.604109	-0.0178094	0.901255	-0.287803	4.63224	-2.25043	4.34717	0.819072	-0.76732	-0.441699	
1486251854366	-2.11435	1.63462	-2.13733	1.76164	2.38116	-1.65858	-0.957753	-0.06012	0.732334	0.336441	-0.00681432	-0.935324	0.0128704	-0.353492	1.49296	-2.27679	1.37044	0.613542	-0.0196095	0.902919	-0.288288	4.63703	-2.3011	4.34399	0.820591	-0.766127	-0.444198	
1486251854536	-2.11435	1.63462	-2.13733	1.76164	2.38116	-1.65858	-0.957753	-0.06012	0.732334	0.33644	-0.00681404	-0.935324	0.0128708	-0.353491	1.45599	-2.2762	1.3641	0.60231	-0.0184623	0.901017	-0.287376	4.63249	-2.22822	4.34363	0.820106	-0.766982	-0.440703	
1486251854716	-2.11435	1.63462	-2.13733	1.76164	2.38116	-1.65858	-0.957753	-0.0601199	0.732335	0.336439	-0.0068131	-0.935325	0.0128709	-0.35349	1.45926	-2.27743	1.36841	0.604209	-0.0189939	0.900343	-0.287619	4.64023	-2.2367	4.34497	0.81892	-0.766841	-0.440752	
1486251854776	-2.11435	1.63462	-2.13733	1.76164	2.38116	-1.65858	-0.957753	-0.0601199	0.732335	0.33644	-0.00681345	-0.935325	0.0128716	-0.353491	1.45434	-2.27899	1.37054	0.598497	-0.0191979	0.900243	-0.287676	4.63273	-2.23169	4.35637	0.818315	-0.76637	-0.440126	
1486251855076	-2.11435	1.63462	-2.13733	1.76164	2.38116	-1.65858	-0.957753	-0.0601197	0.732335	0.336439	-0.00681281	-0.935325	0.0128726	-0.35349	1.44763	-2.27717	1.36288	0.601529	-0.020549	0.89838	-0.286878	4.63675	-2.20924	4.335	0.819869	-0.764365	-0.439715	
1486251855436	-2.11435	1.63462	-2.13733	1.76164	2.38116	-1.65858	-0.957754	-0.0601196	0.732335	0.336438	-0.00681146	-0.935325	0.0128737	-0.353489	1.4475	-2.27679	1.36313	0.592679	-0.0211597	0.89851	-0.28876	4.61458	-2.21828	4.34805	0.818872	-0.762353	-0.441036	
1486251856216	-2.11435	1.63462	-2.13733	1.76163	2.38116	-1.65858	-0.957754	-0.0601192	0.732337	0.336435	-0.0068097	-0.935326	0.0128762	-0.353487	1.44185	-2.28412	1.35996	0.58689	-0.0184849	0.894637	-0.289887	4.6165	-2.20957	4.35332	0.818107	-0.761323	-0.444286	
1486251857277	-2.11435	1.63462	-2.13733	1.76162	2.38116	-1.65858	-0.957756	-0.060119	0.732338	0.336433	-0.00680769	-0.935326	0.0128783	-0.353486	1.44485	-2.27316	1.3623	0.590956	-0.0181537	0.895162	-0.289937	4.61175	-2.22081	4.34214	0.814365	-0.762551	-0.442281	
