time	
414.932	
414.932	
414.946	
414.96	
414.96	
414.974	
414.988	
415.002	
415.002	
415.016	
415.03	
415.03	
415.044	
415.058	
415.072	
415.072	
415.086	
415.1	
415.1	
415.114	
415.128	
415.142	
415.142	
415.156	
415.17	
415.17	
415.184	
415.198	
415.212	
415.212	
415.226	
415.24	
415.24	
415.254	
415.268	
415.282	
415.282	
415.296	
415.31	
415.31	
415.324	
415.338	
415.352	
415.352	
415.366	
415.38	
415.38	
415.394	
415.408	
415.422	
415.422	
415.436	
415.45	
415.45	
415.464	
415.48	
415.492	
415.492	
415.506	
415.52	
415.52	
415.534	
415.548	
415.562	
415.562	
415.576	
415.59	
415.59	
415.604	
415.618	
415.632	
415.632	
415.646	
415.66	
415.66	
415.674	
415.688	
415.702	
415.702	
415.716	
415.73	
415.73	
415.744	
415.758	
415.772	
415.772	
415.786	
415.8	
415.8	
415.814	
415.828	
415.842	
415.842	
415.856	
415.87	
415.87	
415.884	
415.898	
415.912	
415.912	
415.926	
415.94	
415.94	
415.954	
415.968	
415.982	
415.982	
415.996	
416.01	
416.01	
416.024	
416.038	
416.052	
416.052	
416.066	
416.08	
416.08	
416.094	
416.108	
416.122	
416.122	
416.136	
416.15	
416.15	
416.164	
416.178	
416.192	
416.192	
416.206	
416.22	
416.22	
416.234	
416.248	
416.262	
416.262	
416.276	
416.29	
416.29	
416.304	
416.318	
416.332	
416.332	
416.346	
416.36	
416.36	
416.374	
416.388	
416.402	
416.402	
416.416	
416.43	
416.43	
416.444	
416.458	
416.472	
416.472	
416.486	
416.5	
416.5	
416.514	
416.528	
416.542	
416.542	
416.556	
416.57	
416.57	
416.584	
416.598	
416.612	
416.612	
416.626	
416.64	
416.64	
416.654	
416.668	
416.682	
416.682	
416.696	
416.71	
416.71	
416.724	
416.738	
416.752	
416.752	
416.766	
416.78	
416.78	
416.794	
416.808	
416.822	
416.822	
416.836	
416.85	
416.85	
416.864	
416.878	
416.892	
416.892	
416.906	
416.92	
416.92	
416.934	
416.948	
416.962	
416.962	
416.976	
416.99	
416.99	
417.004	
417.018	
417.032	
417.032	
417.046	
417.06	
417.06	
417.074	
417.088	
417.102	
417.102	
417.116	
417.13	
417.13	
417.144	
417.158	
417.172	
417.172	
417.186	
417.2	
417.2	
417.214	
417.228	
417.242	
417.242	
417.256	
417.27	
417.27	
417.284	
417.298	
417.312	
417.312	
417.326	
417.34	
417.34	
417.354	
417.368	
417.382	
417.382	
417.396	
417.41	
417.41	
417.424	
417.438	
417.452	
417.452	
417.466	
417.48	
417.48	
417.494	
417.508	
417.522	
417.522	
417.536	
417.55	
417.55	
417.564	
417.578	
417.592	
417.592	
417.606	
417.62	
417.62	
417.634	
417.648	
417.662	
417.662	
417.676	
417.69	
417.69	
417.704	
417.718	
417.732	
417.732	
417.746	
417.76	
417.76	
417.774	
417.788	
417.802	
417.802	
417.816	
417.83	
417.83	
417.844	
417.858	
417.872	
417.872	
417.886	
417.9	
417.9	
417.914	
417.928	
417.942	
417.942	
417.956	
417.97	
417.97	
417.984	
417.998	
418.012	
418.012	
418.026	
418.04	
418.04	
418.054	
418.068	
418.082	
418.082	
418.096	
418.11	
418.11	
418.124	
418.138	
418.152	
418.152	
418.166	
418.18	
418.18	
418.194	
418.208	
418.222	
418.222	
418.236	
418.25	
418.25	
418.264	
418.278	
418.292	
418.292	
418.306	
418.32	
418.32	
418.334	
418.348	
418.362	
418.362	
418.376	
418.39	
418.39	
418.404	
418.418	
418.432	
418.432	
418.446	
418.46	
418.46	
418.474	
418.488	
418.502	
418.502	
418.516	
418.53	
418.53	
418.544	
418.558	
418.572	
418.572	
418.586	
418.6	
418.6	
418.614	
418.628	
418.642	
418.642	
418.656	
418.67	
418.67	
418.684	
418.698	
418.712	
418.712	
418.726	
418.74	
418.74	
418.754	
418.768	
418.782	
418.782	
418.796	
418.81	
418.81	
418.824	
418.838	
418.852	
418.852	
418.866	
418.88	
418.88	
418.894	
418.908	
418.922	
418.922	
418.936	
418.95	
418.95	
418.964	
418.978	
418.992	
418.992	
419.006	
419.02	
419.02	
419.034	
419.048	
419.062	
419.062	
419.076	
419.076	
419.096	
419.104	
419.118	
419.132	
419.132	
419.146	
419.16	
419.16	
419.174	
419.188	
419.202	
419.202	
419.216	
419.23	
419.23	
419.244	
419.258	
419.272	
419.272	
419.286	
419.3	
419.3	
419.314	
419.328	
419.342	
419.342	
419.356	
419.37	
419.37	
419.384	
419.398	
419.412	
419.412	
419.426	
419.44	
419.44	
419.454	
419.468	
419.482	
419.482	
419.496	
419.51	
419.51	
419.524	
419.538	
419.552	
419.552	
419.566	
419.58	
419.58	
419.594	
419.608	
419.622	
419.622	
419.636	
419.65	
419.65	
419.664	
419.678	
419.692	
419.692	
419.706	
419.72	
419.72	
419.734	
419.748	
419.762	
419.762	
419.776	
419.79	
419.79	
419.804	
419.818	
419.832	
419.832	
419.846	
419.86	
419.86	
419.874	
419.888	
419.902	
419.902	
419.916	
419.93	
419.93	
419.944	
419.958	
419.972	
419.972	
419.986	
420	
420	
420.014	
420.028	
420.042	
420.042	
420.056	
420.07	
420.07	
420.084	
420.098	
420.112	
420.112	
420.126	
420.14	
420.14	
420.154	
420.168	
420.182	
420.182	
420.196	
420.21	
420.21	
420.224	
420.238	
420.252	
420.252	
420.266	
420.28	
420.28	
420.294	
420.311	
420.322	
420.322	
420.336	
420.35	
420.35	
420.364	
420.378	
420.392	
420.392	
420.406	
420.42	
420.42	
420.434	
420.448	
420.462	
420.462	
420.476	
420.49	
420.49	
420.504	
420.518	
420.518	
420.534	
420.546	
