time	
1409.14	
1409.15	
1409.15	
1409.16	
1409.17	
1409.19	
1409.19	
1409.2	
1409.22	
1409.22	
1409.23	
1409.24	
1409.26	
1409.26	
1409.27	
1409.29	
1409.29	
1409.3	
1409.31	
1409.33	
1409.33	
1409.34	
1409.36	
1409.36	
1409.37	
1409.38	
1409.4	
1409.4	
1409.41	
1409.43	
1409.43	
1409.44	
1409.45	
1409.47	
1409.47	
1409.48	
1409.5	
1409.5	
1409.51	
1409.52	
1409.54	
1409.54	
1409.55	
1409.57	
1409.57	
1409.58	
1409.59	
1409.61	
1409.61	
1409.62	
1409.64	
1409.64	
1409.65	
1409.66	
1409.68	
1409.68	
1409.69	
1409.71	
1409.71	
1409.72	
1409.73	
1409.73	
1409.75	
1409.75	
1409.78	
1409.78	
1409.79	
1409.8	
1409.82	
1409.82	
1409.83	
1409.85	
1409.85	
1409.86	
1409.87	
1409.89	
1409.89	
1409.9	
1409.92	
1409.92	
1409.93	
1409.94	
1409.96	
1409.96	
1409.97	
1409.99	
1409.99	
1410	
1410.01	
1410.03	
1410.03	
1410.04	
1410.06	
1410.06	
1410.07	
1410.08	
1410.1	
1410.1	
1410.11	
1410.13	
1410.13	
1410.14	
1410.15	
1410.17	
1410.17	
1410.18	
1410.2	
1410.2	
1410.21	
1410.22	
1410.24	
1410.24	
1410.25	
1410.27	
1410.27	
1410.28	
1410.29	
1410.31	
1410.31	
1410.32	
1410.34	
1410.34	
1410.35	
1410.36	
1410.38	
1410.38	
1410.39	
1410.41	
1410.41	
1410.42	
1410.43	
1410.45	
1410.45	
1410.46	
1410.48	
1410.48	
1410.49	
1410.5	
1410.52	
1410.52	
1410.53	
1410.55	
1410.55	
1410.56	
1410.57	
1410.59	
1410.59	
1410.6	
1410.62	
1410.62	
1410.63	
1410.64	
1410.66	
1410.66	
1410.67	
1410.69	
1410.69	
1410.7	
1410.71	
1410.73	
1410.73	
1410.74	
1410.76	
1410.76	
1410.77	
1410.78	
1410.8	
1410.8	
1410.81	
1410.83	
1410.83	
1410.84	
1410.85	
1410.87	
1410.87	
1410.88	
1410.9	
1410.9	
1410.91	
1410.92	
1410.94	
1410.94	
1410.95	
1410.97	
1410.97	
1410.98	
1410.99	
1411.01	
1411.01	
1411.02	
1411.04	
1411.04	
1411.05	
1411.06	
1411.08	
1411.08	
1411.09	
1411.11	
1411.11	
1411.12	
1411.13	
1411.15	
1411.15	
1411.16	
1411.18	
1411.18	
1411.19	
1411.2	
1411.22	
1411.22	
1411.23	
1411.25	
1411.25	
1411.26	
1411.27	
1411.29	
1411.29	
1411.3	
1411.32	
1411.32	
1411.33	
1411.34	
1411.36	
1411.36	
1411.37	
1411.39	
1411.39	
1411.4	
1411.41	
1411.43	
1411.43	
1411.44	
1411.46	
1411.46	
1411.47	
1411.48	
1411.5	
1411.5	
1411.51	
1411.53	
1411.53	
1411.54	
1411.55	
1411.57	
1411.57	
1411.58	
1411.6	
1411.6	
1411.61	
1411.62	
1411.64	
1411.64	
1411.65	
1411.67	
1411.67	
1411.68	
1411.69	
1411.71	
1411.71	
1411.72	
1411.74	
1411.74	
1411.75	
1411.76	
1411.78	
1411.78	
1411.79	
1411.81	
1411.81	
1411.82	
1411.83	
1411.85	
1411.85	
1411.86	
1411.88	
1411.88	
1411.89	
1411.9	
1411.92	
1411.92	
1411.93	
1411.95	
1411.95	
1411.96	
1411.97	
1411.99	
1411.99	
1412	
1412.02	
1412.02	
1412.03	
1412.04	
1412.06	
1412.06	
1412.07	
1412.09	
1412.09	
1412.1	
1412.11	
1412.13	
1412.13	
1412.14	
1412.16	
1412.16	
1412.17	
1412.18	
1412.2	
1412.2	
1412.21	
1412.23	
1412.23	
1412.24	
1412.25	
1412.27	
1412.27	
1412.28	
1412.3	
1412.3	
1412.31	
1412.32	
1412.34	
1412.34	
1412.35	
1412.37	
1412.37	
1412.38	
1412.39	
1412.41	
1412.41	
1412.42	
1412.44	
1412.44	
1412.45	
1412.46	
1412.48	
1412.48	
1412.49	
1412.51	
1412.51	
1412.52	
1412.53	
1412.55	
1412.55	
1412.56	
1412.58	
1412.58	
1412.59	
1412.6	
1412.62	
1412.62	
1412.63	
1412.65	
1412.65	
1412.66	
1412.67	
1412.69	
1412.69	
1412.7	
1412.72	
1412.72	
1412.73	
1412.74	
1412.76	
1412.76	
1412.77	
1412.79	
1412.79	
1412.8	
1412.81	
1412.83	
1412.83	
1412.84	
1412.86	
1412.86	
1412.87	
1412.88	
1412.9	
1412.9	
1412.91	
1412.93	
1412.93	
1412.94	
1412.95	
1412.97	
1412.97	
1412.98	
1413	
1413	
1413.01	
1413.02	
1413.04	
1413.04	
1413.05	
1413.07	
1413.07	
1413.08	
1413.09	
1413.11	
1413.11	
1413.12	
1413.14	
1413.14	
1413.15	
1413.16	
1413.18	
1413.18	
1413.19	
1413.21	
1413.21	
1413.22	
1413.23	
1413.25	
1413.25	
1413.26	
1413.28	
1413.28	
1413.29	
1413.3	
1413.32	
1413.32	
1413.33	
1413.35	
1413.35	
1413.36	
1413.37	
1413.39	
1413.39	
1413.4	
1413.42	
1413.42	
1413.43	
1413.44	
1413.46	
1413.46	
1413.47	
1413.49	
1413.49	
1413.5	
1413.51	
1413.53	
1413.53	
1413.54	
1413.56	
1413.56	
1413.57	
1413.58	
1413.6	
1413.6	
1413.61	
1413.63	
1413.63	
1413.64	
1413.65	
1413.67	
1413.67	
1413.68	
1413.7	
1413.7	
1413.71	
1413.72	
1413.74	
1413.74	
1413.75	
1413.77	
1413.77	
1413.78	
1413.79	
1413.81	
1413.81	
1413.82	
1413.84	
1413.84	
1413.85	
1413.86	
1413.88	
1413.88	
1413.89	
1413.91	
1413.91	
1413.92	
1413.93	
1413.95	
1413.95	
1413.96	
1413.98	
1413.98	
1413.99	
1414	
1414.02	
1414.02	
1414.03	
1414.05	
1414.05	
1414.06	
1414.07	
1414.09	
1414.09	
1414.1	
1414.12	
1414.12	
1414.13	
1414.14	
1414.16	
1414.16	
1414.17	
1414.19	
1414.19	
1414.2	
1414.21	
1414.23	
1414.23	
1414.24	
1414.26	
1414.26	
1414.27	
1414.28	
1414.3	
1414.3	
1414.31	
1414.33	
1414.33	
1414.34	
1414.35	
1414.37	
1414.37	
1414.38	
1414.4	
1414.4	
1414.41	
1414.42	
1414.44	
1414.44	
1414.45	
1414.47	
1414.47	
1414.48	
1414.49	
1414.51	
1414.51	
1414.52	
1414.54	
1414.54	
1414.55	
1414.56	
1414.58	
1414.58	
1414.59	
1414.61	
1414.61	
1414.62	
1414.63	
1414.65	
1414.65	
1414.66	
1414.68	
1414.68	
1414.69	
1414.7	
1414.72	
1414.72	
1414.73	
1414.75	
1414.75	
1414.76	
1414.77	
1414.79	
1414.79	
1414.8	
1414.82	
1414.82	
1414.83	
1414.84	
1414.86	
1414.86	
1414.87	
1414.89	
1414.89	
1414.9	
1414.91	
1414.93	
1414.93	
1414.94	
1414.96	
1414.96	
1414.97	
1414.98	
1415	
1415	
1415.01	
1415.03	
1415.03	
1415.04	
1415.05	
1415.07	
1415.07	
1415.08	
1415.1	
1415.1	
1415.11	
1415.12	
1415.14	
1415.14	
1415.15	
1415.17	
1415.17	
1415.18	
1415.19	
1415.21	
1415.21	
1415.22	
1415.24	
1415.24	
1415.25	
1415.26	
1415.28	
1415.28	
1415.29	
1415.31	
1415.31	
1415.32	
1415.33	
1415.35	
1415.35	
1415.36	
1415.38	
1415.38	
1415.39	
1415.4	
1415.42	
1415.42	
1415.43	
1415.45	
1415.45	
1415.46	
1415.47	
1415.49	
1415.49	
1415.5	
1415.52	
1415.52	
1415.53	
1415.54	
1415.56	
1415.56	
1415.57	
1415.59	
1415.59	
1415.6	
1415.61	
1415.63	
1415.63	
1415.64	
1415.66	
1415.66	
1415.67	
1415.68	
1415.7	
1415.7	
1415.71	
1415.73	
1415.73	
1415.74	
1415.75	
1415.77	
1415.77	
1415.78	
1415.8	
1415.8	
1415.81	
1415.82	
1415.84	
1415.84	
1415.85	
1415.87	
1415.87	
1415.88	
1415.89	
1415.91	
1415.91	
1415.92	
1415.94	
1415.94	
1415.95	
1415.96	
1415.98	
1415.98	
1415.99	
1416.01	
1416.01	
1416.02	
1416.03	
1416.05	
1416.05	
1416.06	
1416.08	
1416.08	
1416.09	
1416.1	
1416.12	
1416.12	
1416.13	
1416.15	
1416.15	
1416.16	
1416.17	
1416.19	
1416.19	
1416.2	
1416.22	
1416.22	
1416.23	
1416.24	
1416.26	
1416.26	
1416.27	
1416.29	
1416.29	
1416.3	
1416.31	
1416.33	
1416.33	
1416.34	
1416.36	
1416.36	
1416.37	
1416.38	
1416.4	
1416.4	
1416.41	
1416.43	
1416.43	
1416.44	
1416.45	
1416.47	
1416.47	
1416.48	
1416.5	
1416.5	
1416.51	
1416.52	
1416.54	
1416.54	
1416.55	
1416.57	
1416.57	
1416.58	
1416.59	
1416.61	
1416.61	
1416.62	
1416.64	
1416.64	
1416.65	
1416.66	
1416.68	
1416.68	
1416.69	
1416.71	
1416.71	
1416.72	
1416.73	
1416.75	
1416.75	
1416.76	
1416.78	
1416.78	
1416.79	
1416.8	
1416.82	
1416.82	
1416.83	
1416.85	
1416.85	
1416.86	
1416.87	
1416.89	
1416.89	
1416.9	
1416.92	
1416.92	
1416.93	
1416.94	
1416.96	
1416.96	
1416.97	
1416.99	
1416.99	
1417	
1417.01	
1417.03	
1417.03	
1417.04	
1417.06	
1417.06	
1417.07	
1417.08	
1417.1	
1417.1	
1417.11	
1417.13	
1417.13	
1417.14	
1417.15	
1417.17	
1417.17	
1417.18	
1417.2	
1417.2	
1417.21	
1417.22	
1417.24	
1417.24	
1417.25	
1417.27	
1417.27	
1417.28	
1417.29	
1417.31	
1417.31	
1417.32	
1417.34	
1417.34	
1417.35	
1417.36	
1417.38	
1417.38	
1417.39	
1417.41	
1417.41	
1417.42	
1417.43	
1417.45	
1417.45	
1417.46	
1417.48	
1417.48	
1417.49	
1417.5	
1417.52	
1417.52	
1417.53	
1417.55	
1417.55	
1417.56	
1417.57	
1417.59	
1417.59	
1417.6	
1417.62	
1417.62	
1417.63	
1417.64	
1417.66	
1417.66	
1417.67	
1417.69	
1417.69	
1417.7	
1417.71	
1417.73	
1417.73	
1417.74	
1417.76	
1417.76	
1417.77	
1417.78	
1417.8	
1417.8	
1417.81	
1417.83	
1417.83	
1417.84	
1417.85	
1417.87	
1417.87	
1417.88	
1417.9	
1417.9	
1417.91	
1417.92	
1417.94	
1417.94	
1417.95	
1417.97	
1417.97	
1417.98	
1417.99	
1418.01	
1418.01	
1418.02	
1418.04	
1418.04	
1418.05	
1418.06	
1418.08	
1418.08	
1418.09	
1418.11	
1418.11	
1418.12	
1418.13	
1418.15	
1418.15	
1418.16	
1418.18	
1418.18	
1418.19	
1418.2	
1418.22	
1418.22	
1418.23	
1418.25	
1418.25	
1418.26	
1418.27	
1418.29	
1418.29	
1418.3	
1418.32	
1418.32	
1418.33	
1418.34	
1418.36	
1418.36	
1418.37	
1418.39	
1418.39	
1418.4	
1418.41	
1418.43	
1418.43	
1418.44	
1418.46	
1418.46	
1418.47	
1418.48	
1418.5	
1418.5	
1418.51	
1418.53	
1418.53	
1418.54	
1418.55	
1418.57	
1418.57	
1418.58	
1418.6	
1418.6	
1418.61	
1418.62	
1418.64	
1418.64	
1418.65	
1418.67	
1418.67	
1418.68	
1418.69	
1418.71	
1418.71	
1418.72	
1418.74	
1418.74	
1418.75	
1418.76	
1418.78	
1418.78	
1418.79	
1418.81	
1418.81	
1418.82	
1418.83	
1418.85	
1418.85	
1418.86	
1418.88	
1418.88	
1418.89	
1418.9	
1418.92	
1418.92	
1418.93	
1418.95	
1418.95	
1418.96	
1418.97	
1418.99	
1418.99	
1419	
1419.02	
1419.02	
1419.03	
1419.04	
1419.06	
1419.06	
1419.07	
1419.09	
1419.09	
1419.1	
1419.11	
1419.13	
1419.13	
1419.14	
1419.16	
1419.16	
1419.17	
1419.18	
1419.2	
1419.2	
1419.21	
1419.23	
1419.23	
1419.24	
1419.25	
1419.27	
1419.27	
1419.28	
1419.3	
1419.3	
1419.31	
1419.32	
1419.34	
1419.34	
1419.35	
1419.37	
1419.37	
1419.38	
1419.39	
1419.41	
1419.41	
1419.42	
1419.44	
1419.44	
1419.45	
1419.46	
1419.48	
1419.48	
1419.49	
1419.51	
1419.51	
1419.52	
1419.53	
1419.55	
1419.55	
1419.56	
1419.58	
1419.58	
1419.59	
1419.6	
1419.62	
1419.62	
1419.63	
1419.65	
1419.65	
1419.66	
1419.67	
1419.69	
1419.69	
1419.7	
1419.72	
1419.72	
1419.73	
1419.74	
1419.76	
1419.76	
1419.77	
1419.79	
1419.79	
1419.8	
1419.81	
1419.83	
1419.83	
1419.84	
1419.86	
1419.86	
1419.87	
1419.88	
1419.9	
1419.9	
1419.91	
1419.93	
1419.93	
1419.94	
1419.95	
1419.97	
1419.97	
1419.98	
1420	
1420	
1420.01	
1420.02	
1420.04	
1420.04	
1420.05	
1420.07	
1420.07	
1420.08	
1420.09	
1420.11	
1420.11	
1420.12	
1420.14	
1420.14	
1420.15	
1420.16	
1420.18	
1420.18	
1420.19	
1420.21	
1420.21	
1420.22	
1420.23	
1420.25	
1420.25	
1420.26	
1420.28	
1420.28	
1420.29	
1420.3	
1420.32	
1420.32	
1420.33	
1420.35	
1420.35	
1420.36	
1420.37	
1420.39	
1420.39	
1420.4	
1420.42	
1420.42	
1420.43	
1420.44	
1420.46	
1420.46	
1420.47	
1420.49	
1420.49	
1420.5	
1420.51	
1420.53	
1420.53	
1420.54	
1420.56	
1420.56	
1420.57	
1420.58	
1420.6	
1420.6	
1420.61	
1420.63	
1420.63	
1420.64	
1420.65	
1420.67	
1420.67	
1420.68	
1420.7	
1420.7	
1420.71	
1420.72	
1420.74	
1420.74	
1420.75	
1420.77	
1420.77	
1420.78	
1420.79	
1420.81	
1420.81	
1420.82	
1420.84	
1420.84	
1420.85	
1420.86	
1420.88	
1420.88	
1420.89	
1420.91	
1420.91	
1420.92	
1420.93	
1420.95	
1420.95	
1420.96	
1420.98	
1420.98	
1420.99	
1421	
1421.02	
1421.02	
1421.03	
1421.05	
1421.05	
1421.06	
1421.07	
1421.09	
1421.09	
1421.1	
1421.12	
1421.12	
1421.13	
1421.14	
1421.16	
1421.16	
1421.17	
1421.19	
1421.19	
1421.2	
1421.21	
1421.23	
1421.23	
1421.24	
1421.26	
1421.26	
1421.27	
1421.28	
1421.3	
1421.3	
1421.31	
1421.33	
1421.33	
1421.34	
1421.35	
1421.37	
1421.37	
1421.38	
1421.4	
1421.4	
1421.41	
1421.42	
1421.44	
1421.44	
1421.45	
1421.47	
1421.47	
1421.48	
1421.49	
1421.51	
1421.51	
1421.52	
1421.54	
1421.54	
1421.55	
1421.56	
1421.58	
1421.58	
1421.59	
1421.61	
1421.61	
1421.62	
1421.63	
1421.65	
1421.65	
1421.66	
1421.68	
1421.68	
1421.69	
1421.7	
1421.72	
1421.72	
1421.73	
1421.75	
1421.75	
1421.76	
1421.77	
1421.79	
1421.79	
1421.8	
1421.82	
1421.82	
1421.83	
1421.84	
1421.86	
1421.86	
1421.87	
1421.89	
1421.89	
1421.9	
1421.91	
1421.93	
1421.93	
1421.94	
1421.96	
1421.96	
1421.97	
1421.98	
1422	
1422	
1422.01	
1422.03	
1422.03	
1422.04	
1422.05	
1422.07	
1422.07	
1422.08	
1422.1	
