time	joint_joint0	joint_joint1	joint_joint2	joint_joint3	joint_joint4	joint_joint5	joint_joint6	cart_pos_x	cart_pos_y	cart_pos_z	cart_quat_x	cart_quat_y	cart_quat_z	cart_quat_w	force_joint_joint0	force_joint_joint1	force_joint_joint2	force_joint_joint3	force_joint_joint4	force_joint_joint5	force_joint_joint6	cart_force_x	cart_force_y	cart_force_z	cart_trq_x	cart_trq_y	cart_trq_z	
1486250396516	-2.24477	1.63766	-2.1729	1.87965	2.30345	-1.66007	-0.957908	-0.112115	0.718522	0.33088	-0.00635988	-0.933804	0.00886003	-0.357619	1.84017	-2.53626	1.90158	-0.83775	0.44115	1.3139	-0.396221	1.66902	-4.10543	9.46905	0.812148	-1.15216	-0.577097	
1486250397136	-2.24391	1.63754	-2.17184	1.87914	2.30362	-1.65985	-0.957908	-0.111398	0.718293	0.330947	-0.00687121	-0.933731	0.00907542	-0.357794	1.95736	-2.88203	2.10907	-0.690292	0.22539	1.20114	-0.435381	2.52734	-4.2196	9.32825	0.869202	-0.966935	-0.635892	
1486250397455	-2.24391	1.63754	-2.1718	1.87913	2.30363	-1.65984	-0.957908	-0.111384	0.718285	0.330943	-0.00688666	-0.933733	0.00908042	-0.357789	1.96597	-2.88956	2.10766	-0.670444	0.214496	1.19968	-0.435661	2.57461	-4.21586	9.28765	0.876161	-0.96046	-0.637136	
1486250397705	-2.2439	1.63754	-2.17177	1.87912	2.30363	-1.65983	-0.957908	-0.111375	0.718279	0.330939	-0.00689695	-0.933734	0.00908568	-0.357786	1.94175	-2.87956	2.0967	-0.667361	0.216831	1.18798	-0.434957	2.58561	-4.16986	9.23293	0.867795	-0.956788	-0.635816	
1486250397776	-2.24389	1.63754	-2.17176	1.87912	2.30362	-1.65983	-0.957908	-0.111366	0.718273	0.33094	-0.00690869	-0.933734	0.00908905	-0.357786	1.93866	-2.85885	2.07213	-0.665901	0.219921	1.18207	-0.434991	2.54754	-4.16262	9.17162	0.86375	-0.952493	-0.637092	
1486250398045	-2.24388	1.63754	-2.17171	1.87912	2.30363	-1.65983	-0.957908	-0.11135	0.718262	0.330937	-0.00692799	-0.933736	0.00909652	-0.357781	1.95354	-2.84411	2.06142	-0.656699	0.219132	1.26058	-0.439733	2.51071	-4.14091	9.28067	0.909535	-0.998578	-0.62893	
1486250398665	-2.24536	1.63768	-2.17201	1.87909	2.30445	-1.66043	-0.957908	-0.111966	0.718452	0.330385	-0.00639017	-0.934129	0.00899624	-0.356764	3.44736	-3.53379	2.79216	-0.842953	-0.139859	2.391	-0.419728	1.60664	-6.45279	13.3201	1.77705	-1.30367	-0.557445	
1486250398795	-2.24562	1.63778	-2.17233	1.87909	2.30455	-1.66053	-0.957908	-0.112136	0.718553	0.330349	-0.00621801	-0.934171	0.00892562	-0.356659	3.57957	-3.75068	2.95914	-0.999151	-0.200106	2.48557	-0.378143	1.38217	-6.62732	14.146	1.88866	-1.29057	-0.525294	
1486250398876	-2.24568	1.63779	-2.17241	1.87909	2.30463	-1.66058	-0.957908	-0.112185	0.718585	0.330337	-0.00616004	-0.934191	0.00888602	-0.35661	3.68841	-3.84127	3.03862	-1.02218	-0.240674	2.51636	-0.354098	1.34484	-6.78721	14.4229	1.93775	-1.2705	-0.510062	
1486250398885	-2.24568	1.63779	-2.17241	1.87909	2.30463	-1.66058	-0.957908	-0.1122	0.718593	0.330331	-0.00614511	-0.934197	0.00888219	-0.356594	3.68841	-3.84127	3.03862	-1.02218	-0.240674	2.51636	-0.354098	1.34484	-6.78721	14.4229	1.93775	-1.2705	-0.510062	
1486250398895	-2.24569	1.63779	-2.17243	1.87909	2.30464	-1.66058	-0.957908	-0.1122	0.718593	0.330331	-0.00614511	-0.934197	0.00888219	-0.356594	3.67579	-3.848	3.04621	-1.03486	-0.246104	2.51276	-0.35058	1.3299	-6.76214	14.4428	1.93757	-1.26356	-0.505215	
1486250398915	-2.2457	1.6378	-2.17243	1.87909	2.30464	-1.66058	-0.957908	-0.11221	0.718598	0.330327	-0.00613371	-0.934199	0.0088782	-0.356589	3.68067	-3.85595	3.05073	-1.04071	-0.25274	2.51652	-0.348239	1.31544	-6.76286	14.4665	1.94418	-1.25934	-0.502799	
1486250399065	-2.24577	1.63788	-2.17243	1.87909	2.30467	-1.66064	-0.957908	-0.112244	0.718616	0.330316	-0.00612015	-0.934222	0.00885566	-0.356529	3.74188	-3.953	3.10444	-1.08728	-0.290553	2.56125	-0.381774	1.31613	-6.88954	14.7272	1.99079	-1.25242	-0.534041	
1486250399756	-2.24654	1.63853	-2.17306	1.87913	2.30496	-1.66123	-0.957908	-0.112751	0.718919	0.330268	-0.00578793	-0.934438	0.00856827	-0.355975	4.14136	-4.22875	3.38548	-1.28529	-0.429661	2.82053	-0.446371	0.947176	-7.7086	16.043	2.18907	-1.26122	-0.577703	
1486250400755	-2.24721	1.63891	-2.17375	1.87924	2.30536	-1.66182	-0.957908	-0.113267	0.719187	0.330191	-0.00538765	-0.934644	0.00830832	-0.355447	4.27992	-4.44809	3.69947	-1.26851	-0.656191	2.59166	-0.390851	1.26388	-8.04329	15.9686	2.12851	-0.966214	-0.537515	
1486250400769	-2.24721	1.63891	-2.17375	1.87924	2.30536	-1.66182	-0.957908	-0.113267	0.719187	0.330191	-0.00538765	-0.934644	0.00830832	-0.355447	4.27992	-4.44809	3.69947	-1.26851	-0.656191	2.59166	-0.390851	1.26388	-8.04329	15.9686	2.12851	-0.966214	-0.537515	
1486250403035	-2.2472	1.63891	-2.17375	1.87924	2.30536	-1.66182	-0.957909	-0.113266	0.719187	0.33019	-0.00538572	-0.934644	0.00830943	-0.355447	4.25026	-4.44697	3.67553	-1.25696	-0.654038	2.5052	-0.382117	1.3171	-8.00527	15.7518	2.08448	-0.917123	-0.54456	
1486250403050	-2.2472	1.63891	-2.17375	1.87923	2.30536	-1.66182	-0.957909	-0.113266	0.719187	0.330191	-0.00538603	-0.934644	0.00830903	-0.355448	4.26047	-4.4503	3.67935	-1.24725	-0.658241	2.50515	-0.382056	1.33874	-8.02006	15.7424	2.08661	-0.915126	-0.545059	
1486250404241	-2.2472	1.63891	-2.17375	1.87923	2.30536	-1.66182	-0.957909	-0.113266	0.719187	0.330191	-0.00538599	-0.934644	0.00830932	-0.355448	4.17857	-4.42716	3.66453	-1.24976	-0.654881	2.48609	-0.3827	1.36847	-7.86871	15.6478	2.06758	-0.912302	-0.537425	
1486250404627	-2.2472	1.63891	-2.17375	1.87923	2.30537	-1.66182	-0.957909	-0.113266	0.719187	0.33019	-0.00538547	-0.934644	0.00830908	-0.355448	4.18581	-4.44182	3.66298	-1.25215	-0.660507	2.4846	-0.379771	1.3672	-7.86635	15.6564	2.07524	-0.905641	-0.537967	
