time	joint_joint0	joint_joint1	joint_joint2	joint_joint3	joint_joint4	joint_joint5	joint_joint6	cart_pos_x	cart_pos_y	cart_pos_z	cart_quat_x	cart_quat_y	cart_quat_z	cart_quat_w	force_joint_joint0	force_joint_joint1	force_joint_joint2	force_joint_joint3	force_joint_joint4	force_joint_joint5	force_joint_joint6	cart_force_x	cart_force_y	cart_force_z	cart_trq_x	cart_trq_y	cart_trq_z	
1486250913094	-2.24694	1.63746	-2.17313	1.88203	2.30177	-1.65978	-0.957742	-0.112718	0.717972	0.330982	-0.0068165	-0.933641	0.00882354	-0.358037	1.89534	-2.54701	1.85266	-0.693359	0.326	1.20978	-0.403837	1.93791	-4.1019	8.86383	0.81562	-1.01413	-0.597861	
1486250913615	-2.24678	1.63732	-2.17302	1.8819	2.30182	-1.65971	-0.957742	-0.112578	0.717928	0.330922	-0.00683989	-0.933615	0.00893425	-0.3581	1.73379	-2.62171	1.80215	-0.619931	0.30991	1.11648	-0.411854	2.36531	-3.69741	8.4912	0.80104	-0.975357	-0.618574	
1486250913764	-2.24678	1.63732	-2.17302	1.8819	2.30183	-1.65971	-0.957742	-0.112574	0.717927	0.330922	-0.00684216	-0.933616	0.00893453	-0.3581	1.78717	-2.61025	1.80053	-0.601043	0.313811	1.11834	-0.411588	2.35411	-3.80851	8.47592	0.799948	-0.976885	-0.623454	
1486250913924	-2.24678	1.63732	-2.17301	1.88189	2.30183	-1.65971	-0.957744	-0.112572	0.717926	0.33092	-0.00684204	-0.933616	0.00893605	-0.358097	1.78329	-2.60478	1.79905	-0.591977	0.315743	1.11625	-0.410816	2.37415	-3.80006	8.45293	0.797035	-0.979043	-0.622246	
1486250913938	-2.24678	1.63732	-2.17301	1.88189	2.30183	-1.65971	-0.957744	-0.112572	0.717927	0.33092	-0.00684201	-0.933616	0.00893635	-0.358097	1.78535	-2.60244	1.79581	-0.59691	0.318713	1.11673	-0.410732	2.35524	-3.80721	8.45977	0.796408	-0.98001	-0.622937	
1486250913944	-2.24678	1.63732	-2.17301	1.88189	2.30183	-1.65971	-0.957744	-0.112572	0.717927	0.33092	-0.00684167	-0.933616	0.00893679	-0.358097	1.78535	-2.60244	1.79581	-0.59691	0.318713	1.11673	-0.410732	2.35524	-3.80721	8.45977	0.796408	-0.98001	-0.622937	
1486250913974	-2.24678	1.63732	-2.17301	1.88189	2.30183	-1.65971	-0.957744	-0.112572	0.717927	0.33092	-0.00684116	-0.933617	0.0089365	-0.358097	1.80218	-2.61463	1.79806	-0.595973	0.317759	1.13249	-0.412989	2.3591	-3.82705	8.50477	0.809689	-0.988139	-0.625982	
1486250914164	-2.24678	1.6373	-2.17298	1.88183	2.30184	-1.65972	-0.957744	-0.11256	0.717926	0.330889	-0.00683798	-0.933627	0.00897058	-0.35807	2.00769	-2.61721	1.78537	-0.565781	0.296187	1.43052	-0.438621	2.17731	-4.04265	9.03256	1.00355	-1.13649	-0.622624	
1486250914344	-2.24709	1.63731	-2.17299	1.88178	2.30222	-1.65982	-0.957744	-0.112635	0.717967	0.330789	-0.00672766	-0.933709	0.00890475	-0.35786	2.78041	-2.80971	1.99567	-0.540371	0.139483	1.96366	-0.449832	1.73876	-5.23472	10.4937	1.40605	-1.28663	-0.614309	
1486250914925	-2.24867	1.63773	-2.17335	1.88178	2.30291	-1.66042	-0.957748	-0.113371	0.718225	0.330249	-0.00616477	-0.93414	0.00871093	-0.356746	3.58398	-3.80359	3.19072	-0.980327	-0.288782	2.43041	-0.344354	1.60566	-6.69467	14.2908	1.84637	-1.21632	-0.465803	
1486250915337	-2.24907	1.63804	-2.17361	1.88179	2.30306	-1.66071	-0.957748	-0.113608	0.718358	0.330202	-0.00601629	-0.934256	0.00859225	-0.356449	3.73498	-4.0382	3.34143	-1.1587	-0.374536	2.5659	-0.401323	1.4113	-7.00339	15.1278	1.97251	-1.20735	-0.514631	
1486250915534	-2.24934	1.63829	-2.17383	1.88179	2.30315	-1.66092	-0.957749	-0.113782	0.718469	0.330191	-0.00589737	-0.934324	0.00848614	-0.356276	3.95625	-4.1296	3.44681	-1.2105	-0.424179	2.67656	-0.415562	1.23884	-7.43429	15.635	2.05653	-1.21617	-0.527411	
1486250915934	-2.25024	1.63866	-2.17506	1.88187	2.30335	-1.66162	-0.957749	-0.1145	0.718861	0.330099	-0.00526964	-0.934517	0.008277	-0.355784	4.29571	-4.28821	3.59286	-1.26314	-0.524293	2.89101	-0.41008	0.997551	-7.95969	16.4391	2.24295	-1.23984	-0.518363	
1486250916534	-2.25025	1.63878	-2.17509	1.88187	2.30351	-1.66167	-0.957751	-0.114544	0.718907	0.330112	-0.00523241	-0.934554	0.00817219	-0.355689	4.39843	-4.31763	3.59696	-1.1837	-0.616129	2.77321	-0.434118	1.16412	-8.18418	16.0167	2.21193	-1.10123	-0.560084	
1486250916549	-2.25025	1.63878	-2.17509	1.88187	2.30351	-1.66167	-0.957751	-0.114544	0.718906	0.330111	-0.00523225	-0.934554	0.00817291	-0.355689	4.39843	-4.31763	3.59696	-1.1837	-0.616129	2.77321	-0.434118	1.16412	-8.18418	16.0167	2.21193	-1.10123	-0.560084	
1486250916724	-2.25025	1.63878	-2.17509	1.88187	2.30351	-1.66167	-0.957751	-0.114544	0.718907	0.330111	-0.00523118	-0.934554	0.00817281	-0.355688	4.39735	-4.3053	3.58148	-1.17458	-0.620045	2.75841	-0.430163	1.15616	-8.17475	15.94	2.20655	-1.08827	-0.558569	
1486250916734	-2.25025	1.63878	-2.17509	1.88187	2.30351	-1.66167	-0.957751	-0.114544	0.718907	0.330111	-0.00523118	-0.934554	0.00817281	-0.355688	4.39319	-4.3073	3.58287	-1.17876	-0.619986	2.75651	-0.429004	1.15165	-8.16744	15.946	2.20568	-1.08691	-0.557534	
1486250916834	-2.25024	1.63878	-2.17509	1.88187	2.30351	-1.66167	-0.957751	-0.114544	0.718907	0.330111	-0.00523145	-0.934554	0.00817269	-0.355688	4.39161	-4.3064	3.57872	-1.17616	-0.62494	2.747	-0.428485	1.15382	-8.16265	15.9107	2.20288	-1.07718	-0.558108	
1486250916944	-2.25024	1.63878	-2.17509	1.88187	2.30351	-1.66167	-0.957751	-0.114544	0.718907	0.330111	-0.00523145	-0.934554	0.00817269	-0.355688	4.39778	-4.30541	3.57528	-1.17252	-0.623117	2.73956	-0.426568	1.15523	-8.17525	15.8911	2.1994	-1.07355	-0.559133	
1486250917244	-2.25024	1.63878	-2.17509	1.88187	2.30352	-1.66167	-0.957753	-0.114544	0.718907	0.330111	-0.00523105	-0.934554	0.0081719	-0.355688	4.39331	-4.2954	3.5686	-1.15855	-0.623291	2.7238	-0.42127	1.17511	-8.16326	15.8236	2.1906	-1.06552	-0.555896	
1486250917334	-2.25024	1.63878	-2.17509	1.88187	2.30352	-1.66167	-0.957753	-0.114544	0.718907	0.330111	-0.00523022	-0.934554	0.00817222	-0.355688	4.37969	-4.30545	3.57489	-1.15893	-0.624266	2.71855	-0.421125	1.2058	-8.1359	15.8258	2.18877	-1.06415	-0.555611	
1486250917986	-2.25024	1.63878	-2.17509	1.88187	2.30353	-1.66167	-0.957754	-0.114544	0.718908	0.330112	-0.00522809	-0.934555	0.00816984	-0.355687	4.39392	-4.29744	3.56867	-1.13333	-0.624811	2.70095	-0.414655	1.24256	-8.15591	15.7455	2.18097	-1.05504	-0.55421	
1486250918284	-2.25024	1.63878	-2.17509	1.88187	2.30353	-1.66167	-0.957754	-0.114544	0.718908	0.330112	-0.00522704	-0.934555	0.00816926	-0.355687	4.38823	-4.2751	3.55371	-1.13457	-0.620582	2.69423	-0.412823	1.20388	-8.15224	15.7	2.1728	-1.05186	-0.552119	
1486250918554	-2.25024	1.63878	-2.17509	1.88187	2.30353	-1.66167	-0.957754	-0.114545	0.718908	0.330111	-0.00522638	-0.934555	0.00816795	-0.355686	4.3826	-4.28732	3.55992	-1.14058	-0.626251	2.6843	-0.411983	1.21239	-8.1422	15.7006	2.17083	-1.04173	-0.552601	
1486250918604	-2.25024	1.63878	-2.17509	1.88187	2.30353	-1.66167	-0.957754	-0.114544	0.718908	0.330112	-0.0052262	-0.934555	0.00816707	-0.355686	4.39545	-4.27517	3.55242	-1.13126	-0.621931	2.68599	-0.410709	1.20432	-8.16652	15.6794	2.16973	-1.04525	-0.552556	
1486250918741	-2.25024	1.63878	-2.17509	1.88187	2.30353	-1.66167	-0.957754	-0.114544	0.718908	0.330112	-0.0052262	-0.934555	0.00816707	-0.355686	4.39412	-4.25643	3.54886	-1.1275	-0.619718	2.68393	-0.410755	1.18902	-8.17509	15.6509	2.16248	-1.04552	-0.550362	
1486250918754	-2.25024	1.63878	-2.17509	1.88187	2.30353	-1.66167	-0.957754	-0.114544	0.718908	0.330112	-0.0052262	-0.934555	0.00816707	-0.355686	4.40455	-4.2711	3.55992	-1.11932	-0.623075	2.68303	-0.410962	1.22925	-8.19098	15.6629	2.16526	-1.04473	-0.552299	
1486250918784	-2.25024	1.63878	-2.17509	1.88187	2.30353	-1.66167	-0.957754	-0.114544	0.718908	0.330112	-0.0052262	-0.934555	0.00816707	-0.355686	4.39123	-4.26818	3.55402	-1.12697	-0.620725	2.68289	-0.411389	1.2139	-8.16591	15.6626	2.16432	-1.04568	-0.551837	
1486250918964	-2.25024	1.63878	-2.17509	1.88187	2.30353	-1.66167	-0.957756	-0.114544	0.718908	0.330112	-0.00522539	-0.934555	0.00816738	-0.355686	4.39084	-4.24955	3.5545	-1.12639	-0.622941	2.6783	-0.410104	1.18835	-8.17831	15.635	2.1562	-1.04038	-0.547686	
1486250919204	-2.25024	1.63878	-2.17509	1.88187	2.30353	-1.66167	-0.957756	-0.114544	0.718908	0.330112	-0.00522536	-0.934555	0.00816654	-0.355686	4.41335	-4.25504	3.55288	-1.12067	-0.625925	2.67791	-0.409126	1.18694	-8.21453	15.632	2.16071	-1.03629	-0.550415	
1486250919234	-2.25024	1.63878	-2.17509	1.88187	2.30353	-1.66167	-0.957756	-0.114544	0.718908	0.330112	-0.00522536	-0.934555	0.00816654	-0.355686	4.40571	-4.26787	3.5532	-1.11792	-0.625438	2.6759	-0.408984	1.21989	-8.18974	15.6339	2.1635	-1.03748	-0.552001	
1486250919494	-2.25024	1.63878	-2.17509	1.88187	2.30353	-1.66167	-0.957756	-0.114544	0.718909	0.330112	-0.00522496	-0.934556	0.00816576	-0.355685	4.38695	-4.26667	3.54732	-1.12012	-0.626333	2.66772	-0.407937	1.22433	-8.15066	15.6063	2.1599	-1.03256	-0.550694	
1486250919506	-2.25024	1.63878	-2.17509	1.88187	2.30353	-1.66167	-0.957756	-0.114544	0.718908	0.330112	-0.00522536	-0.934555	0.00816654	-0.355686	4.38695	-4.26667	3.54732	-1.12012	-0.626333	2.66772	-0.407937	1.22433	-8.15066	15.6063	2.1599	-1.03256	-0.550694	
1486250919774	-2.25024	1.63878	-2.17509	1.88187	2.30353	-1.66167	-0.957756	-0.114544	0.718908	0.330113	-0.00522562	-0.934555	0.00816642	-0.355686	4.38367	-4.27834	3.54664	-1.11448	-0.629999	2.66569	-0.406855	1.25441	-8.12941	15.5979	2.16463	-1.03019	-0.551268	
1486250919874	-2.25024	1.63878	-2.17509	1.88187	2.30353	-1.66167	-0.957758	-0.114544	0.718909	0.330112	-0.00522521	-0.934555	0.00816694	-0.355686	4.39168	-4.26405	3.55293	-1.10706	-0.632871	2.66633	-0.4049	1.24766	-8.15282	15.5835	2.1603	-1.02887	-0.546479	
1486250919944	-2.25024	1.63878	-2.1751	1.88187	2.30353	-1.66167	-0.957758	-0.114544	0.718908	0.330112	-0.00522428	-0.934555	0.00816655	-0.355686	4.39355	-4.27687	3.55613	-1.11341	-0.634268	2.66379	-0.403525	1.24738	-8.15235	15.6037	2.16288	-1.02545	-0.547504	
1486250919984	-2.25024	1.63878	-2.17509	1.88187	2.30353	-1.66167	-0.957758	-0.114544	0.718909	0.330112	-0.00522337	-0.934555	0.00816688	-0.355686	4.37653	-4.27951	3.55032	-1.12436	-0.6315	2.66163	-0.405576	1.23724	-8.12154	15.6079	2.16169	-1.02561	-0.54935	
1486250919994	-2.25024	1.63878	-2.17509	1.88187	2.30353	-1.66167	-0.957758	-0.114544	0.718909	0.330113	-0.00522442	-0.934555	0.00816595	-0.355686	4.38966	-4.26284	3.54801	-1.11039	-0.633467	2.66183	-0.404794	1.23562	-8.1495	15.5711	2.15877	-1.0245	-0.54733	
1486250920044	-2.25024	1.63878	-2.17509	1.88187	2.30353	-1.66167	-0.957758	-0.114544	0.718909	0.330112	-0.00522337	-0.934555	0.00816688	-0.355686	4.3867	-4.25254	3.54302	-1.11021	-0.632235	2.6616	-0.404582	1.22103	-8.14679	15.5555	2.15622	-1.02468	-0.545969	
1486250920124	-2.25024	1.63878	-2.1751	1.88187	2.30353	-1.66167	-0.957758	-0.114543	0.718909	0.330112	-0.00522369	-0.934555	0.00816673	-0.355686	4.41689	-4.25471	3.5496	-1.09936	-0.636625	2.66538	-0.404447	1.22749	-8.2035	15.5606	2.16022	-1.02312	-0.547575	
1486250920134	-2.25024	1.63878	-2.1751	1.88187	2.30353	-1.66167	-0.957758	-0.114543	0.718909	0.330112	-0.00522369	-0.934555	0.00816673	-0.355686	4.38984	-4.26171	3.54801	-1.10795	-0.633289	2.66205	-0.403696	1.23905	-8.14773	15.5678	2.15889	-1.02513	-0.546209	
1486250920344	-2.25024	1.63878	-2.1751	1.88187	2.30353	-1.66167	-0.957758	-0.114543	0.718909	0.330112	-0.00522369	-0.934555	0.00816673	-0.355686	4.38719	-4.25087	3.54405	-1.10586	-0.632343	2.65888	-0.405613	1.2329	-8.15126	15.5428	2.15357	-1.02392	-0.546881	
1486250920624	-2.25024	1.63878	-2.1751	1.88187	2.30353	-1.66167	-0.957758	-0.114543	0.718909	0.330113	-0.00522373	-0.934555	0.00816619	-0.355687	4.40147	-4.2318	3.54162	-1.10128	-0.632652	2.6592	-0.403671	1.20139	-8.18712	15.5218	2.14938	-1.02194	-0.543866	
1486250920714	-2.25024	1.63878	-2.1751	1.88187	2.30353	-1.66167	-0.957758	-0.114543	0.718909	0.330113	-0.0052239	-0.934555	0.00816664	-0.355687	4.3989	-4.22417	3.53498	-1.09944	-0.630721	2.66056	-0.402743	1.19235	-8.1793	15.5083	2.14928	-1.02382	-0.542533	
1486250920754	-2.25024	1.63878	-2.1751	1.88187	2.30353	-1.66167	-0.957758	-0.114543	0.718909	0.330113	-0.0052239	-0.934555	0.00816664	-0.355687	4.40059	-4.23399	3.54024	-1.09733	-0.632181	2.65831	-0.403107	1.21456	-8.18064	15.5148	2.15015	-1.02259	-0.544106	
