time	joint_joint0	joint_joint1	joint_joint2	joint_joint3	joint_joint4	joint_joint5	joint_joint6	cart_pos_x	cart_pos_y	cart_pos_z	cart_quat_x	cart_quat_y	cart_quat_z	cart_quat_w	force_joint_joint0	force_joint_joint1	force_joint_joint2	force_joint_joint3	force_joint_joint4	force_joint_joint5	force_joint_joint6	cart_force_x	cart_force_y	cart_force_z	cart_trq_x	cart_trq_y	cart_trq_z	
1486257293067	-2.2483	1.63709	-2.17326	1.88315	2.30109	-1.65957	-0.957938	-0.113082	0.717674	0.330757	-0.006739	-0.933611	0.00900088	-0.358112	1.76173	-2.61006	1.78621	-0.545028	0.209501	1.06729	-0.447049	2.4992	-3.73251	8.10779	0.801958	-0.876322	-0.643753	
1486257293367	-2.24829	1.63708	-2.17325	1.88313	2.30109	-1.65957	-0.957938	-0.113074	0.717674	0.330754	-0.0067399	-0.93361	0.00900901	-0.358113	1.76861	-2.61073	1.77686	-0.534753	0.218128	1.06073	-0.444349	2.51911	-3.73979	8.08302	0.799543	-0.87943	-0.646392	
1486257294137	-2.2484	1.63708	-2.17325	1.88305	2.30115	-1.6598	-0.957938	-0.113114	0.71769	0.33068	-0.00670321	-0.933664	0.00906863	-0.357973	2.55148	-2.95653	2.13415	-0.693853	0.140041	1.99907	-0.481536	1.87719	-4.85735	11.0243	1.41165	-1.32825	-0.612254	
1486257294818	-2.24952	1.63764	-2.17369	1.88349	2.30159	-1.66075	-0.957942	-0.113732	0.717847	0.330541	-0.00646528	-0.933995	0.00880825	-0.35712	3.22557	-3.79296	3.2101	-1.36329	-0.0770876	2.595	-0.268817	0.906333	-6.04328	15.44	1.86005	-1.44601	-0.361712	
1486257294967	-2.24969	1.6378	-2.17385	1.88375	2.30164	-1.66096	-0.957942	-0.113831	0.717863	0.330601	-0.00646496	-0.934022	0.00870105	-0.357052	3.29575	-3.88751	3.28539	-1.47605	-0.0963824	2.6779	-0.282432	0.71391	-6.19495	15.9444	1.91997	-1.46358	-0.370418	
1486257295608	-2.25103	1.63809	-2.17511	1.88468	2.30169	-1.66233	-0.957945	-0.114762	0.718027	0.33057	-0.0060383	-0.934283	0.00850481	-0.356381	3.84545	-4.01693	3.35473	-1.72619	-0.0726315	3.12288	-0.255651	-0.350667	-7.10246	17.6125	2.22323	-1.65187	-0.359013	
1486257296037	-2.25103	1.63821	-2.17512	1.88487	2.30174	-1.66232	-0.957945	-0.114786	0.718022	0.330671	-0.00609013	-0.934275	0.0083601	-0.356403	3.39123	-4.07388	3.39584	-1.7682	-0.129185	2.6172	-0.282265	0.196213	-6.5309	16.5789	1.91739	-1.34856	-0.403675	
1486257296567	-2.25102	1.63821	-2.17512	1.88488	2.30179	-1.66226	-0.957947	-0.114785	0.718025	0.330677	-0.00607915	-0.934273	0.00832542	-0.35641	3.13012	-4.05388	3.37432	-1.73893	-0.131129	2.40099	-0.282219	0.524054	-6.11554	15.9886	1.77892	-1.24707	-0.406661	
1486257297117	-2.25101	1.63821	-2.17512	1.88489	2.30183	-1.66214	-0.957949	-0.114777	0.718034	0.330687	-0.00606095	-0.934257	0.00827481	-0.356453	3.12281	-4.03646	3.34685	-1.70454	-0.125323	2.33745	-0.281075	0.600081	-6.11887	15.7688	1.7425	-1.21696	-0.417438	
1486257298010	-2.25083	1.63821	-2.17512	1.88489	2.30188	-1.66188	-0.957952	-0.114708	0.718046	0.330766	-0.00606261	-0.934196	0.00816988	-0.356614	3.02697	-3.95319	3.29066	-1.64512	-0.134669	2.21516	-0.281569	0.715452	-5.97824	15.2528	1.65981	-1.14778	-0.418581	
1486257298317	-2.25075	1.63821	-2.17512	1.88489	2.30189	-1.66173	-0.957954	-0.114673	0.718053	0.330807	-0.00606179	-0.934161	0.00811205	-0.356708	2.9795	-3.94219	3.26783	-1.62984	-0.135735	2.13921	-0.27772	0.783017	-5.90518	15.0306	1.61778	-1.10565	-0.423412	
1486257298368	-2.25073	1.63821	-2.17512	1.88489	2.3019	-1.66171	-0.957954	-0.11467	0.718054	0.330809	-0.00606238	-0.934159	0.00811043	-0.356712	2.97626	-3.9358	3.26332	-1.61279	-0.137634	2.12753	-0.278104	0.821744	-5.89831	14.9665	1.61102	-1.1001	-0.424512	
1486257299527	-2.2505	1.63821	-2.17512	1.88489	2.30195	-1.66146	-0.957955	-0.114582	0.718064	0.330911	-0.00607861	-0.934089	0.00799826	-0.356898	2.84468	-3.89189	3.21872	-1.58312	-0.136613	1.99268	-0.277285	0.96257	-5.69317	14.5256	1.52483	-1.03252	-0.429169	
1486257300117	-2.25043	1.63821	-2.17512	1.88489	2.30198	-1.66139	-0.957957	-0.114558	0.718068	0.330939	-0.00608092	-0.934072	0.00796314	-0.356945	2.81571	-3.87943	3.20532	-1.57667	-0.131002	1.95262	-0.275571	0.992142	-5.65563	14.4098	1.49829	-1.01504	-0.431579	
1486257300167	-2.25042	1.63821	-2.17512	1.88489	2.30198	-1.66138	-0.957957	-0.114556	0.718068	0.33094	-0.00608064	-0.934071	0.00796077	-0.356947	2.85366	-3.85127	3.20026	-1.56325	-0.128745	1.95363	-0.275428	0.953049	-5.74547	14.3747	1.4919	-1.01418	-0.432118	
1486257300207	-2.25042	1.63821	-2.17512	1.88489	2.30198	-1.66138	-0.957957	-0.114555	0.718068	0.330942	-0.00608084	-0.93407	0.00795878	-0.35695	2.80241	-3.8679	3.19765	-1.58043	-0.125603	1.94567	-0.276476	0.979002	-5.64089	14.3842	1.48975	-1.0146	-0.431904	
1486257300268	-2.25042	1.63821	-2.17512	1.88489	2.30198	-1.66137	-0.957957	-0.114552	0.718069	0.330946	-0.00608109	-0.934068	0.00795401	-0.356955	2.80654	-3.8534	3.19442	-1.57187	-0.126803	1.94665	-0.275994	0.973739	-5.65064	14.3558	1.48744	-1.01449	-0.42956	
