time	joint_joint0	joint_joint1	joint_joint2	joint_joint3	joint_joint4	joint_joint5	joint_joint6	cart_pos_x	cart_pos_y	cart_pos_z	cart_quat_x	cart_quat_y	cart_quat_z	cart_quat_w	force_joint_joint0	force_joint_joint1	force_joint_joint2	force_joint_joint3	force_joint_joint4	force_joint_joint5	force_joint_joint6	cart_force_x	cart_force_y	cart_force_z	cart_trq_x	cart_trq_y	cart_trq_z	
1486258609044	-2.24965	1.63827	-2.17449	1.88396	2.30051	-1.6598	-0.95792	-0.114203	0.718155	0.331194	-0.00642218	-0.933672	0.00842765	-0.357973	1.31193	-1.51944	1.13598	-0.429883	0.512746	0.931212	-0.380229	1.34385	-3.13414	6.14881	0.454505	-0.985511	-0.51225	
1486258609103	-2.24895	1.63733	-2.17356	1.88331	2.30106	-1.65957	-0.95792	-0.113537	0.717857	0.330724	-0.0064983	-0.933702	0.00872193	-0.357886	1.48959	-2.16236	1.62311	-0.629373	0.375323	0.978612	-0.409341	1.86373	-3.49107	7.61564	0.586764	-0.929168	-0.56661	
1486258609183	-2.24839	1.63713	-2.17347	1.88324	2.3011	-1.65957	-0.95792	-0.113172	0.71772	0.330787	-0.00666687	-0.933606	0.00892132	-0.358129	1.67781	-2.51113	1.84046	-0.626547	0.252675	1.0281	-0.430754	2.28669	-3.74252	8.18577	0.710841	-0.881237	-0.607372	
1486258609203	-2.24832	1.63713	-2.17346	1.88322	2.30111	-1.65957	-0.95792	-0.113172	0.71772	0.330787	-0.00666687	-0.933606	0.00892132	-0.358129	1.80863	-2.57164	1.86352	-0.577226	0.210915	1.06155	-0.437352	2.37339	-3.92998	8.2399	0.763727	-0.868908	-0.623675	
1486258609333	-2.24827	1.63709	-2.17333	1.88311	2.30111	-1.6595	-0.95792	-0.113087	0.717703	0.330767	-0.00670665	-0.933598	0.00897106	-0.358147	1.76327	-2.6052	1.84505	-0.549169	0.194419	1.02629	-0.441822	2.52314	-3.80266	8.09424	0.763579	-0.844425	-0.633727	
1486258609383	-2.24827	1.63709	-2.17332	1.8831	2.30111	-1.6595	-0.95792	-0.113085	0.717705	0.330765	-0.00670388	-0.933597	0.0089706	-0.358151	1.74088	-2.60284	1.82692	-0.547055	0.19674	1.03324	-0.441898	2.52989	-3.73705	8.0737	0.771221	-0.851259	-0.632674	
1486258609453	-2.24826	1.63709	-2.17332	1.88309	2.30111	-1.6595	-0.95792	-0.113077	0.717704	0.330764	-0.00670716	-0.933596	0.00897818	-0.358152	1.74064	-2.61968	1.82964	-0.543204	0.192672	1.02211	-0.443644	2.56858	-3.73318	8.05829	0.770414	-0.843151	-0.637854	
1486258609473	-2.24826	1.63708	-2.17331	1.88309	2.30111	-1.6595	-0.95792	-0.113077	0.717704	0.330763	-0.00670687	-0.933596	0.00897922	-0.358151	1.74411	-2.61536	1.82503	-0.542578	0.192411	1.02474	-0.441511	2.55365	-3.73389	8.05458	0.772883	-0.843357	-0.635931	
1486258609483	-2.24826	1.63708	-2.17331	1.88309	2.30111	-1.6595	-0.95792	-0.113077	0.717704	0.330763	-0.00670687	-0.933596	0.00897922	-0.358151	1.74411	-2.61536	1.82503	-0.542578	0.192411	1.02474	-0.441511	2.55365	-3.73389	8.05458	0.772883	-0.843357	-0.635931	
1486258609713	-2.24825	1.63708	-2.1733	1.88307	2.30111	-1.6595	-0.95792	-0.113069	0.717703	0.330756	-0.0067084	-0.933597	0.00898922	-0.358149	1.72621	-2.61931	1.80614	-0.522436	0.193907	1.01241	-0.441207	2.61776	-3.67671	7.97456	0.772456	-0.841141	-0.639383	
1486258609723	-2.24825	1.63708	-2.1733	1.88307	2.30111	-1.6595	-0.95792	-0.113069	0.717703	0.330756	-0.00670786	-0.933597	0.00898929	-0.358149	1.7246	-2.63712	1.81174	-0.525185	0.192872	1.01135	-0.440825	2.64013	-3.66632	7.99831	0.776468	-0.840663	-0.641159	
1486258609763	-2.24825	1.63708	-2.1733	1.88307	2.30111	-1.6595	-0.95792	-0.113068	0.717703	0.330754	-0.00670762	-0.933598	0.00899191	-0.358148	1.71723	-2.61647	1.79958	-0.522455	0.196591	1.01444	-0.441202	2.61766	-3.65441	7.96786	0.77354	-0.84468	-0.638901	
1486258609873	-2.24824	1.63707	-2.1733	1.88306	2.30111	-1.6595	-0.95792	-0.113065	0.717703	0.330754	-0.00670805	-0.933597	0.00899482	-0.358149	1.71582	-2.60407	1.79128	-0.521478	0.202669	1.01289	-0.441866	2.6035	-3.65883	7.94854	0.768591	-0.847596	-0.639651	
1486258609895	-2.24824	1.63707	-2.1733	1.88306	2.30111	-1.6595	-0.95792	-0.113065	0.717703	0.330754	-0.00670805	-0.933597	0.00899482	-0.358149	1.71783	-2.61289	1.79293	-0.522896	0.201145	1.01271	-0.44045	2.60856	-3.65587	7.95994	0.771976	-0.846169	-0.639779	
1486258610364	-2.24826	1.63707	-2.1733	1.88299	2.30118	-1.65951	-0.95792	-0.113069	0.717721	0.330722	-0.00667658	-0.933615	0.00899721	-0.358102	1.93696	-2.81248	1.99605	-0.541587	0.12755	1.36476	-0.454292	2.6627	-3.877	9.07083	1.01856	-1.00667	-0.611989	
1486258610424	-2.24826	1.63708	-2.1733	1.88298	2.3012	-1.65952	-0.95792	-0.113072	0.717725	0.330717	-0.00666964	-0.933619	0.00899464	-0.358091	2.06504	-2.83864	2.0409	-0.548962	0.116282	1.47976	-0.456468	2.56257	-4.08336	9.40953	1.09057	-1.05844	-0.606386	
1486258610434	-2.24826	1.63708	-2.1733	1.88298	2.3012	-1.65952	-0.95792	-0.113073	0.717726	0.330717	-0.006669	-0.93362	0.00899481	-0.35809	2.06504	-2.83864	2.0409	-0.548962	0.116282	1.47976	-0.456468	2.56257	-4.08336	9.40953	1.09057	-1.05844	-0.606386	
1486258610473	-2.24827	1.63707	-2.1733	1.88298	2.30121	-1.65952	-0.95792	-0.113076	0.717727	0.330711	-0.00666454	-0.933624	0.00899612	-0.35808	2.14974	-2.86446	2.07713	-0.550607	0.11053	1.55598	-0.453495	2.51773	-4.21193	9.65039	1.14003	-1.09565	-0.599679	
1486258610793	-2.24896	1.6371	-2.17333	1.88297	2.30152	-1.66006	-0.957921	-0.113309	0.717752	0.330453	-0.0065168	-0.933816	0.00907655	-0.357579	2.89194	-3.32125	2.64549	-0.763471	-0.0119383	2.1685	-0.366315	1.99893	-5.39031	12.4433	1.57602	-1.32195	-0.488086	
1486258610913	-2.24933	1.63721	-2.17346	1.88297	2.30159	-1.66027	-0.957921	-0.113517	0.717817	0.330314	-0.00638113	-0.933934	0.00907696	-0.357272	3.01787	-3.52604	2.93836	-0.96819	-0.0515959	2.29733	-0.301363	1.70877	-5.64406	13.6079	1.66229	-1.34981	-0.411429	
1486258610943	-2.24935	1.63726	-2.1735	1.88297	2.3016	-1.66033	-0.957921	-0.11353	0.717825	0.330316	-0.00637689	-0.933941	0.00907187	-0.357254	3.0798	-3.60927	3.03475	-1.03191	-0.0670109	2.33624	-0.27996	1.62603	-5.7592	13.9962	1.69565	-1.354	-0.391691	
1486258611104	-2.2494	1.63755	-2.17373	1.8832	2.30164	-1.66045	-0.957923	-0.113659	0.717907	0.330458	-0.00635306	-0.933957	0.00886424	-0.357218	3.13963	-3.75012	3.20455	-1.20787	-0.0981972	2.43612	-0.24309	1.33515	-5.86822	14.8132	1.769	-1.36946	-0.344953	
1486258611123	-2.24941	1.63758	-2.17374	1.88322	2.30165	-1.66045	-0.957921	-0.11367	0.717913	0.330482	-0.0063567	-0.933956	0.00882976	-0.357222	3.16007	-3.72329	3.19491	-1.21639	-0.0998077	2.44758	-0.244208	1.24633	-5.91884	14.8156	1.77047	-1.36884	-0.34302	
1486258611493	-2.24978	1.63785	-2.17493	1.88381	2.30177	-1.66115	-0.957923	-0.114082	0.718068	0.330702	-0.00614581	-0.933999	0.00848665	-0.357122	3.34126	-3.9161	3.27316	-1.51131	-0.113106	2.70171	-0.278409	0.59208	-6.23506	16.0495	1.95657	-1.45186	-0.373083	
1486258611524	-2.24981	1.63785	-2.17502	1.88384	2.30177	-1.66122	-0.957923	-0.11421	0.718138	0.330727	-0.00601249	-0.934004	0.00846659	-0.357112	3.35948	-3.88162	3.23544	-1.52128	-0.0959661	2.73229	-0.278516	0.475374	-6.25889	16.0712	1.96955	-1.47446	-0.373009	
1486258611573	-2.24997	1.63789	-2.17507	1.88395	2.30177	-1.6613	-0.957923	-0.114276	0.718159	0.330728	-0.00596887	-0.934018	0.00845656	-0.357077	3.48285	-3.9386	3.28476	-1.57284	-0.092023	2.80408	-0.278592	0.330246	-6.49802	16.4489	2.01801	-1.50521	-0.379663	
1486258611594	-2.24997	1.63789	-2.17507	1.88395	2.30177	-1.6613	-0.957923	-0.114295	0.718155	0.330724	-0.00596936	-0.934024	0.00844717	-0.357059	3.48285	-3.9386	3.28476	-1.57284	-0.092023	2.80408	-0.278592	0.330246	-6.49802	16.4489	2.01801	-1.50521	-0.379663	
1486258611613	-2.25003	1.63793	-2.17508	1.88401	2.30177	-1.66135	-0.957923	-0.114353	0.718152	0.330727	-0.00597263	-0.934047	0.00841497	-0.357001	3.47866	-3.96915	3.31109	-1.60779	-0.0893409	2.82205	-0.278252	0.300319	-6.49607	16.6018	2.02877	-1.516	-0.377761	
1486258611643	-2.25014	1.63802	-2.1751	1.88412	2.30177	-1.6615	-0.957923	-0.114383	0.71815	0.330738	-0.00598345	-0.93406	0.00839342	-0.356967	3.508	-4.02775	3.37107	-1.65163	-0.0971894	2.86871	-0.274853	0.262359	-6.54697	16.8916	2.06142	-1.535	-0.370695	
1486258611657	-2.25019	1.63807	-2.17511	1.88419	2.30177	-1.66164	-0.957923	-0.114416	0.718149	0.330746	-0.0059962	-0.934079	0.00837904	-0.356917	3.508	-4.02775	3.37107	-1.65163	-0.0971894	2.86871	-0.274853	0.262359	-6.54697	16.8916	2.06142	-1.535	-0.370695	
1486258611893	-2.25085	1.63826	-2.17517	1.88459	2.30181	-1.66212	-0.957923	-0.114732	0.718113	0.330674	-0.0060162	-0.93425	0.00832179	-0.356471	3.77339	-4.06994	3.54389	-1.63893	-0.154321	2.97588	-0.222908	0.117487	-7.03317	17.3883	2.13229	-1.54421	-0.313016	
1486258611943	-2.25085	1.63826	-2.17517	1.88461	2.30181	-1.66212	-0.957923	-0.114732	0.718111	0.330678	-0.00601903	-0.934249	0.00831836	-0.356473	3.80508	-4.05091	3.5239	-1.64164	-0.148238	2.9806	-0.22535	0.0463098	-7.10222	17.3746	2.13306	-1.54489	-0.318968	
1486258612274	-2.25084	1.63836	-2.17518	1.88486	2.30184	-1.66212	-0.957923	-0.114751	0.718084	0.330792	-0.00608932	-0.934232	0.00817583	-0.356521	3.65215	-4.17407	3.58006	-1.8118	-0.159453	2.81738	-0.277012	0.0522558	-7.01612	17.4111	2.03485	-1.43397	-0.382639	
1486258612373	-2.25084	1.63837	-2.17518	1.88487	2.30185	-1.66212	-0.957923	-0.114754	0.718086	0.330801	-0.00609098	-0.934232	0.00816006	-0.356521	3.60736	-4.14436	3.56532	-1.7838	-0.169422	2.74671	-0.277516	0.128243	-6.96177	17.1591	1.98934	-1.3905	-0.384549	
1486258612584	-2.25083	1.63837	-2.17518	1.88488	2.30187	-1.66211	-0.957925	-0.114755	0.718085	0.330806	-0.00609036	-0.934232	0.00814762	-0.356521	3.53909	-4.12337	3.54427	-1.75754	-0.16688	2.66732	-0.276869	0.23781	-6.8598	16.9023	1.93855	-1.35377	-0.388663	
1486258612893	-2.25083	1.63837	-2.17518	1.88489	2.30189	-1.66211	-0.957925	-0.114756	0.718085	0.330808	-0.00608788	-0.934234	0.00813442	-0.356517	3.51145	-4.11987	3.5307	-1.74103	-0.166882	2.60687	-0.274584	0.306422	-6.82461	16.7328	1.90533	-1.3214	-0.394795	
1486258613133	-2.25083	1.63837	-2.17518	1.8849	2.30191	-1.66211	-0.957925	-0.114756	0.718086	0.33081	-0.00608598	-0.934235	0.00812572	-0.356514	3.48252	-4.10963	3.51796	-1.73539	-0.161748	2.57959	-0.275458	0.335876	-6.78171	16.6429	1.8864	-1.31148	-0.397507	
1486258614105	-2.25083	1.63837	-2.17518	1.88491	2.30197	-1.66211	-0.957925	-0.114757	0.718088	0.330812	-0.0060789	-0.934239	0.00810137	-0.356504	3.41415	-4.0502	3.47704	-1.71064	-0.150603	2.51789	-0.27268	0.370612	-6.68008	16.3746	1.83701	-1.28812	-0.394576	
1486258614173	-2.25083	1.63837	-2.17518	1.88491	2.30197	-1.66211	-0.957925	-0.114757	0.718088	0.330812	-0.00607807	-0.934239	0.0080987	-0.356503	3.41527	-4.04747	3.47278	-1.70247	-0.153256	2.51515	-0.273162	0.383765	-6.67768	16.3451	1.83691	-1.28526	-0.395307	
1486258614293	-2.25083	1.63837	-2.17518	1.88491	2.30198	-1.66211	-0.957925	-0.114758	0.718088	0.330812	-0.00607696	-0.93424	0.00809652	-0.356501	3.41694	-4.05101	3.47008	-1.70288	-0.15018	2.5097	-0.273261	0.388136	-6.68278	16.3394	1.83459	-1.28401	-0.398066	
1486258614366	-2.25083	1.63837	-2.17518	1.88491	2.30198	-1.66211	-0.957925	-0.114758	0.718088	0.330813	-0.00607659	-0.93424	0.00809455	-0.356501	3.41712	-4.05128	3.46793	-1.69793	-0.152467	2.50583	-0.274119	0.400456	-6.68135	16.3182	1.83376	-1.2806	-0.399456	
1486258614513	-2.25083	1.63837	-2.17518	1.88491	2.30199	-1.66211	-0.957925	-0.114758	0.718089	0.330813	-0.00607571	-0.934241	0.00809179	-0.356499	3.41637	-4.04791	3.46602	-1.6942	-0.147058	2.50103	-0.273163	0.403213	-6.68854	16.3098	1.82974	-1.28159	-0.399279	
1486258614575	-2.25083	1.63837	-2.17518	1.88491	2.30199	-1.66211	-0.957925	-0.114758	0.718089	0.330813	-0.00607505	-0.934241	0.00809049	-0.356498	3.41639	-4.04979	3.46494	-1.6933	-0.144526	2.49999	-0.269606	0.411123	-6.67852	16.308	1.82937	-1.28379	-0.398033	
1486258615213	-2.25083	1.63837	-2.17518	1.88492	2.30202	-1.66211	-0.957926	-0.114759	0.71809	0.330813	-0.00607084	-0.934243	0.00807997	-0.356494	3.39421	-4.05021	3.44332	-1.68698	-0.147346	2.48163	-0.274906	0.441017	-6.6294	16.2201	1.82407	-1.27194	-0.405801	
1486258615313	-2.25083	1.63837	-2.17518	1.88492	2.30202	-1.66211	-0.957925	-0.114758	0.71809	0.330813	-0.00607094	-0.934243	0.00807864	-0.356494	3.38887	-4.02737	3.44438	-1.68551	-0.146788	2.48189	-0.274035	0.418041	-6.63338	16.1993	1.816	-1.27255	-0.400224	
1486258615403	-2.25083	1.63837	-2.17518	1.88492	2.30203	-1.66211	-0.957926	-0.114759	0.71809	0.330814	-0.00606968	-0.934243	0.00807697	-0.356493	3.40177	-4.02883	3.44621	-1.67472	-0.14156	2.47975	-0.27127	0.440368	-6.65661	16.1952	1.81447	-1.27638	-0.400675	
1486258615413	-2.25083	1.63837	-2.17518	1.88492	2.30203	-1.66211	-0.957926	-0.114759	0.71809	0.330814	-0.00606968	-0.934243	0.00807697	-0.356493	3.40177	-4.02883	3.44621	-1.67472	-0.14156	2.47975	-0.27127	0.440368	-6.65661	16.1952	1.81447	-1.27638	-0.400675	
1486258615443	-2.25083	1.63837	-2.17518	1.88492	2.30203	-1.66211	-0.957926	-0.114759	0.71809	0.330814	-0.00606983	-0.934244	0.00807631	-0.356492	3.3753	-4.03984	3.443	-1.68586	-0.1395	2.47776	-0.272685	0.450335	-6.60054	16.2074	1.81555	-1.27772	-0.401754	
1486258615543	-2.25083	1.63837	-2.17518	1.88492	2.30203	-1.66211	-0.957926	-0.114759	0.718091	0.330814	-0.00606895	-0.934244	0.00807392	-0.356491	3.35234	-4.03666	3.44371	-1.69723	-0.139206	2.47274	-0.273166	0.43852	-6.56509	16.2061	1.8097	-1.27511	-0.399539	
1486258615573	-2.25083	1.63837	-2.17518	1.88492	2.30203	-1.66211	-0.957926	-0.114759	0.718091	0.330814	-0.00606855	-0.934244	0.00807313	-0.356491	3.40376	-4.02362	3.44505	-1.67292	-0.144434	2.47826	-0.27269	0.435428	-6.6641	16.1793	1.81286	-1.27302	-0.401148	
1486258615933	-2.25082	1.63837	-2.17518	1.88492	2.30205	-1.66211	-0.957926	-0.114759	0.718091	0.330815	-0.0060661	-0.934246	0.00806599	-0.356487	3.3561	-3.99427	3.42368	-1.67662	-0.131015	2.4714	-0.271796	0.420316	-6.58009	16.1207	1.79913	-1.28056	-0.396003	
1486258616043	-2.25082	1.63837	-2.17518	1.88492	2.30206	-1.66211	-0.957926	-0.114759	0.718092	0.330814	-0.00606543	-0.934246	0.00806468	-0.356486	3.33988	-4.01064	3.42555	-1.67394	-0.132384	2.47056	-0.272543	0.466171	-6.53531	16.1244	1.80345	-1.28231	-0.397175	
1486258616143	-2.25082	1.63837	-2.17518	1.88492	2.30206	-1.66211	-0.957926	-0.114759	0.718092	0.330814	-0.00606424	-0.934247	0.00806232	-0.356485	3.33487	-4.02071	3.42817	-1.68172	-0.13601	2.46857	-0.271061	0.461787	-6.5204	16.1395	1.80615	-1.27769	-0.396402	
1486258616193	-2.25082	1.63837	-2.17518	1.88492	2.30207	-1.66211	-0.957926	-0.114759	0.718092	0.330814	-0.00606387	-0.934247	0.00806036	-0.356484	3.35121	-4.00623	3.42546	-1.67436	-0.136508	2.47364	-0.270949	0.442857	-6.55511	16.1261	1.80618	-1.27912	-0.395243	
1486258616693	-2.25082	1.63837	-2.17518	1.88492	2.30208	-1.66211	-0.957926	-0.11476	0.718093	0.330815	-0.00606175	-0.934248	0.00805463	-0.356481	3.37133	-3.98973	3.41484	-1.67152	-0.133477	2.47406	-0.271096	0.403835	-6.60083	16.1041	1.80381	-1.2782	-0.397004	
1486258616754	-2.25082	1.63837	-2.17518	1.88492	2.30208	-1.66211	-0.957926	-0.11476	0.718093	0.330815	-0.00606175	-0.934248	0.00805463	-0.356481	3.3751	-3.9733	3.41323	-1.66838	-0.131486	2.47551	-0.270496	0.38513	-6.61691	16.0896	1.79929	-1.28	-0.394378	
