time	
323.722	
323.736	
323.736	
323.75	
323.764	
323.764	
323.778	
323.792	
323.806	
323.806	
323.82	
323.834	
323.834	
323.848	
323.862	
323.876	
323.876	
323.89	
323.904	
323.904	
323.918	
323.932	
323.946	
323.946	
323.96	
323.974	
323.974	
323.988	
324.002	
324.016	
324.016	
324.03	
324.044	
324.044	
324.058	
324.072	
324.086	
324.086	
324.1	
324.114	
324.114	
324.128	
324.142	
324.156	
324.156	
324.17	
324.184	
324.184	
324.198	
324.212	
324.226	
324.226	
324.24	
324.254	
324.254	
324.268	
324.282	
324.296	
324.296	
324.31	
324.324	
324.324	
324.338	
324.352	
324.366	
324.366	
324.38	
324.394	
324.394	
324.408	
324.422	
324.436	
324.436	
324.45	
324.464	
324.464	
324.478	
324.492	
324.506	
324.506	
324.52	
324.534	
324.534	
324.548	
324.562	
324.576	
324.576	
324.59	
324.604	
324.604	
324.618	
324.632	
324.646	
324.646	
324.66	
324.674	
324.674	
324.688	
324.702	
324.716	
324.716	
324.73	
324.744	
324.744	
324.758	
324.772	
324.786	
324.786	
324.8	
324.814	
324.814	
324.828	
324.842	
324.856	
324.856	
324.87	
324.884	
324.884	
324.898	
324.912	
324.926	
324.926	
324.94	
324.954	
324.954	
324.968	
324.982	
324.996	
324.996	
325.01	
325.024	
325.024	
325.038	
325.052	
325.066	
325.066	
325.08	
325.094	
325.094	
325.108	
325.122	
325.136	
325.136	
325.15	
325.164	
325.164	
325.178	
325.192	
325.206	
325.206	
325.22	
325.234	
325.234	
325.248	
325.262	
325.276	
325.276	
325.29	
325.304	
325.304	
325.318	
325.332	
325.346	
325.346	
325.36	
325.374	
325.374	
325.388	
325.402	
325.416	
325.416	
325.43	
325.444	
325.444	
325.458	
325.472	
325.486	
325.486	
325.5	
325.514	
325.514	
325.528	
325.542	
325.556	
325.556	
325.57	
325.584	
325.584	
325.598	
325.612	
325.626	
325.626	
325.64	
325.654	
325.654	
325.668	
325.682	
325.696	
325.696	
325.71	
325.724	
325.724	
325.738	
325.752	
325.766	
325.766	
325.78	
325.794	
325.794	
325.808	
325.822	
325.836	
325.836	
325.85	
325.864	
325.864	
325.878	
325.892	
325.906	
325.906	
325.92	
325.934	
325.934	
325.948	
325.962	
325.976	
325.976	
325.99	
326.004	
326.004	
326.018	
326.032	
326.046	
326.046	
326.06	
326.074	
326.074	
326.088	
326.102	
326.116	
326.116	
326.13	
326.144	
326.144	
326.158	
326.172	
326.186	
326.186	
326.2	
326.214	
326.214	
326.228	
326.242	
326.256	
326.256	
326.27	
326.284	
326.284	
326.298	
326.312	
326.326	
326.326	
326.34	
326.354	
326.354	
326.368	
326.382	
326.396	
326.396	
326.41	
326.424	
326.424	
326.438	
326.452	
326.466	
326.466	
326.48	
326.494	
326.494	
326.508	
326.522	
326.536	
326.536	
326.55	
326.564	
326.564	
326.578	
326.592	
326.606	
326.606	
326.62	
326.634	
326.634	
326.648	
326.662	
326.676	
326.676	
326.69	
326.704	
326.704	
326.718	
326.732	
326.746	
326.746	
326.76	
326.774	
326.774	
326.788	
326.802	
326.816	
326.816	
326.83	
326.844	
326.844	
326.858	
326.872	
326.886	
326.886	
326.9	
326.914	
326.914	
326.928	
326.942	
326.956	
326.956	
326.97	
326.984	
326.984	
326.998	
327.012	
327.026	
327.026	
327.04	
327.054	
327.054	
327.068	
327.082	
327.096	
327.096	
327.11	
327.124	
327.124	
327.138	
327.152	
327.166	
327.166	
327.18	
327.194	
327.194	
327.208	
327.222	
327.236	
327.236	
327.25	
327.264	
327.264	
327.278	
327.292	
327.306	
327.306	
327.32	
327.334	
327.334	
327.348	
327.362	
327.376	
327.376	
327.39	
327.404	
327.404	
327.418	
327.432	
327.446	
327.446	
327.46	
327.474	
327.474	
327.488	
327.502	
327.516	
327.516	
327.53	
327.544	
327.544	
327.558	
327.572	
327.586	
327.586	
327.6	
327.614	
327.614	
327.628	
327.642	
327.656	
327.656	
327.67	
327.684	
327.684	
327.698	
327.712	
327.726	
327.726	
327.74	
327.754	
327.754	
327.768	
327.782	
327.796	
327.796	
327.81	
327.824	
327.824	
327.838	
327.852	
327.866	
327.866	
327.88	
327.894	
327.894	
327.908	
327.922	
327.936	
327.936	
327.95	
327.964	
327.964	
327.978	
327.992	
328.006	
328.006	
328.02	
328.034	
328.034	
328.048	
328.062	
328.076	
328.076	
328.09	
328.104	
328.104	
328.118	
328.132	
328.146	
328.146	
328.16	
328.174	
328.174	
328.188	
328.202	
328.216	
328.216	
328.23	
328.244	
328.244	
328.258	
328.272	
328.286	
328.286	
328.3	
328.314	
328.314	
328.328	
328.342	
328.356	
328.356	
328.37	
328.384	
328.384	
328.398	
328.412	
328.426	
328.426	
328.44	
328.454	
328.454	
328.468	
328.482	
328.496	
328.496	
328.51	
328.524	
328.524	
328.538	
328.552	
328.566	
328.566	
328.58	
328.594	
328.594	
328.608	
328.622	
328.636	
328.636	
328.65	
328.664	
328.664	
328.678	
328.692	
328.706	
328.706	
328.72	
328.734	
328.734	
328.748	
328.762	
328.776	
328.776	
328.79	
328.804	
328.804	
328.818	
328.832	
328.846	
328.846	
328.86	
328.874	
328.874	
328.888	
328.902	
328.916	
328.916	
328.93	
328.944	
328.944	
328.958	
328.972	
328.986	
328.986	
329	
329.014	
329.014	
329.028	
329.042	
329.056	
329.056	
329.07	
329.084	
329.084	
329.098	
329.112	
329.126	
329.126	
329.14	
329.154	
329.154	
329.168	
329.182	
329.196	
329.196	
329.21	
329.224	
329.224	
329.238	
329.252	
329.266	
329.266	
