time	
371.812	
371.812	
371.826	
371.84	
371.84	
371.854	
371.868	
371.882	
371.882	
371.896	
371.91	
371.91	
371.924	
371.938	
371.952	
371.952	
371.966	
371.98	
371.98	
371.994	
372.008	
372.022	
372.022	
372.036	
372.05	
372.05	
372.064	
372.078	
372.092	
372.092	
372.106	
372.12	
372.12	
372.134	
372.148	
372.162	
372.162	
372.176	
372.19	
372.19	
372.204	
372.218	
372.232	
372.232	
372.246	
372.26	
372.26	
372.274	
372.288	
372.302	
372.302	
372.316	
372.33	
372.33	
372.344	
372.358	
372.372	
372.372	
372.386	
372.4	
372.4	
372.414	
372.428	
372.442	
372.442	
372.456	
372.47	
372.47	
372.484	
372.498	
372.512	
372.512	
372.526	
372.54	
372.54	
372.554	
372.568	
372.582	
372.582	
372.596	
372.61	
372.61	
372.624	
372.638	
372.652	
372.652	
372.666	
372.68	
372.68	
372.694	
372.708	
372.722	
372.722	
372.736	
372.75	
372.75	
372.764	
372.778	
372.792	
372.792	
372.806	
372.82	
372.82	
372.834	
372.848	
372.862	
372.862	
372.876	
372.89	
372.89	
372.904	
372.918	
372.932	
372.932	
372.946	
372.96	
372.96	
372.974	
372.988	
373.002	
373.002	
373.016	
373.03	
373.03	
373.044	
373.058	
373.072	
373.072	
373.086	
373.1	
373.1	
373.114	
373.128	
373.142	
373.142	
373.156	
373.17	
373.17	
373.184	
373.198	
373.212	
373.212	
373.226	
373.24	
373.24	
373.254	
373.268	
373.282	
373.282	
373.296	
373.31	
373.31	
373.324	
373.338	
373.352	
373.352	
373.366	
373.38	
373.38	
373.394	
373.408	
373.422	
373.422	
373.436	
373.45	
373.45	
373.464	
373.478	
373.492	
373.492	
373.506	
373.52	
373.52	
373.534	
373.548	
373.562	
373.562	
373.576	
373.59	
373.59	
373.604	
373.618	
373.632	
373.632	
373.646	
373.66	
373.66	
373.674	
373.688	
373.702	
373.702	
373.716	
373.73	
373.73	
373.744	
373.758	
373.772	
373.772	
373.786	
373.8	
373.8	
373.815	
373.828	
373.842	
373.842	
373.856	
373.87	
373.87	
373.884	
373.898	
373.912	
373.912	
373.926	
373.94	
373.94	
373.954	
373.968	
373.982	
373.982	
373.996	
374.01	
374.01	
374.024	
374.038	
374.052	
374.052	
374.066	
374.08	
374.08	
374.094	
374.108	
374.122	
374.122	
374.136	
374.15	
374.15	
374.164	
374.178	
374.192	
374.192	
374.206	
374.22	
374.22	
374.234	
374.248	
374.262	
374.262	
374.276	
374.29	
374.29	
374.304	
374.318	
374.332	
374.332	
374.346	
374.36	
374.36	
374.374	
374.388	
374.402	
374.402	
374.416	
374.43	
374.43	
374.444	
374.458	
374.472	
374.472	
374.486	
374.5	
374.5	
374.514	
374.528	
374.542	
374.542	
374.556	
374.57	
374.57	
374.584	
374.598	
374.612	
374.612	
374.626	
374.64	
374.64	
374.654	
374.668	
374.682	
374.682	
374.696	
374.71	
374.71	
374.724	
374.738	
374.752	
374.752	
374.766	
374.78	
374.78	
374.794	
374.808	
374.822	
374.822	
374.836	
374.85	
374.85	
374.864	
374.878	
374.892	
374.892	
374.906	
374.92	
374.92	
374.934	
374.948	
374.962	
374.962	
374.976	
374.99	
374.99	
375.004	
375.018	
375.032	
375.032	
375.046	
375.06	
375.06	
375.074	
375.088	
375.102	
375.102	
375.116	
375.13	
375.13	
375.144	
375.158	
375.172	
375.172	
375.186	
375.2	
375.2	
375.214	
375.228	
375.242	
375.242	
375.256	
375.27	
375.27	
375.284	
375.298	
375.312	
375.312	
375.326	
375.34	
375.34	
375.354	
375.368	
375.382	
375.382	
375.396	
375.41	
375.41	
375.424	
375.438	
375.452	
375.452	
375.466	
375.48	
375.48	
375.494	
375.508	
375.522	
375.522	
375.536	
375.55	
375.55	
375.564	
375.578	
375.592	
375.592	
375.606	
375.62	
375.62	
375.634	
375.648	
375.662	
375.662	
375.676	
375.69	
375.69	
375.704	
375.718	
375.732	
375.732	
375.746	
375.76	
375.76	
375.774	
375.788	
375.802	
375.802	
375.816	
375.83	
375.83	
375.844	
375.858	
375.872	
375.872	
375.886	
375.9	
375.9	
375.914	
375.928	
375.942	
375.942	
375.956	
375.97	
375.97	
375.984	
375.998	
376.012	
376.012	
376.026	
376.04	
376.04	
376.054	
376.068	
376.082	
376.082	
376.096	
376.11	
376.11	
376.124	
376.138	
376.152	
376.152	
376.166	
376.18	
376.18	
376.194	
376.208	
376.222	
376.222	
376.236	
376.25	
376.25	
376.264	
376.278	
376.292	
376.292	
376.306	
376.32	
376.32	
376.334	
376.348	
376.362	
376.362	
376.376	
376.39	
376.39	
376.404	
376.418	
376.432	
376.432	
376.446	
376.46	
376.46	
376.474	
376.488	
376.502	
376.502	
376.516	
376.53	
376.53	
376.544	
376.558	
376.572	
376.572	
376.586	
376.6	
376.6	
376.614	
376.628	
376.642	
376.642	
376.656	
376.67	
376.67	
376.684	
376.698	
376.712	
376.712	
376.726	
376.74	
376.74	
376.754	
376.768	
376.782	
376.782	
376.796	
376.81	
376.81	
376.824	
376.838	
376.852	
376.852	
376.866	
376.88	
376.88	
376.894	
376.908	
376.922	
376.922	
376.936	
376.95	
376.95	
376.964	
376.978	
376.992	
376.992	
377.006	
377.02	
377.02	
377.034	
377.048	
377.062	
377.062	
377.076	
377.09	
377.09	
377.104	
377.118	
377.132	
377.132	
377.146	
377.16	
377.16	
377.174	
377.188	
377.202	
377.202	
377.216	
377.23	
377.23	
377.244	
377.258	
377.272	
377.272	
377.286	
377.3	
377.3	
377.314	
377.328	
377.342	
377.342	
377.356	
377.37	
377.37	
377.384	
377.398	
377.412	
377.412	
377.426	
377.44	
