time	
773	
773.014	
773.014	
773.028	
773.042	
773.042	
773.056	
773.07	
773.084	
773.084	
773.098	
773.112	
773.112	
773.126	
773.14	
773.154	
773.154	
773.168	
773.182	
773.182	
773.196	
773.21	
773.224	
773.224	
773.238	
773.252	
773.252	
773.266	
773.28	
773.294	
773.294	
773.308	
773.322	
773.322	
773.336	
773.35	
773.364	
773.364	
773.378	
773.392	
773.392	
773.406	
773.42	
773.434	
773.434	
773.448	
773.462	
773.462	
773.476	
773.49	
773.504	
773.504	
773.518	
773.532	
773.532	
773.546	
773.56	
773.574	
773.574	
773.588	
773.602	
773.602	
773.616	
773.63	
773.644	
773.644	
773.658	
773.672	
773.672	
773.686	
773.7	
773.714	
773.714	
773.728	
773.742	
773.742	
773.756	
773.77	
773.784	
773.784	
773.798	
773.812	
773.812	
773.826	
773.84	
773.854	
773.854	
773.868	
773.882	
773.882	
773.896	
773.91	
773.924	
773.924	
773.938	
773.952	
773.952	
773.966	
773.98	
773.994	
774.008	
774.008	
774.022	
774.036	
774.036	
774.05	
774.064	
774.064	
774.078	
774.092	
774.106	
774.106	
774.12	
774.134	
774.134	
774.148	
774.162	
774.162	
774.176	
774.19	
774.204	
774.204	
774.218	
774.232	
774.232	
774.246	
774.26	
774.274	
774.274	
774.288	
774.302	
774.302	
774.316	
774.33	
774.344	
774.344	
774.358	
774.372	
774.372	
774.386	
774.4	
774.414	
774.414	
774.428	
774.442	
774.442	
774.456	
774.47	
774.484	
774.484	
774.498	
774.512	
774.512	
774.526	
774.54	
774.554	
774.554	
774.568	
774.582	
774.582	
774.596	
774.61	
774.624	
774.624	
774.638	
774.652	
774.652	
774.666	
774.68	
774.694	
774.694	
774.708	
774.722	
774.722	
774.736	
774.75	
774.764	
774.764	
774.778	
774.792	
774.792	
774.806	
774.82	
774.834	
774.834	
774.848	
774.862	
774.862	
774.876	
774.89	
774.904	
774.904	
774.918	
774.932	
774.932	
774.946	
774.96	
774.974	
774.974	
774.988	
775.002	
775.002	
775.016	
775.03	
775.044	
775.044	
775.058	
775.072	
775.072	
775.086	
775.1	
775.114	
775.114	
775.128	
775.142	
775.142	
775.156	
775.17	
775.184	
775.184	
775.198	
775.212	
775.212	
775.226	
775.24	
775.254	
775.254	
775.268	
775.282	
775.282	
775.296	
775.31	
775.324	
775.324	
775.338	
775.352	
775.352	
775.366	
775.38	
775.394	
775.394	
775.408	
775.422	
775.422	
775.436	
775.45	
775.464	
775.464	
775.478	
775.492	
775.492	
775.506	
775.52	
775.534	
775.534	
775.548	
775.562	
775.562	
775.576	
775.59	
775.604	
775.604	
775.618	
775.632	
775.632	
775.646	
775.66	
775.674	
775.674	
775.688	
775.702	
775.702	
775.716	
775.73	
775.744	
775.744	
775.758	
775.772	
775.772	
775.786	
775.8	
775.814	
775.814	
775.828	
775.842	
775.842	
775.856	
775.87	
775.884	
775.884	
775.898	
775.912	
775.912	
775.926	
775.94	
775.954	
775.954	
775.968	
775.982	
775.982	
775.996	
776.01	
776.024	
776.024	
776.038	
776.052	
776.052	
776.066	
776.08	
776.094	
776.094	
776.108	
776.122	
776.122	
776.136	
776.15	
776.164	
776.164	
776.178	
776.192	
776.192	
776.206	
776.22	
776.234	
776.234	
776.248	
776.262	
776.262	
776.276	
776.29	
776.304	
776.304	
776.318	
776.332	
776.332	
776.346	
776.36	
776.374	
776.374	
776.388	
776.402	
776.402	
776.416	
776.43	
776.444	
776.444	
776.458	
776.472	
776.472	
776.486	
776.5	
776.514	
776.514	
776.528	
776.542	
776.542	
776.556	
776.57	
776.584	
776.584	
776.598	
776.612	
776.612	
776.626	
776.64	
776.654	
776.654	
776.668	
776.682	
776.682	
776.696	
776.71	
776.724	
776.724	
776.738	
776.752	
776.752	
776.766	
776.78	
776.794	
776.794	
776.808	
776.822	
776.822	
776.836	
776.85	
776.864	
776.864	
776.878	
776.892	
776.892	
776.906	
776.92	
776.934	
776.934	
776.948	
776.962	
776.962	
776.976	
776.99	
777.004	
777.004	
777.018	
777.032	
777.032	
777.046	
777.06	
777.074	
777.074	
777.088	
777.102	
777.102	
777.116	
777.13	
777.144	
777.144	
777.158	
777.172	
777.172	
777.186	
777.2	
777.214	
777.214	
777.228	
777.242	
777.242	
777.256	
777.27	
777.284	
777.284	
777.298	
777.312	
777.312	
777.326	
777.34	
777.354	
777.354	
777.368	
777.382	
777.382	
777.396	
777.41	
777.424	
777.424	
777.438	
777.452	
777.452	
777.466	
777.48	
777.494	
777.494	
777.508	
777.522	
777.522	
777.536	
777.55	
777.564	
777.564	
777.578	
777.592	
777.592	
777.606	
777.62	
777.634	
777.634	
777.648	
777.662	
777.662	
777.676	
777.69	
777.704	
777.704	
777.718	
777.732	
777.732	
777.746	
777.76	
777.774	
777.774	
777.788	
777.802	
777.802	
777.816	
777.83	
777.844	
777.844	
777.858	
777.872	
777.872	
777.886	
777.9	
777.914	
777.914	
777.928	
777.942	
777.942	
777.956	
777.97	
777.984	
777.984	
777.998	
778.012	
778.012	
778.026	
778.04	
778.054	
778.054	
778.068	
778.082	
778.082	
778.096	
778.11	
778.124	
778.124	
778.138	
778.152	
778.152	
778.166	
778.18	
778.194	
778.194	
778.208	
778.222	
778.222	
778.236	
778.25	
778.264	
778.264	
778.278	
778.292	
778.292	
778.306	
778.32	
778.334	
778.334	
778.348	
778.362	
778.362	
778.376	
778.39	
778.404	
778.404	
778.418	
778.432	
778.432	
778.446	
778.46	
778.474	
778.474	
778.488	
778.502	
778.502	
778.516	
778.53	
778.544	
778.544	
778.558	
778.572	
778.572	
778.586	
778.6	
778.614	
778.614	
778.628	
778.642	
778.642	
778.656	
778.67	
778.684	
778.684	
778.698	
778.712	
778.712	
778.726	
778.74	
778.754	
778.754	
778.768	
778.782	
778.782	
778.796	
778.81	
778.824	
778.824	
778.838	
778.852	
778.852	
778.866	
778.88	
778.894	
778.894	
778.908	
778.922	
778.922	
778.936	
778.95	
778.964	
778.964	
778.978	
778.992	
778.992	
779.006	
779.02	
779.034	
779.034	
779.048	
779.062	
779.062	
779.076	
779.09	
779.104	
779.104	
779.118	
779.132	
779.132	
779.146	
779.16	
779.174	
779.174	
779.188	
779.202	
779.202	
779.216	
779.23	
779.244	
779.244	
779.258	
779.272	
779.272	
779.286	
779.3	
779.314	
779.314	
779.328	
779.342	
779.342	
779.356	
779.37	
779.384	
779.384	
779.398	
779.412	
779.412	
779.426	
779.44	
779.454	
779.454	
779.468	
779.482	
779.482	
779.496	
779.51	
779.524	
779.524	
779.538	
779.552	
779.552	
779.566	
779.58	
779.594	
779.594	
779.608	
779.622	
779.622	
779.636	
779.65	
779.664	
779.664	
779.678	
779.692	
779.692	
779.706	
779.72	
779.734	
779.734	
779.748	
779.762	
779.762	
779.776	
779.79	
779.804	
779.804	
779.818	
779.832	
779.832	
779.846	
779.86	
779.874	
779.874	
779.888	
779.902	
779.902	
779.916	
779.93	
779.944	
779.944	
779.958	
779.972	
779.972	
779.986	
780	
780.014	
780.014	
780.028	
780.042	
780.042	
780.056	
780.07	
780.084	
780.084	
780.098	
780.112	
780.112	
780.126	
780.14	
780.154	
780.154	
780.168	
780.182	
780.182	
780.196	
780.21	
780.224	
780.224	
780.238	
780.252	
780.252	
780.266	
780.28	
780.294	
780.294	
780.308	
780.322	
780.322	
780.336	
780.35	
780.364	
780.364	
780.378	
780.392	
780.392	
780.406	
780.42	
780.434	
780.434	
780.448	
780.462	
780.462	
780.476	
780.49	
780.504	
780.504	
780.518	
780.532	
780.532	
780.546	
780.56	
780.574	
780.574	
780.588	
780.602	
780.602	
780.616	
780.63	
780.644	
780.644	
780.658	
780.672	
780.672	
780.686	
780.7	
780.714	
780.714	
780.728	
780.742	
780.742	
780.756	
780.77	
780.784	
780.784	
780.798	
780.812	
780.812	
780.826	
780.84	
780.854	
780.854	
780.868	
780.882	
780.882	
780.896	
780.91	
780.924	
780.924	
780.938	
780.952	
780.952	
780.966	
780.98	
780.994	
780.994	
781.008	
781.022	
781.022	
781.036	
781.05	
781.064	
781.064	
781.078	
781.092	
781.092	
781.106	
781.12	
781.134	
781.134	
781.148	
781.162	
781.162	
781.176	
781.19	
781.204	
781.204	
781.218	
781.232	
781.232	
781.246	
781.26	
781.274	
781.274	
781.288	
781.302	
781.302	
781.316	
781.33	
781.344	
781.344	
781.358	
781.372	
781.372	
781.386	
781.4	
781.414	
781.414	
781.428	
781.442	
781.442	
781.456	
781.47	
781.484	
781.484	
781.498	
781.512	
781.512	
781.526	
781.54	
781.554	
781.554	
781.568	
781.582	
781.582	
781.596	
781.61	
781.624	
781.624	
781.638	
781.652	
781.652	
781.666	
781.68	
781.694	
781.694	
781.708	
781.722	
781.722	
781.736	
781.75	
781.764	
781.764	
781.778	
781.792	
781.792	
781.806	
781.82	
781.834	
781.834	
781.848	
781.862	
781.862	
781.876	
781.89	
781.904	
781.904	
781.918	
781.932	
781.932	
781.946	
781.96	
781.974	
781.974	
781.988	
782.002	
782.002	
782.016	
782.03	
782.044	
782.044	
782.058	
782.072	
782.072	
782.086	
782.1	
782.114	
782.114	
782.128	
782.142	
782.142	
782.156	
782.17	
782.184	
782.184	
782.198	
782.212	
782.212	
782.226	
782.24	
782.254	
782.254	
782.268	
782.282	
782.282	
782.296	
782.31	
782.324	
782.324	
782.338	
782.352	
782.352	
782.366	
782.38	
782.394	
782.394	
782.408	
782.422	
782.422	
782.436	
782.45	
782.464	
782.464	
782.478	
782.492	
782.492	
782.506	
782.52	
782.534	
782.534	
782.548	
782.562	
782.562	
782.576	
782.59	
782.604	
782.604	
782.618	
782.632	
782.632	
782.646	
782.66	
782.674	
782.674	
782.688	
782.702	
782.702	
782.716	
782.73	
782.744	
782.744	
782.758	
782.772	
782.772	
782.786	
782.8	
782.814	
782.814	
782.828	
782.842	
782.842	
782.856	
782.87	
782.884	
782.884	
782.898	
782.912	
782.912	
782.926	
782.94	
782.954	
782.954	
782.968	
782.982	
782.982	
782.996	
783.01	
783.024	
783.024	
783.038	
783.052	
783.052	
783.066	
783.08	
783.094	
783.094	
783.108	
783.122	
783.122	
783.136	
783.15	
783.164	
783.164	
783.178	
783.192	
783.192	
783.206	
783.22	
783.234	
783.234	
783.248	
783.262	
783.262	
783.276	
783.29	
783.304	
783.304	
783.318	
783.332	
783.332	
783.346	
783.36	
783.374	
783.374	
783.388	
783.402	
783.402	
783.416	
783.43	
783.444	
783.444	
783.458	
783.472	
783.472	
783.486	
783.5	
783.514	
783.514	
783.528	
783.542	
783.542	
783.556	
783.57	
783.584	
783.584	
783.598	
783.612	
783.612	
783.626	
783.64	
783.654	
783.654	
783.668	
783.682	
783.682	
783.696	
783.71	
783.724	
783.724	
783.738	
783.752	
783.752	
783.766	
783.78	
783.794	
783.794	
783.808	
783.822	
783.822	
783.836	
783.85	
783.864	
783.864	
783.878	
783.892	
783.892	
783.906	
783.92	
783.934	
783.934	
783.948	
783.962	
783.962	
783.976	
783.99	
784.004	
784.004	
784.018	
784.032	
784.032	
784.046	
784.06	
784.074	
784.074	
784.088	
784.102	
784.102	
784.116	
784.13	
784.144	
784.144	
784.158	
784.172	
784.172	
784.186	
784.2	
784.214	
784.214	
784.228	
784.242	
784.242	
784.256	
784.27	
784.284	
784.284	
784.298	
784.312	
784.312	
784.326	
784.34	
784.354	
784.354	
784.368	
784.382	
784.382	
784.396	
784.41	
784.424	
784.424	
784.438	
784.452	
784.452	
784.466	
784.48	
784.494	
784.494	
784.508	
784.522	
784.522	
784.536	
784.55	
784.564	
784.564	
784.578	
784.592	
784.592	
784.606	
784.62	
784.634	
784.634	
784.648	
784.662	
784.662	
784.676	
784.69	
784.704	
784.704	
784.718	
784.732	
784.732	
784.746	
784.76	
784.774	
784.774	
784.788	
784.802	
784.802	
784.816	
784.83	
784.844	
784.844	
784.858	
784.872	
784.872	
784.886	
784.9	
784.914	
784.914	
784.928	
784.942	
784.942	
784.956	
784.97	
784.984	
784.984	
784.998	
785.012	
785.012	
785.026	
785.04	
785.054	
785.054	
785.068	
785.082	
785.082	
785.096	
785.11	
785.124	
785.124	
785.138	
785.152	
785.152	
785.166	
785.18	
785.194	
785.194	
785.208	
785.222	
785.222	
785.236	
785.25	
785.264	
785.264	
785.278	
785.292	
785.292	
785.306	
785.32	
785.334	
785.334	
785.348	
785.362	
785.362	
785.376	
785.39	
785.404	
785.404	
785.418	
785.432	
785.432	
785.446	
785.46	
785.474	
785.474	
785.488	
785.502	
785.502	
785.516	
785.53	
785.544	
785.544	
785.558	
785.572	
785.572	
785.586	
785.6	
785.614	
785.614	
785.628	
785.642	
785.642	
785.656	
785.67	
785.684	
785.684	
785.698	
785.712	
785.712	
785.726	
785.74	
785.754	
785.754	
785.768	
785.782	
785.782	
785.796	
785.81	
785.824	
785.824	
785.838	
785.852	
785.852	
785.866	
785.88	
785.894	
785.894	
785.908	
785.922	
785.922	
785.936	
785.95	
