time	joint_joint0	joint_joint1	joint_joint2	joint_joint3	joint_joint4	joint_joint5	joint_joint6	cart_pos_x	cart_pos_y	cart_pos_z	cart_quat_x	cart_quat_y	cart_quat_z	cart_quat_w	force_joint_joint0	force_joint_joint1	force_joint_joint2	force_joint_joint3	force_joint_joint4	force_joint_joint5	force_joint_joint6	cart_force_x	cart_force_y	cart_force_z	cart_trq_x	cart_trq_y	cart_trq_z	
1486249381044	-2.24828	1.63744	-2.17347	1.88316	2.30089	-1.65963	-0.958024	-0.113167	0.717784	0.330897	-0.0066988	-0.933599	0.00890238	-0.358147	1.73378	-2.64862	1.88847	-0.5488	0.279741	1.08386	-0.388727	2.62309	-3.67858	8.44045	0.785085	-0.95536	-0.590829	
1486249381054	-2.24828	1.63744	-2.17347	1.88316	2.30089	-1.65963	-0.958024	-0.113167	0.717784	0.330897	-0.0066988	-0.933599	0.00890238	-0.358147	1.73378	-2.64862	1.88847	-0.5488	0.279741	1.08386	-0.388727	2.62309	-3.67858	8.44045	0.785085	-0.95536	-0.590829	
1486249381929	-2.24972	1.63759	-2.17349	1.88304	2.30183	-1.66019	-0.958024	-0.113658	0.717917	0.330323	-0.00626437	-0.934005	0.00882909	-0.357095	3.26231	-3.43809	2.7891	-0.724149	-0.134715	2.25459	-0.385318	1.96614	-6.08432	12.7844	1.67498	-1.26394	-0.51372	
1486249386250	-2.25176	1.63894	-2.17522	1.88317	2.30279	-1.6613	-0.95803	-0.115048	0.718714	0.330076	-0.00516934	-0.934544	0.00800984	-0.355721	4.2363	-4.39695	3.58942	-1.13671	-0.595006	2.63288	-0.373222	1.52205	-7.76506	15.7639	2.16632	-1.05811	-0.531152	
1486249386258	-2.25176	1.63894	-2.17522	1.88317	2.30279	-1.6613	-0.95803	-0.115048	0.718714	0.330076	-0.00516934	-0.934544	0.00800984	-0.355721	4.2363	-4.39695	3.58942	-1.13671	-0.595006	2.63288	-0.373222	1.52205	-7.76506	15.7639	2.16632	-1.05811	-0.531152	
1486249387379	-2.25175	1.63894	-2.17522	1.88317	2.30279	-1.6613	-0.95803	-0.115048	0.718714	0.330075	-0.0051676	-0.934545	0.00800736	-0.355718	4.20579	-4.33725	3.57258	-1.12771	-0.585776	2.6225	-0.37121	1.48381	-7.73458	15.6589	2.14152	-1.05992	-0.520938	
1486249387407	-2.25175	1.63894	-2.17522	1.88317	2.30279	-1.6613	-0.95803	-0.115048	0.718714	0.330075	-0.0051676	-0.934545	0.00800736	-0.355718	4.20183	-4.33586	3.56966	-1.13011	-0.587212	2.62238	-0.37056	1.47461	-7.72397	15.6545	2.14239	-1.05816	-0.519879	
1486249387677	-2.25175	1.63894	-2.17522	1.88317	2.3028	-1.6613	-0.95803	-0.115048	0.718714	0.330075	-0.00516725	-0.934545	0.00800666	-0.355718	4.19399	-4.3523	3.57298	-1.12894	-0.587576	2.61879	-0.369862	1.51006	-7.6993	15.6622	2.14491	-1.05784	-0.521262	
1486249387708	-2.25175	1.63894	-2.17522	1.88317	2.3028	-1.6613	-0.95803	-0.115048	0.718714	0.330075	-0.00516725	-0.934545	0.00800666	-0.355718	4.19021	-4.34092	3.56311	-1.13012	-0.584083	2.61968	-0.370465	1.48951	-7.69406	15.6456	2.14307	-1.05979	-0.521257	
