time	
1427.91	
1427.91	
1427.92	
1427.93	
1427.93	
1427.95	
1427.96	
1427.98	
1427.98	
1427.99	
1428	
1428	
1428.02	
1428.03	
1428.05	
1428.05	
1428.06	
1428.07	
1428.07	
1428.09	
1428.1	
1428.12	
1428.12	
1428.13	
1428.14	
1428.14	
1428.16	
1428.17	
1428.19	
1428.19	
1428.2	
1428.21	
1428.21	
1428.23	
1428.24	
1428.26	
1428.26	
1428.27	
1428.28	
1428.28	
1428.3	
1428.31	
1428.33	
1428.33	
1428.34	
1428.35	
1428.35	
1428.37	
1428.38	
1428.4	
1428.4	
1428.41	
1428.42	
1428.42	
1428.44	
1428.45	
1428.47	
1428.47	
1428.48	
1428.49	
1428.49	
1428.51	
1428.52	
1428.54	
1428.54	
1428.55	
1428.56	
1428.56	
1428.58	
1428.59	
1428.61	
1428.61	
1428.62	
1428.63	
1428.63	
1428.65	
1428.66	
1428.68	
1428.68	
1428.69	
1428.7	
1428.7	
1428.72	
1428.73	
1428.75	
1428.75	
1428.76	
1428.77	
1428.77	
1428.79	
1428.8	
1428.82	
1428.82	
1428.83	
1428.84	
1428.84	
1428.86	
1428.87	
1428.89	
1428.89	
1428.9	
1428.91	
1428.91	
1428.93	
1428.94	
1428.96	
1428.96	
1428.97	
1428.98	
1428.98	
1429	
1429.01	
1429.03	
1429.03	
1429.04	
1429.05	
1429.05	
1429.07	
1429.08	
1429.1	
1429.1	
1429.11	
1429.12	
1429.12	
1429.14	
1429.15	
1429.17	
1429.17	
1429.18	
1429.19	
1429.19	
1429.21	
1429.22	
1429.24	
1429.24	
1429.25	
1429.26	
1429.26	
1429.28	
1429.29	
1429.31	
1429.31	
1429.32	
1429.33	
1429.33	
1429.35	
1429.36	
1429.38	
1429.38	
1429.39	
1429.4	
1429.4	
1429.42	
1429.43	
1429.45	
1429.45	
1429.46	
1429.47	
1429.47	
1429.49	
1429.5	
1429.52	
1429.52	
1429.53	
1429.54	
1429.54	
1429.56	
1429.57	
1429.59	
1429.59	
1429.6	
1429.61	
1429.61	
1429.63	
1429.64	
1429.66	
1429.66	
1429.67	
1429.68	
1429.68	
1429.7	
1429.71	
1429.73	
1429.73	
1429.74	
1429.75	
1429.75	
1429.77	
1429.78	
1429.8	
1429.8	
1429.81	
1429.82	
1429.82	
1429.84	
1429.85	
1429.87	
1429.87	
1429.88	
1429.89	
1429.89	
1429.91	
1429.92	
1429.94	
1429.94	
1429.95	
1429.96	
1429.96	
1429.98	
1429.99	
1430.01	
1430.01	
1430.02	
1430.03	
1430.03	
1430.05	
1430.06	
1430.08	
1430.08	
1430.09	
1430.1	
1430.1	
1430.12	
1430.13	
1430.15	
1430.15	
1430.16	
1430.17	
1430.17	
1430.19	
1430.2	
1430.22	
1430.22	
1430.23	
1430.24	
1430.24	
1430.26	
1430.27	
1430.29	
1430.29	
1430.3	
1430.31	
1430.33	
1430.33	
1430.34	
1430.36	
1430.36	
1430.37	
1430.38	
1430.38	
1430.4	
1430.41	
1430.43	
1430.43	
1430.44	
1430.45	
1430.45	
1430.47	
1430.48	
1430.5	
1430.5	
1430.51	
1430.52	
1430.52	
1430.54	
1430.55	
1430.57	
1430.57	
1430.58	
1430.59	
1430.59	
1430.61	
1430.62	
1430.64	
1430.64	
1430.65	
1430.66	
1430.66	
1430.68	
1430.69	
1430.71	
1430.71	
1430.72	
1430.73	
1430.73	
1430.75	
1430.76	
1430.78	
1430.78	
1430.79	
1430.8	
1430.8	
1430.82	
1430.83	
1430.85	
1430.85	
1430.86	
1430.87	
1430.87	
1430.89	
1430.9	
1430.92	
1430.92	
1430.93	
1430.94	
1430.94	
1430.96	
1430.97	
1430.99	
1430.99	
1431	
1431.01	
1431.01	
1431.03	
1431.04	
1431.06	
1431.06	
1431.07	
1431.08	
1431.08	
1431.1	
1431.11	
1431.13	
1431.13	
1431.14	
1431.15	
1431.15	
1431.17	
1431.18	
1431.2	
1431.2	
1431.21	
1431.22	
1431.22	
1431.24	
1431.25	
1431.27	
1431.27	
1431.28	
1431.29	
1431.29	
1431.31	
1431.31	
1431.34	
1431.34	
1431.35	
1431.36	
1431.36	
1431.38	
1431.39	
1431.41	
1431.41	
1431.42	
1431.43	
1431.43	
1431.45	
1431.46	
1431.48	
1431.48	
1431.49	
1431.5	
1431.5	
1431.52	
1431.53	
1431.55	
1431.55	
1431.56	
1431.57	
1431.57	
1431.59	
1431.6	
1431.62	
1431.62	
1431.63	
1431.64	
1431.64	
1431.66	
1431.67	
1431.69	
1431.69	
1431.7	
1431.71	
1431.71	
1431.73	
1431.74	
1431.76	
1431.76	
1431.77	
1431.78	
1431.78	
1431.8	
1431.81	
1431.83	
1431.83	
1431.84	
1431.85	
1431.85	
1431.87	
1431.88	
1431.9	
1431.9	
1431.91	
1431.92	
1431.92	
1431.94	
1431.95	
1431.97	
1431.97	
1431.98	
1431.99	
1431.99	
1432.01	
1432.02	
1432.04	
1432.04	
1432.05	
1432.06	
1432.06	
1432.08	
1432.09	
1432.11	
1432.11	
1432.12	
1432.13	
1432.13	
1432.15	
1432.16	
1432.18	
1432.18	
1432.19	
1432.2	
1432.2	
1432.22	
1432.23	
1432.25	
1432.25	
1432.26	
1432.27	
1432.27	
1432.29	
1432.3	
1432.32	
1432.32	
1432.33	
1432.34	
1432.34	
1432.36	
1432.37	
1432.39	
1432.39	
1432.4	
1432.41	
1432.41	
1432.43	
1432.44	
1432.46	
1432.46	
1432.47	
1432.48	
1432.48	
1432.5	
1432.51	
1432.53	
1432.53	
1432.54	
1432.55	
1432.55	
1432.57	
1432.58	
1432.6	
1432.6	
1432.61	
1432.62	
1432.62	
1432.64	
1432.65	
1432.67	
1432.67	
1432.68	
1432.69	
1432.69	
1432.71	
1432.72	
1432.74	
1432.74	
1432.75	
1432.76	
1432.76	
1432.78	
1432.79	
1432.81	
1432.81	
1432.82	
1432.83	
1432.83	
1432.85	
1432.86	
1432.88	
1432.88	
1432.89	
1432.9	
1432.9	
1432.92	
1432.93	
1432.95	
1432.95	
1432.96	
1432.97	
1432.97	
1432.99	
1433	
1433.02	
1433.02	
1433.03	
1433.04	
1433.04	
1433.06	
1433.07	
1433.09	
1433.09	
1433.1	
1433.11	
1433.11	
1433.13	
1433.14	
1433.14	
1433.16	
1433.17	
1433.18	
1433.18	
1433.2	
1433.21	
1433.23	
1433.23	
1433.24	
1433.25	
1433.25	
1433.27	
1433.28	
1433.3	
1433.3	
1433.31	
1433.31	
1433.33	
1433.34	
1433.35	
1433.37	
1433.37	
1433.38	
1433.39	
1433.39	
1433.41	
1433.42	
1433.44	
1433.44	
1433.45	
1433.46	
1433.46	
