time	joint_joint0	joint_joint1	joint_joint2	joint_joint3	joint_joint4	joint_joint5	joint_joint6	cart_pos_x	cart_pos_y	cart_pos_z	cart_quat_x	cart_quat_y	cart_quat_z	cart_quat_w	force_joint_joint0	force_joint_joint1	force_joint_joint2	force_joint_joint3	force_joint_joint4	force_joint_joint5	force_joint_joint6	cart_force_x	cart_force_y	cart_force_z	cart_trq_x	cart_trq_y	cart_trq_z	
1486254715991	-2.11224	1.63576	-2.13773	1.75949	2.37968	-1.65875	-0.957783	-0.0596064	0.732914	0.337037	-0.00692511	-0.935103	0.0133924	-0.354056	0.249017	-0.820262	0.49734	0.738329	0.278332	0.131878	-0.327272	3.92565	-0.394171	0.410128	0.0386574	-0.551898	-0.396974	
1486254716178	-2.11225	1.63421	-2.1374	1.76067	2.38062	-1.65814	-0.957785	-0.0593456	0.732312	0.336944	-0.00704023	-0.934951	0.0132608	-0.35446	0.432595	-1.38634	0.808876	0.839187	0.255347	0.151319	-0.338951	5.06671	-0.615844	1.10374	0.140324	-0.602963	-0.467841	
1486254716198	-2.11225	1.63421	-2.1374	1.76067	2.38062	-1.65812	-0.957785	-0.0593386	0.732304	0.336942	-0.00704608	-0.934948	0.0132641	-0.354465	0.443455	-1.42923	0.830865	0.840371	0.244944	0.148087	-0.339587	5.13218	-0.626706	1.14608	0.148209	-0.595863	-0.472009	
1486254716248	-2.11225	1.63422	-2.1374	1.76068	2.38062	-1.6581	-0.957785	-0.0593373	0.732306	0.336948	-0.00704339	-0.934943	0.0132456	-0.354482	0.464752	-1.43265	0.833494	0.834604	0.239349	0.147378	-0.340176	5.10224	-0.673648	1.15913	0.149564	-0.587718	-0.47415	
1486254716348	-2.11225	1.63422	-2.1374	1.76068	2.38062	-1.6581	-0.957785	-0.0593372	0.732305	0.33695	-0.00704563	-0.934942	0.0132452	-0.354483	0.48374	-1.4559	0.8397	0.831856	0.227618	0.146262	-0.340435	5.10794	-0.700736	1.17972	0.158129	-0.576279	-0.477582	
1486254716868	-2.11225	1.63422	-2.13739	1.7607	2.38062	-1.6581	-0.957785	-0.0593357	0.732299	0.336956	-0.00705474	-0.934941	0.0132396	-0.354486	0.494352	-1.45314	0.816382	0.832373	0.229397	0.143154	-0.33867	5.07822	-0.706157	1.15086	0.162902	-0.570825	-0.481673	
1486254717128	-2.11225	1.63422	-2.13738	1.76071	2.38062	-1.6581	-0.957785	-0.0593351	0.732296	0.336959	-0.00705895	-0.934941	0.0132363	-0.354486	0.489538	-1.46366	0.817638	0.822087	0.225515	0.144956	-0.33959	5.06755	-0.696849	1.17563	0.167347	-0.567792	-0.482564	
1486254717228	-2.11225	1.63422	-2.13738	1.76071	2.38062	-1.6581	-0.957785	-0.0593341	0.732295	0.336958	-0.0070604	-0.934941	0.013237	-0.354487	0.48361	-1.46553	0.817469	0.813679	0.227757	0.142788	-0.339183	5.05424	-0.691974	1.18787	0.165394	-0.567125	-0.482657	
1486254717298	-2.11225	1.63422	-2.13738	1.76071	2.38062	-1.6581	-0.957785	-0.059334	0.732294	0.336958	-0.00706069	-0.934941	0.0132367	-0.354485	0.487914	-1.46562	0.820132	0.816338	0.226434	0.1439	-0.340556	5.06047	-0.701284	1.18743	0.165522	-0.567361	-0.483441	
1486254717678	-2.11225	1.63422	-2.13737	1.76073	2.38062	-1.6581	-0.957785	-0.0593324	0.73229	0.336962	-0.0070668	-0.93494	0.0132339	-0.354488	0.451021	-1.46745	0.808224	0.80797	0.226485	0.138691	-0.34138	5.06554	-0.623919	1.16927	0.165563	-0.565323	-0.483113	
1486254717728	-2.11225	1.63422	-2.13737	1.76073	2.38062	-1.6581	-0.957785	-0.0593316	0.732289	0.336962	-0.00706817	-0.93494	0.0132336	-0.354488	0.44892	-1.47602	0.806489	0.803767	0.228438	0.1399	-0.340606	5.06629	-0.616113	1.18601	0.168877	-0.566779	-0.484245	
1486254717781	-2.11225	1.63422	-2.13737	1.76073	2.38062	-1.6581	-0.957785	-0.0593319	0.732289	0.336962	-0.00706867	-0.93494	0.0132321	-0.354488	0.470712	-1.432	0.79662	0.815806	0.232517	0.143435	-0.341205	5.01395	-0.671063	1.13541	0.159799	-0.569813	-0.481302	
1486254717832	-2.11225	1.63422	-2.13737	1.76073	2.38062	-1.6581	-0.957785	-0.0593316	0.732288	0.336963	-0.0070698	-0.93494	0.0132325	-0.354489	0.479783	-1.46223	0.806881	0.813119	0.229849	0.142007	-0.339942	5.0459	-0.680611	1.17373	0.166295	-0.567086	-0.484623	
1486254717872	-2.11225	1.63422	-2.13737	1.76073	2.38062	-1.6581	-0.957785	-0.0593316	0.732288	0.336963	-0.00707006	-0.93494	0.0132321	-0.354489	0.460282	-1.45422	0.799991	0.810397	0.232579	0.141632	-0.340475	5.0414	-0.643554	1.16078	0.164334	-0.569715	-0.483175	
1486254717910	-2.11225	1.63422	-2.13737	1.76073	2.38062	-1.6581	-0.957785	-0.0593314	0.732288	0.336963	-0.00707059	-0.93494	0.0132311	-0.354488	0.460282	-1.45422	0.799991	0.810397	0.232579	0.141632	-0.340475	5.0414	-0.643554	1.16078	0.164334	-0.569715	-0.483175	
1486254719079	-2.11433	1.63438	-2.13738	1.76169	2.38119	-1.65854	-0.957785	-0.0600932	0.732281	0.336405	-0.00677244	-0.935297	0.0129436	-0.353563	1.333	-2.29329	1.55077	0.414772	0.00182905	0.796516	-0.300509	4.47862	-2.34555	4.64797	0.675115	-0.723609	-0.427834	
1486254720268	-2.11434	1.63437	-2.13738	1.76166	2.38119	-1.65854	-0.957785	-0.0600914	0.732283	0.336387	-0.00676412	-0.935301	0.0129614	-0.353552	1.41093	-2.06208	1.35334	0.631024	0.00655688	0.797438	-0.269682	4.48273	-2.27523	3.92672	0.688191	-0.726864	-0.404368	
1486254720318	-2.11434	1.63437	-2.13738	1.76166	2.38119	-1.65854	-0.957785	-0.0600914	0.732283	0.336387	-0.00676412	-0.935301	0.0129614	-0.353552	1.39669	-2.08546	1.35352	0.614791	0.00608398	0.795911	-0.270795	4.48516	-2.24687	3.96541	0.69326	-0.724452	-0.407981	
1486254720798	-2.11434	1.63437	-2.13738	1.76166	2.38119	-1.65854	-0.957785	-0.0600911	0.732284	0.336385	-0.00676258	-0.935301	0.0129636	-0.35355	1.38137	-2.0896	1.35517	0.6046	0.0111796	0.797693	-0.271131	4.48104	-2.2244	3.9925	0.692551	-0.729646	-0.407658	
1486254721078	-2.11434	1.63437	-2.13738	1.76166	2.38119	-1.65854	-0.957785	-0.060091	0.732285	0.336384	-0.00676204	-0.935302	0.0129644	-0.353549	1.37523	-2.09234	1.35833	0.604841	0.0119146	0.79479	-0.270758	4.49448	-2.21393	3.99146	0.690357	-0.729718	-0.407158	
1486254721471	-2.11434	1.63437	-2.13738	1.76165	2.38119	-1.65854	-0.957785	-0.0600908	0.732285	0.336383	-0.0067614	-0.935302	0.0129653	-0.353548	1.38021	-2.05771	1.34277	0.606858	0.0114584	0.798858	-0.270432	4.43282	-2.22708	3.95146	0.68749	-0.728695	-0.403249	
1486254721628	-2.11434	1.63437	-2.13738	1.76165	2.38119	-1.65854	-0.957785	-0.0600906	0.732285	0.336382	-0.00676104	-0.935302	0.0129663	-0.353548	1.37535	-2.0693	1.35061	0.607542	0.00949245	0.797469	-0.269974	4.45961	-2.21494	3.96262	0.688518	-0.728369	-0.40286	
1486254721650	-2.11434	1.63437	-2.13738	1.76165	2.38119	-1.65854	-0.957785	-0.0600906	0.732285	0.336382	-0.00676023	-0.935302	0.0129666	-0.353548	1.3987	-2.08067	1.36065	0.610195	0.00800624	0.798437	-0.271235	4.47094	-2.26353	3.98424	0.689978	-0.727324	-0.40646	
1486254721698	-2.11434	1.63437	-2.13738	1.76165	2.38119	-1.65854	-0.957787	-0.0600906	0.732285	0.336382	-0.00676104	-0.935302	0.0129663	-0.353548	1.38426	-2.0817	1.3577	0.609599	0.0110477	0.798468	-0.271164	4.48281	-2.2326	3.98248	0.690093	-0.730958	-0.406018	
1486254721762	-2.11434	1.63437	-2.13738	1.76165	2.38119	-1.65854	-0.957785	-0.0600906	0.732285	0.336382	-0.00676104	-0.935302	0.0129663	-0.353548	1.34892	-2.08058	1.35017	0.599812	0.0184242	0.796154	-0.270978	4.48493	-2.16653	3.98387	0.687321	-0.736448	-0.404664	
1486254721878	-2.11434	1.63437	-2.13738	1.76165	2.38119	-1.65854	-0.957787	-0.0600907	0.732286	0.336382	-0.00676078	-0.935302	0.0129662	-0.353548	1.35661	-2.10077	1.35698	0.60526	0.0159147	0.795511	-0.27083	4.52482	-2.17085	3.99711	0.692378	-0.735653	-0.407479	
1486254724149	-2.11434	1.63437	-2.13738	1.76164	2.38119	-1.65854	-0.957787	-0.06009	0.732287	0.336378	-0.00675752	-0.935303	0.0129705	-0.353545	1.31908	-2.0956	1.35434	0.591995	0.00938062	0.790606	-0.272892	4.51147	-2.10453	3.98391	0.68898	-0.729074	-0.403958	
