time	joint_joint0	joint_joint1	joint_joint2	joint_joint3	joint_joint4	joint_joint5	joint_joint6	cart_pos_x	cart_pos_y	cart_pos_z	cart_quat_x	cart_quat_y	cart_quat_z	cart_quat_w	force_joint_joint0	force_joint_joint1	force_joint_joint2	force_joint_joint3	force_joint_joint4	force_joint_joint5	force_joint_joint6	cart_force_x	cart_force_y	cart_force_z	cart_trq_x	cart_trq_y	cart_trq_z	
1486227304183	-2.11246	1.63487	-2.13741	1.76092	2.38094	-1.6582	-0.957678	-0.0595368	0.732468	0.337111	-0.00707625	-0.935033	0.0127617	-0.354259	0.84807	-1.88821	0.961284	0.806429	0.191234	0.402469	-0.39162	5.35813	-1.23642	2.24671	0.41701	-0.687254	-0.573483	
1486227304525	-2.11601	1.63521	-2.13757	1.76182	2.38135	-1.6593	-0.957681	-0.0608428	0.732579	0.335943	-0.00647735	-0.935696	0.012784	-0.352515	2.18185	-2.89086	2.00073	0.347227	-0.0936543	1.51185	-0.319418	4.40565	-3.76915	7.28001	1.20221	-1.05056	-0.444644	
1486227304842	-2.11692	1.63631	-2.13772	1.76197	2.3814	-1.65982	-0.957684	-0.0613737	0.732903	0.335918	-0.0063316	-0.935943	0.012401	-0.351877	2.74684	-2.91557	2.19461	0.200414	-0.157633	1.93912	-0.269968	3.4131	-4.87722	8.71931	1.45049	-1.18626	-0.362587	
1486227305186	-2.11765	1.63644	-2.13832	1.76234	2.38169	-1.66021	-0.957688	-0.0618325	0.733069	0.335803	-0.00598923	-0.936064	0.0122188	-0.351567	3.12861	-3.40543	2.48569	0.0446235	-0.283065	2.15016	-0.283567	3.41597	-5.57483	10.0791	1.67819	-1.19168	-0.400214	
1486227305211	-2.1177	1.63646	-2.13839	1.76237	2.38172	-1.66023	-0.95769	-0.0618514	0.733079	0.335804	-0.00597125	-0.936066	0.0122052	-0.351563	3.16327	-3.45195	2.51777	0.0251239	-0.300247	2.16719	-0.285183	3.40634	-5.64356	10.2086	1.69789	-1.18612	-0.402567	
1486227305305	-2.11782	1.63651	-2.13854	1.76247	2.38179	-1.66035	-0.95769	-0.0619717	0.733129	0.335809	-0.00588881	-0.936093	0.0121404	-0.351493	3.25183	-3.56065	2.59254	-0.0181162	-0.331987	2.21115	-0.290737	3.39039	-5.82397	10.5253	1.74344	-1.18197	-0.411457	
1486227305831	-2.11961	1.63812	-2.13996	1.76369	2.382	-1.66234	-0.957695	-0.0633355	0.7337	0.335969	-0.00540075	-0.936521	0.0114481	-0.350384	4.10938	-4.34176	3.22595	-0.578919	-0.442616	2.95147	-0.297067	2.33746	-7.67299	14.374	2.26535	-1.43506	-0.415086	
1486227309501	-2.11982	1.63823	-2.14002	1.76371	2.38213	-1.66244	-0.957727	-0.0634429	0.733756	0.335917	-0.00531093	-0.93658	0.0113876	-0.350227	4.19732	-4.18771	3.03365	-0.272631	-0.534001	2.77221	-0.311153	2.75844	-7.60866	13.0806	2.21276	-1.27663	-0.452585	
1486227310323	-2.11981	1.63823	-2.14002	1.7637	2.38213	-1.66244	-0.957737	-0.0634423	0.733756	0.335917	-0.0053053	-0.936581	0.01139	-0.350227	4.1706	-4.18283	3.02333	-0.255712	-0.534068	2.7676	-0.313552	2.81736	-7.53913	13.0194	2.21176	-1.27926	-0.45312	
