time	
842.552	
842.566	
842.566	
842.58	
842.594	
842.608	
842.608	
842.622	
842.636	
842.636	
842.65	
842.664	
842.678	
842.678	
842.692	
842.706	
842.706	
842.72	
842.734	
842.748	
842.748	
842.762	
842.776	
842.776	
842.79	
842.804	
842.818	
842.818	
842.832	
842.846	
842.846	
842.86	
842.874	
842.888	
842.888	
842.902	
842.916	
842.916	
842.93	
842.944	
842.958	
842.958	
842.972	
842.986	
842.986	
843	
843.014	
843.028	
843.028	
843.042	
843.056	
843.056	
843.07	
843.084	
843.098	
843.098	
843.112	
843.126	
843.126	
843.14	
843.154	
843.168	
843.168	
843.182	
843.196	
843.196	
843.21	
843.224	
843.238	
843.238	
843.252	
843.266	
843.266	
843.28	
843.294	
843.308	
843.308	
843.322	
843.336	
843.336	
843.35	
843.364	
843.378	
843.378	
843.392	
843.406	
843.406	
843.42	
843.434	
843.448	
843.448	
843.462	
843.476	
843.476	
843.49	
843.504	
843.518	
843.518	
843.532	
843.546	
843.546	
843.56	
843.574	
843.588	
843.588	
843.602	
843.616	
843.616	
843.63	
843.644	
843.658	
843.658	
843.672	
843.686	
843.686	
843.7	
843.714	
843.728	
843.728	
843.742	
843.756	
843.756	
843.77	
843.784	
843.798	
843.798	
843.812	
843.826	
843.826	
843.84	
843.854	
843.868	
843.868	
843.882	
843.896	
843.896	
843.91	
843.924	
843.938	
843.938	
843.952	
843.966	
843.966	
843.98	
843.994	
844.008	
844.008	
844.022	
844.036	
844.036	
844.05	
844.064	
844.078	
844.078	
844.092	
844.106	
844.106	
844.12	
844.134	
844.148	
844.148	
844.162	
844.176	
844.176	
844.19	
844.204	
844.218	
844.218	
844.232	
844.246	
844.246	
844.26	
844.274	
844.288	
844.288	
844.302	
844.316	
844.316	
844.33	
844.344	
844.358	
844.358	
844.372	
844.386	
844.386	
844.4	
844.414	
844.428	
844.428	
844.442	
844.456	
844.456	
844.47	
844.484	
844.498	
844.498	
844.512	
844.526	
844.526	
844.54	
844.554	
844.568	
844.568	
844.582	
844.596	
844.596	
844.61	
844.624	
844.638	
844.638	
844.652	
844.666	
844.666	
844.68	
844.694	
844.708	
844.708	
844.722	
844.736	
844.736	
844.75	
844.764	
844.778	
844.778	
844.792	
844.806	
844.806	
844.82	
844.834	
844.848	
844.848	
844.862	
844.876	
844.876	
844.89	
844.904	
844.918	
844.918	
844.932	
844.946	
844.946	
844.96	
844.974	
844.988	
844.988	
845.002	
845.016	
845.016	
845.03	
845.044	
845.058	
845.058	
845.072	
845.086	
845.086	
845.1	
845.114	
845.128	
845.128	
845.142	
845.156	
845.156	
845.17	
845.184	
845.198	
845.198	
845.212	
845.226	
845.226	
845.24	
845.254	
845.268	
845.268	
845.282	
845.296	
845.296	
845.31	
845.324	
845.338	
845.338	
845.352	
845.366	
845.366	
845.38	
845.394	
845.408	
845.408	
845.422	
845.436	
845.436	
845.45	
845.464	
845.478	
845.478	
845.492	
845.506	
845.506	
845.52	
845.534	
845.548	
845.548	
845.562	
845.576	
845.576	
845.59	
845.604	
845.618	
845.618	
845.632	
845.646	
845.646	
845.66	
845.674	
845.688	
845.688	
845.702	
845.716	
845.716	
845.73	
845.744	
845.758	
845.758	
845.772	
845.786	
845.786	
845.8	
845.814	
845.828	
845.828	
845.842	
845.856	
845.856	
845.87	
845.884	
845.898	
845.898	
845.912	
845.926	
845.926	
845.94	
845.954	
845.968	
845.968	
845.982	
845.996	
845.996	
846.01	
846.024	
846.038	
846.038	
846.052	
846.066	
846.066	
846.08	
846.094	
846.108	
846.108	
846.122	
846.136	
846.136	
846.15	
846.164	
846.178	
846.178	
846.192	
846.206	
846.206	
846.22	
846.234	
846.248	
846.248	
846.262	
846.276	
846.276	
846.29	
846.304	
846.318	
846.318	
846.332	
846.346	
846.346	
846.36	
846.374	
846.388	
846.388	
846.402	
846.416	
846.416	
846.43	
846.444	
846.458	
846.458	
846.472	
846.486	
846.486	
846.5	
846.514	
846.528	
846.528	
846.542	
846.556	
846.556	
846.57	
846.584	
846.598	
846.598	
846.612	
846.626	
846.626	
846.64	
846.654	
846.668	
846.668	
846.682	
846.696	
846.696	
846.71	
846.724	
846.738	
846.738	
846.752	
846.766	
846.766	
846.78	
846.794	
846.808	
846.808	
846.822	
846.836	
846.836	
846.85	
846.864	
846.878	
846.878	
846.892	
846.906	
846.906	
846.92	
846.934	
846.948	
846.948	
846.962	
846.976	
846.976	
846.99	
847.004	
847.018	
847.018	
847.032	
847.046	
847.046	
847.06	
847.074	
847.088	
847.088	
847.102	
847.116	
847.116	
847.13	
847.144	
847.158	
847.158	
847.172	
847.186	
847.186	
847.2	
847.214	
847.228	
847.228	
847.242	
847.256	
847.256	
847.27	
847.284	
847.298	
847.298	
847.312	
847.326	
847.326	
847.34	
847.354	
847.368	
847.368	
847.382	
847.396	
847.396	
847.41	
847.424	
847.438	
847.438	
847.452	
847.466	
847.466	
847.48	
847.494	
847.508	
847.508	
847.522	
847.536	
847.536	
847.55	
847.564	
847.578	
847.578	
847.592	
847.606	
847.606	
847.62	
847.634	
847.648	
847.648	
847.662	
847.676	
847.676	
847.69	
847.704	
847.718	
847.718	
847.732	
847.746	
847.746	
847.76	
847.774	
847.788	
847.788	
847.802	
847.816	
847.816	
847.83	
847.844	
847.858	
847.858	
847.872	
847.886	
847.886	
847.9	
847.914	
847.928	
847.928	
847.942	
847.956	
847.956	
847.97	
847.984	
847.998	
847.998	
848.012	
848.026	
848.026	
848.04	
848.054	
848.068	
848.068	
