time	joint_joint0	joint_joint1	joint_joint2	joint_joint3	joint_joint4	joint_joint5	joint_joint6	cart_pos_x	cart_pos_y	cart_pos_z	cart_quat_x	cart_quat_y	cart_quat_z	cart_quat_w	force_joint_joint0	force_joint_joint1	force_joint_joint2	force_joint_joint3	force_joint_joint4	force_joint_joint5	force_joint_joint6	cart_force_x	cart_force_y	cart_force_z	cart_trq_x	cart_trq_y	cart_trq_z	
1486255691350	-2.11234	1.63422	-2.13729	1.76067	2.38068	-1.65815	-0.957792	-0.0593437	0.732287	0.336892	-0.00705846	-0.934981	0.0132584	-0.35438	0.515815	-1.45878	0.787414	0.843731	0.192475	0.171387	-0.343806	5.04305	-0.682963	1.12308	0.204094	-0.555364	-0.483307	
1486255691601	-2.11234	1.63422	-2.13729	1.76068	2.38068	-1.65815	-0.957792	-0.0593419	0.732283	0.336892	-0.00706258	-0.934981	0.013258	-0.35438	0.53287	-1.45694	0.787538	0.836622	0.18772	0.170395	-0.34363	5.00344	-0.722811	1.13106	0.20424	-0.547372	-0.48401	
1486255691660	-2.11234	1.63422	-2.13728	1.76068	2.38068	-1.65816	-0.957792	-0.0593419	0.732282	0.336893	-0.00706389	-0.93498	0.0132568	-0.354381	0.5458	-1.45172	0.786551	0.842014	0.186729	0.171677	-0.344105	4.99845	-0.747158	1.12123	0.204377	-0.546743	-0.484744	
1486255691780	-2.11234	1.63422	-2.13728	1.76069	2.38068	-1.65815	-0.957792	-0.0593407	0.732279	0.336896	-0.00706833	-0.93498	0.0132541	-0.354383	0.543453	-1.43912	0.780331	0.84302	0.188138	0.171519	-0.344061	4.98182	-0.744629	1.10293	0.201894	-0.547092	-0.483554	
1486255691871	-2.11234	1.63422	-2.13728	1.76069	2.38068	-1.65815	-0.957792	-0.0593399	0.732278	0.336897	-0.00706994	-0.93498	0.013254	-0.354382	0.500505	-1.45753	0.781024	0.830798	0.187554	0.165345	-0.342881	5.01175	-0.655748	1.11584	0.202963	-0.545841	-0.481652	
1486255691945	-2.11234	1.63422	-2.13728	1.76069	2.38068	-1.65815	-0.957792	-0.0593393	0.732277	0.336897	-0.00707166	-0.93498	0.0132535	-0.354383	0.515198	-1.47078	0.784255	0.831527	0.18675	0.166245	-0.343539	5.02211	-0.680847	1.13355	0.206929	-0.544904	-0.485411	
1486255692000	-2.11234	1.63422	-2.13727	1.76069	2.38068	-1.65815	-0.957792	-0.0593391	0.732277	0.336897	-0.00707207	-0.93498	0.0132536	-0.354382	0.519053	-1.47328	0.784877	0.829578	0.18632	0.166255	-0.343719	5.01743	-0.689485	1.14003	0.207535	-0.543843	-0.48626	
1486255692200	-2.11234	1.63422	-2.13727	1.7607	2.38068	-1.65815	-0.957792	-0.0593372	0.732274	0.336898	-0.00707637	-0.93498	0.013253	-0.354382	0.518649	-1.45488	0.77935	0.822764	0.190099	0.16586	-0.345224	4.97439	-0.704721	1.13232	0.201117	-0.544183	-0.485915	
1486255693313	-2.11434	1.63431	-2.13728	1.76163	2.38118	-1.65857	-0.957792	-0.0600562	0.732245	0.336343	-0.00679763	-0.935314	0.0130249	-0.353515	1.52817	-2.42603	1.6499	0.381044	-0.0485011	1.03119	-0.311624	4.3608	-2.63586	5.37922	0.847397	-0.816136	-0.421302	
1486255693383	-2.11434	1.63431	-2.13728	1.76162	2.38118	-1.65857	-0.957792	-0.0600549	0.732245	0.33634	-0.00679552	-0.935314	0.0130287	-0.353514	1.43267	-2.36151	1.57178	0.38015	-0.0268356	0.947133	-0.311601	4.34009	-2.47132	5.07284	0.790738	-0.780041	-0.429069	
1486255693581	-2.11434	1.6343	-2.13727	1.7616	2.38118	-1.65857	-0.957792	-0.0600522	0.732246	0.336333	-0.00679347	-0.935315	0.0130368	-0.353511	1.30729	-2.06258	1.31783	0.544026	0.0217444	0.809327	-0.316992	4.37789	-2.16141	4.01522	0.682218	-0.740613	-0.439625	
1486255693662	-2.11434	1.6343	-2.13727	1.7616	2.38118	-1.65857	-0.957792	-0.0600515	0.732246	0.336331	-0.00679293	-0.935316	0.0130388	-0.353509	1.37052	-2.07059	1.30223	0.601462	0.011197	0.845299	-0.318016	4.45696	-2.20604	3.985	0.720074	-0.756826	-0.444466	
1486255694063	-2.11434	1.63431	-2.13727	1.76159	2.38118	-1.65857	-0.957792	-0.060052	0.732248	0.33633	-0.00679129	-0.935316	0.0130403	-0.353507	1.50227	-2.15142	1.41374	0.570815	-0.0249431	0.913949	-0.280949	4.35522	-2.44082	4.38167	0.775308	-0.761911	-0.40634	
1486255696000	-2.11436	1.6343	-2.13727	1.76158	2.38118	-1.65857	-0.957792	-0.0600568	0.732252	0.336315	-0.00678312	-0.935321	0.0130491	-0.353494	1.49917	-2.03995	1.32391	0.640852	-0.034373	0.868581	-0.283845	4.33851	-2.39377	3.97061	0.747213	-0.726636	-0.40907	
