time	joint_joint0	joint_joint1	joint_joint2	joint_joint3	joint_joint4	joint_joint5	joint_joint6	cart_pos_x	cart_pos_y	cart_pos_z	cart_quat_x	cart_quat_y	cart_quat_z	cart_quat_w	force_joint_joint0	force_joint_joint1	force_joint_joint2	force_joint_joint3	force_joint_joint4	force_joint_joint5	force_joint_joint6	cart_force_x	cart_force_y	cart_force_z	cart_trq_x	cart_trq_y	cart_trq_z	
1486250743366	-2.24786	1.6388	-2.17531	1.88214	2.30072	-1.66213	-0.957891	-0.113803	0.718603	0.331207	-0.00624565	-0.933914	0.00896777	-0.35733	1.3344	-1.65041	1.25836	-0.537816	0.544408	0.939043	-0.366522	1.30975	-3.25093	6.65839	0.454683	-1.00819	-0.51162	
1486250743828	-2.24545	1.63737	-2.17269	1.8806	2.30272	-1.65982	-0.957892	-0.112083	0.718144	0.330937	-0.00671868	-0.933663	0.00899976	-0.357975	1.94937	-2.64938	1.8546	-0.64728	0.302735	1.22089	-0.426751	2.16525	-4.14032	8.87026	0.860499	-1.01142	-0.635823	
1486250744631	-2.24541	1.63736	-2.17266	1.88055	2.30274	-1.65981	-0.957892	-0.112062	0.718147	0.330927	-0.00671988	-0.933667	0.00901098	-0.357967	1.91486	-2.61594	1.79078	-0.60984	0.333339	1.19926	-0.42338	2.2229	-4.04857	8.68824	0.84657	-1.02553	-0.641405	
1486250746799	-2.24829	1.63854	-2.17362	1.88086	2.30418	-1.66131	-0.957892	-0.113454	0.718681	0.33027	-0.00579611	-0.934438	0.00837802	-0.355981	4.20493	-4.26182	3.49828	-1.18107	-0.472045	2.82547	-0.472897	1.31728	-7.86169	16.0268	2.18337	-1.26188	-0.589478	
1486250747028	-2.24877	1.63873	-2.174	1.88088	2.30432	-1.66147	-0.957892	-0.113783	0.718855	0.330176	-0.00551372	-0.934549	0.00823614	-0.355697	4.33753	-4.35062	3.64577	-1.22352	-0.5436	2.86391	-0.428511	1.2104	-8.08319	16.4178	2.23277	-1.22095	-0.542739	
1486250747198	-2.24877	1.63878	-2.17417	1.88089	2.30444	-1.66146	-0.957892	-0.11383	0.718908	0.330203	-0.00543861	-0.934551	0.00814974	-0.355694	4.2266	-4.39315	3.71157	-1.19673	-0.599019	2.60497	-0.389836	1.48263	-7.95195	15.9235	2.09805	-1.04206	-0.526949	
1486250747328	-2.24877	1.63877	-2.1742	1.88089	2.30444	-1.66146	-0.957892	-0.113844	0.718921	0.33021	-0.0054155	-0.934548	0.00813833	-0.355704	4.18813	-4.36593	3.64722	-1.16378	-0.627296	2.58025	-0.403478	1.51826	-7.83759	15.657	2.10004	-1.00725	-0.538257	
1486250748148	-2.24877	1.63877	-2.17427	1.8809	2.30444	-1.66146	-0.957892	-0.113862	0.718936	0.330221	-0.0053891	-0.93454	0.00812638	-0.355723	4.01688	-4.2781	3.50317	-1.14443	-0.635053	2.45273	-0.402441	1.51272	-7.48844	15.0504	2.03631	-0.925113	-0.542752	
1486250748278	-2.24877	1.63877	-2.17428	1.8809	2.30444	-1.66146	-0.957892	-0.113864	0.718937	0.330222	-0.00538661	-0.93454	0.00812487	-0.355725	4.01454	-4.2608	3.49185	-1.13602	-0.635405	2.44657	-0.400953	1.50378	-7.4836	14.9952	2.03108	-0.920852	-0.540832	
1486250748348	-2.24877	1.63877	-2.17428	1.8809	2.30444	-1.66146	-0.957892	-0.113864	0.718938	0.330223	-0.00538532	-0.934539	0.0081245	-0.355726	4.00188	-4.2589	3.48399	-1.14536	-0.630363	2.44254	-0.399426	1.48389	-7.45988	14.9935	2.02836	-0.920837	-0.540379	
1486250748450	-2.24877	1.63877	-2.17428	1.8809	2.30443	-1.66146	-0.957892	-0.113866	0.718939	0.330224	-0.00538393	-0.934539	0.00812406	-0.355728	4.0087	-4.25944	3.47935	-1.14109	-0.630432	2.43844	-0.397782	1.48546	-7.46808	14.9766	2.02847	-0.91771	-0.541302	
1486250748698	-2.24877	1.63877	-2.17429	1.88091	2.30443	-1.66146	-0.957892	-0.113868	0.71894	0.330225	-0.00538099	-0.934538	0.00812294	-0.35573	4.01311	-4.23752	3.47865	-1.13252	-0.636596	2.42658	-0.397973	1.47289	-7.49275	14.9136	2.01659	-0.905718	-0.539122	
1486250748848	-2.24877	1.63876	-2.17429	1.88091	2.30443	-1.66146	-0.957892	-0.113869	0.718941	0.330225	-0.00538001	-0.934538	0.00812203	-0.355731	4.01406	-4.21504	3.46643	-1.12268	-0.636714	2.42216	-0.39492	1.45454	-7.49352	14.8561	2.0115	-0.90218	-0.535246	
1486250749779	-2.24877	1.63876	-2.17431	1.88091	2.30443	-1.66146	-0.957892	-0.113872	0.718943	0.33023	-0.00537509	-0.934535	0.00811777	-0.355737	3.9259	-4.21108	3.45212	-1.13553	-0.63527	2.38383	-0.39149	1.48851	-7.32723	14.7563	1.98846	-0.88506	-0.529564	
1486250749898	-2.24877	1.63876	-2.17431	1.88091	2.30443	-1.66146	-0.957894	-0.113872	0.718943	0.33023	-0.00537447	-0.934535	0.00811812	-0.355738	3.92101	-4.20209	3.45094	-1.12739	-0.633064	2.37927	-0.392336	1.50539	-7.32424	14.7263	1.98209	-0.885883	-0.52939	
1486250750428	-2.24877	1.63876	-2.17432	1.88092	2.30443	-1.66146	-0.957892	-0.113874	0.718944	0.330232	-0.00537364	-0.934534	0.00811484	-0.35574	3.90881	-4.20897	3.44804	-1.13637	-0.637834	2.36523	-0.388992	1.49559	-7.29729	14.7076	1.97882	-0.87256	-0.528226	
1486250751148	-2.24877	1.63876	-2.17432	1.88092	2.30443	-1.66146	-0.957894	-0.113875	0.718945	0.330234	-0.0053716	-0.934533	0.00811356	-0.355744	3.87585	-4.19859	3.43568	-1.14007	-0.632861	2.34749	-0.386269	1.49574	-7.23796	14.6518	1.96622	-0.866583	-0.525695	
1486250751328	-2.24877	1.63876	-2.17432	1.88092	2.30443	-1.66146	-0.957894	-0.113876	0.718945	0.330235	-0.005371	-0.934533	0.00811332	-0.355744	3.8787	-4.19897	3.43308	-1.1279	-0.636302	2.34229	-0.385647	1.52245	-7.23589	14.6167	1.966	-0.862449	-0.526264	
1486250751629	-2.24877	1.63876	-2.17433	1.88092	2.30443	-1.66146	-0.957894	-0.113877	0.718945	0.330235	-0.00537022	-0.934532	0.00811249	-0.355745	3.86884	-4.19191	3.4301	-1.12216	-0.638286	2.33806	-0.388108	1.53723	-7.22014	14.5821	1.9618	-0.86011	-0.52671	
