time	joint_joint0	joint_joint1	joint_joint2	joint_joint3	joint_joint4	joint_joint5	joint_joint6	cart_pos_x	cart_pos_y	cart_pos_z	cart_quat_x	cart_quat_y	cart_quat_z	cart_quat_w	force_joint_joint0	force_joint_joint1	force_joint_joint2	force_joint_joint3	force_joint_joint4	force_joint_joint5	force_joint_joint6	cart_force_x	cart_force_y	cart_force_z	cart_trq_x	cart_trq_y	cart_trq_z	
1486253676542	-2.11223	1.63584	-2.1376	1.75943	2.3798	-1.65882	-0.95777	-0.0595845	0.732912	0.337023	-0.00696824	-0.935146	0.0133572	-0.353943	0.21859	-0.86313	0.489353	0.72215	0.277386	0.130261	-0.330285	3.96452	-0.316535	0.449529	0.0519453	-0.550362	-0.405169	
1486253676562	-2.11223	1.63584	-2.1376	1.75943	2.3798	-1.65882	-0.95777	-0.0595845	0.732912	0.337023	-0.00696824	-0.935146	0.0133572	-0.353943	0.221579	-0.843731	0.48705	0.724991	0.277306	0.130757	-0.329953	3.94028	-0.329056	0.428045	0.0472103	-0.550109	-0.402072	
1486253676602	-2.11223	1.63563	-2.13758	1.75962	2.37995	-1.65863	-0.95777	-0.0595806	0.732906	0.337018	-0.00696863	-0.935143	0.0133629	-0.353949	0.244576	-0.878077	0.484073	0.751813	0.303961	0.139875	-0.330124	4.05496	-0.346364	0.461616	0.0574674	-0.579703	-0.415142	
1486253676612	-2.11223	1.63534	-2.13757	1.75992	2.38033	-1.65836	-0.95777	-0.059551	0.732838	0.33703	-0.00696702	-0.935106	0.0132895	-0.354051	0.20162	-0.915372	0.481231	0.740742	0.338472	0.149824	-0.33095	4.13339	-0.259134	0.551887	0.0631944	-0.616354	-0.423128	
1486253676622	-2.11223	1.63534	-2.13757	1.75992	2.38033	-1.65836	-0.95777	-0.059551	0.732838	0.33703	-0.00696702	-0.935106	0.0132895	-0.354051	0.20162	-0.915372	0.481231	0.740742	0.338472	0.149824	-0.33095	4.13339	-0.259134	0.551887	0.0631944	-0.616354	-0.423128	
1486253676722	-2.11225	1.63429	-2.13737	1.76065	2.38064	-1.6582	-0.95777	-0.059364	0.732345	0.336965	-0.00705491	-0.934972	0.0132177	-0.354406	0.428704	-1.38185	0.762115	0.847426	0.247259	0.177013	-0.340772	5.03439	-0.549214	1.07532	0.173152	-0.607815	-0.470878	
1486253676742	-2.11225	1.63426	-2.13735	1.76066	2.38064	-1.65818	-0.95777	-0.0593443	0.732315	0.336949	-0.00707045	-0.934968	0.0132462	-0.354414	0.449722	-1.39232	0.782948	0.858112	0.236037	0.173135	-0.341813	5.07138	-0.591934	1.07385	0.171605	-0.59971	-0.470881	
1486253676782	-2.11225	1.63427	-2.13735	1.76066	2.38065	-1.65813	-0.95777	-0.059334	0.732307	0.336943	-0.00706987	-0.934961	0.0132432	-0.354433	0.449281	-1.44191	0.801998	0.85138	0.228258	0.166651	-0.34284	5.13579	-0.583127	1.1248	0.178884	-0.592123	-0.47678	
1486253676792	-2.11225	1.63427	-2.13735	1.76066	2.38065	-1.65813	-0.95777	-0.0593338	0.73231	0.336946	-0.00706741	-0.934959	0.0132333	-0.35444	0.472283	-1.45162	0.806981	0.855466	0.227266	0.167506	-0.342536	5.14327	-0.6251	1.13838	0.181755	-0.59079	-0.47971	
1486253676802	-2.11225	1.63427	-2.13735	1.76066	2.38065	-1.65813	-0.95777	-0.0593338	0.73231	0.336946	-0.00706741	-0.934959	0.0132333	-0.35444	0.472283	-1.45162	0.806981	0.855466	0.227266	0.167506	-0.342536	5.14327	-0.6251	1.13838	0.181755	-0.59079	-0.47971	
1486253676822	-2.11225	1.63427	-2.13735	1.76066	2.38065	-1.65813	-0.95777	-0.0593336	0.73231	0.336947	-0.00706728	-0.934957	0.0132306	-0.354443	0.465222	-1.46132	0.809432	0.850282	0.227697	0.167526	-0.341781	5.14985	-0.610087	1.15691	0.18372	-0.591371	-0.47966	
1486253676842	-2.11225	1.63427	-2.13735	1.76066	2.38065	-1.65813	-0.95777	-0.0593338	0.732309	0.336948	-0.00706804	-0.934957	0.0132301	-0.354443	0.475822	-1.46007	0.809365	0.858403	0.225669	0.168861	-0.341863	5.15914	-0.62465	1.14544	0.18546	-0.590991	-0.480143	
1486253676852	-2.11225	1.63427	-2.13735	1.76066	2.38065	-1.65813	-0.95777	-0.059334	0.732309	0.336948	-0.00706853	-0.934957	0.0132303	-0.354443	0.462911	-1.49384	0.816041	0.846792	0.221657	0.167345	-0.342353	5.18903	-0.591628	1.18905	0.19339	-0.58771	-0.483444	
1486253676922	-2.11225	1.63427	-2.13735	1.76067	2.38065	-1.65813	-0.95777	-0.0593342	0.732308	0.33695	-0.0070696	-0.934957	0.0132294	-0.354443	0.500035	-1.49102	0.816374	0.855768	0.215073	0.165538	-0.344273	5.17679	-0.663576	1.16994	0.193841	-0.578964	-0.487771	
1486253676962	-2.11225	1.63427	-2.13735	1.76067	2.38065	-1.65813	-0.95777	-0.0593345	0.732307	0.33695	-0.00707043	-0.934957	0.013229	-0.354443	0.498635	-1.49174	0.81593	0.848729	0.212121	0.163243	-0.343595	5.15737	-0.663938	1.17411	0.19352	-0.573782	-0.487036	
1486253676972	-2.11225	1.63427	-2.13735	1.76067	2.38065	-1.65813	-0.95777	-0.0593343	0.732307	0.33695	-0.00707066	-0.934957	0.0132292	-0.354444	0.489928	-1.49639	0.810831	0.845397	0.214334	0.163569	-0.343626	5.15965	-0.642822	1.17869	0.1958	-0.575417	-0.488153	
1486253676992	-2.11225	1.63427	-2.13735	1.76067	2.38065	-1.65813	-0.95777	-0.0593344	0.732307	0.336951	-0.00707097	-0.934957	0.0132287	-0.354444	0.504497	-1.48887	0.808728	0.854366	0.211623	0.166041	-0.343737	5.15663	-0.665954	1.16093	0.19726	-0.574479	-0.488047	
1486253677052	-2.11225	1.63427	-2.13735	1.76067	2.38065	-1.65813	-0.95777	-0.0593346	0.732307	0.336951	-0.00707102	-0.934957	0.0132281	-0.354444	0.471984	-1.54902	0.826303	0.832941	0.207704	0.159337	-0.343678	5.22327	-0.595443	1.23969	0.206027	-0.570455	-0.492278	
1486253677062	-2.11225	1.63427	-2.13735	1.76067	2.38065	-1.65813	-0.95777	-0.0593347	0.732307	0.336952	-0.00707133	-0.934957	0.0132277	-0.354444	0.471984	-1.54902	0.826303	0.832941	0.207704	0.159337	-0.343678	5.22327	-0.595443	1.23969	0.206027	-0.570455	-0.492278	
1486253677122	-2.11225	1.63427	-2.13735	1.76068	2.38065	-1.65813	-0.95777	-0.0593345	0.732306	0.336952	-0.00707153	-0.934957	0.0132279	-0.354445	0.497497	-1.5008	0.811006	0.845454	0.208009	0.164741	-0.344363	5.15545	-0.652499	1.17943	0.199909	-0.570448	-0.489033	
1486253677142	-2.11225	1.63427	-2.13735	1.76068	2.38065	-1.65813	-0.95777	-0.0593343	0.732306	0.336952	-0.00707238	-0.934957	0.0132276	-0.354445	0.501549	-1.51567	0.819572	0.847525	0.204751	0.164894	-0.344359	5.18256	-0.655544	1.19552	0.203197	-0.569471	-0.490033	
1486253677152	-2.11225	1.63427	-2.13735	1.76068	2.38065	-1.65813	-0.95777	-0.0593343	0.732306	0.336952	-0.00707238	-0.934957	0.0132276	-0.354445	0.438002	-1.5109	0.808629	0.82393	0.209675	0.158942	-0.344152	5.16306	-0.540982	1.19579	0.197819	-0.57077	-0.485469	
1486253677162	-2.11225	1.63427	-2.13735	1.76068	2.38065	-1.65813	-0.95777	-0.0593343	0.732306	0.336952	-0.00707238	-0.934957	0.0132276	-0.354445	0.438002	-1.5109	0.808629	0.82393	0.209675	0.158942	-0.344152	5.16306	-0.540982	1.19579	0.197819	-0.57077	-0.485469	
1486253677172	-2.11225	1.63427	-2.13735	1.76068	2.38065	-1.65813	-0.95777	-0.0593343	0.732306	0.336952	-0.00707238	-0.934957	0.0132276	-0.354445	0.484578	-1.50874	0.807989	0.838904	0.206862	0.162283	-0.344446	5.15757	-0.624325	1.18405	0.201689	-0.567944	-0.489728	
1486253677182	-2.11225	1.63427	-2.13735	1.76068	2.38065	-1.65813	-0.95777	-0.0593343	0.732306	0.336952	-0.00707238	-0.934957	0.0132276	-0.354445	0.484578	-1.50874	0.807989	0.838904	0.206862	0.162283	-0.344446	5.15757	-0.624325	1.18405	0.201689	-0.567944	-0.489728	
1486253677192	-2.11225	1.63427	-2.13735	1.76068	2.38065	-1.65813	-0.95777	-0.0593343	0.732306	0.336952	-0.00707238	-0.934957	0.0132276	-0.354445	0.488112	-1.49562	0.80086	0.839922	0.209552	0.163904	-0.344859	5.13535	-0.634081	1.17048	0.199946	-0.569579	-0.489628	
1486253677242	-2.11225	1.63427	-2.13735	1.76068	2.38065	-1.65813	-0.95777	-0.0593343	0.732306	0.336952	-0.00707238	-0.934957	0.0132276	-0.354445	0.465078	-1.51857	0.810609	0.829581	0.210216	0.16074	-0.344543	5.1678	-0.590383	1.20599	0.201031	-0.570637	-0.489752	
1486253677262	-2.11225	1.63427	-2.13735	1.76068	2.38065	-1.65813	-0.95777	-0.0593344	0.732305	0.336953	-0.00707271	-0.934957	0.0132271	-0.354445	0.491333	-1.51689	0.80775	0.837106	0.209164	0.161558	-0.344126	5.15964	-0.636538	1.19664	0.203132	-0.568164	-0.492274	
1486253677272	-2.11225	1.63427	-2.13735	1.76068	2.38065	-1.65813	-0.95777	-0.0593344	0.732305	0.336953	-0.00707299	-0.934956	0.0132267	-0.354445	0.482312	-1.50038	0.800987	0.836399	0.210817	0.162142	-0.343325	5.13699	-0.621906	1.1778	0.200029	-0.569383	-0.489009	
1486253677282	-2.11225	1.63427	-2.13735	1.76068	2.38065	-1.65813	-0.95777	-0.0593344	0.732305	0.336953	-0.00707299	-0.934956	0.0132267	-0.354445	0.482312	-1.50038	0.800987	0.836399	0.210817	0.162142	-0.343325	5.13699	-0.621906	1.1778	0.200029	-0.569383	-0.489009	
1486253677302	-2.11225	1.63427	-2.13735	1.76068	2.38065	-1.65813	-0.95777	-0.0593344	0.732305	0.336953	-0.00707299	-0.934956	0.0132267	-0.354445	0.461065	-1.50421	0.800539	0.831813	0.213231	0.160032	-0.343341	5.15026	-0.581141	1.18093	0.198739	-0.571632	-0.488132	
1486253677312	-2.11225	1.63427	-2.13735	1.76068	2.38065	-1.65813	-0.95777	-0.0593344	0.732305	0.336953	-0.00707299	-0.934956	0.0132267	-0.354445	0.483902	-1.49814	0.798152	0.832953	0.215126	0.162907	-0.342957	5.12329	-0.628838	1.18549	0.199161	-0.571804	-0.489668	
1486253677342	-2.11225	1.63427	-2.13735	1.76068	2.38065	-1.65813	-0.95777	-0.0593346	0.732304	0.336954	-0.00707389	-0.934956	0.0132254	-0.354446	0.48183	-1.50467	0.800779	0.83087	0.214167	0.162033	-0.342646	5.12977	-0.623979	1.19413	0.200086	-0.570801	-0.489835	
1486253677452	-2.11225	1.63427	-2.13735	1.76069	2.38065	-1.65813	-0.95777	-0.0593349	0.732303	0.336956	-0.0070754	-0.934955	0.0132232	-0.354448	0.491899	-1.47956	0.791784	0.833282	0.21325	0.164208	-0.343688	5.08565	-0.649899	1.16475	0.196722	-0.569013	-0.488429	
1486253677462	-2.11225	1.63427	-2.13735	1.76069	2.38065	-1.65813	-0.95777	-0.0593349	0.732303	0.336956	-0.0070754	-0.934955	0.0132232	-0.354448	0.491899	-1.47956	0.791784	0.833282	0.21325	0.164208	-0.343688	5.08565	-0.649899	1.16475	0.196722	-0.569013	-0.488429	
1486253677472	-2.11225	1.63427	-2.13735	1.76069	2.38065	-1.65813	-0.95777	-0.0593349	0.732303	0.336956	-0.0070754	-0.934955	0.0132232	-0.354448	0.500944	-1.48064	0.797299	0.839154	0.211258	0.164638	-0.344076	5.09865	-0.667045	1.16269	0.196553	-0.568729	-0.488584	
1486253677502	-2.11225	1.63427	-2.13735	1.76069	2.38065	-1.65813	-0.95777	-0.059335	0.732303	0.336957	-0.00707568	-0.934955	0.0132228	-0.354448	0.50402	-1.48921	0.798984	0.842435	0.207929	0.165743	-0.344508	5.11581	-0.665153	1.16527	0.200658	-0.567571	-0.489749	
1486253677532	-2.11225	1.63427	-2.13735	1.76069	2.38065	-1.65813	-0.95777	-0.0593351	0.732303	0.336957	-0.00707602	-0.934955	0.0132223	-0.354449	0.490887	-1.48787	0.798145	0.835559	0.205678	0.162521	-0.344447	5.1054	-0.643386	1.16243	0.198713	-0.563826	-0.488164	
1486253677542	-2.11225	1.63427	-2.13735	1.76069	2.38065	-1.65813	-0.95777	-0.0593351	0.732303	0.336957	-0.00707602	-0.934955	0.0132223	-0.354449	0.490887	-1.48787	0.798145	0.835559	0.205678	0.162521	-0.344447	5.1054	-0.643386	1.16243	0.198713	-0.563826	-0.488164	
1486253677552	-2.11225	1.63427	-2.13735	1.76069	2.38065	-1.65813	-0.95777	-0.0593351	0.732303	0.336957	-0.00707602	-0.934955	0.0132223	-0.354449	0.481228	-1.46663	0.791631	0.837501	0.206349	0.163104	-0.344066	5.08398	-0.628138	1.13399	0.19441	-0.564914	-0.484107	
1486253677562	-2.11225	1.63427	-2.13735	1.76069	2.38065	-1.65813	-0.95777	-0.0593351	0.732303	0.336957	-0.00707602	-0.934955	0.0132223	-0.354449	0.481228	-1.46663	0.791631	0.837501	0.206349	0.163104	-0.344066	5.08398	-0.628138	1.13399	0.19441	-0.564914	-0.484107	
1486253677572	-2.11225	1.63427	-2.13735	1.76069	2.38065	-1.65813	-0.95777	-0.0593351	0.732303	0.336957	-0.00707602	-0.934955	0.0132223	-0.354449	0.489511	-1.4724	0.792463	0.838977	0.205365	0.165211	-0.343754	5.08756	-0.639503	1.14276	0.197892	-0.564925	-0.485178	
1486253677582	-2.11225	1.63427	-2.13735	1.76069	2.38065	-1.65813	-0.95777	-0.0593351	0.732303	0.336957	-0.00707602	-0.934955	0.0132223	-0.354449	0.489511	-1.4724	0.792463	0.838977	0.205365	0.165211	-0.343754	5.08756	-0.639503	1.14276	0.197892	-0.564925	-0.485178	
1486253677592	-2.11225	1.63427	-2.13735	1.76069	2.38065	-1.65813	-0.95777	-0.0593347	0.732302	0.336958	-0.00707691	-0.934955	0.0132221	-0.354449	0.501307	-1.48068	0.797521	0.840622	0.204567	0.165166	-0.343924	5.09715	-0.662019	1.15447	0.199261	-0.564088	-0.487128	
1486253677602	-2.11225	1.63427	-2.13735	1.76069	2.38065	-1.65813	-0.95777	-0.0593347	0.732302	0.336958	-0.00707691	-0.934955	0.0132221	-0.354449	0.501307	-1.48068	0.797521	0.840622	0.204567	0.165166	-0.343924	5.09715	-0.662019	1.15447	0.199261	-0.564088	-0.487128	
1486253677612	-2.11225	1.63427	-2.13735	1.76069	2.38065	-1.65813	-0.95777	-0.0593347	0.732302	0.336958	-0.00707691	-0.934955	0.0132221	-0.354449	0.497974	-1.45585	0.788071	0.842798	0.207544	0.1654	-0.343862	5.066	-0.661644	1.12276	0.193749	-0.565571	-0.484414	
1486253677622	-2.11225	1.63427	-2.13735	1.76069	2.38065	-1.65813	-0.95777	-0.0593347	0.732302	0.336958	-0.00707691	-0.934955	0.0132221	-0.354449	0.497974	-1.45585	0.788071	0.842798	0.207544	0.1654	-0.343862	5.066	-0.661644	1.12276	0.193749	-0.565571	-0.484414	
1486253677642	-2.11225	1.63427	-2.13735	1.76069	2.38065	-1.65813	-0.95777	-0.0593347	0.732302	0.336958	-0.00707691	-0.934955	0.0132221	-0.354449	0.485046	-1.47759	0.792926	0.835915	0.204532	0.163553	-0.343599	5.09047	-0.630152	1.1474	0.198428	-0.563297	-0.485479	
1486253677652	-2.11225	1.63427	-2.13735	1.76069	2.38065	-1.65813	-0.95777	-0.0593347	0.732302	0.336958	-0.00707691	-0.934955	0.0132221	-0.354449	0.449942	-1.45635	0.777745	0.826579	0.212164	0.161925	-0.343306	5.05939	-0.569268	1.12471	0.192206	-0.567954	-0.481737	
1486253677662	-2.11225	1.63427	-2.13735	1.76069	2.38065	-1.65813	-0.95777	-0.0593348	0.732302	0.336958	-0.00707716	-0.934955	0.0132217	-0.354449	0.449942	-1.45635	0.777745	0.826579	0.212164	0.161925	-0.343306	5.05939	-0.569268	1.12471	0.192206	-0.567954	-0.481737	
1486253677672	-2.11225	1.63427	-2.13735	1.76069	2.38065	-1.65813	-0.95777	-0.0593344	0.732302	0.336959	-0.00707749	-0.934955	0.0132216	-0.35445	0.449151	-1.46863	0.788479	0.826055	0.209645	0.160369	-0.343315	5.08299	-0.568876	1.14146	0.192424	-0.566829	-0.48175	
1486253677722	-2.11225	1.63427	-2.13735	1.76069	2.38065	-1.65813	-0.95777	-0.0593344	0.732302	0.336959	-0.00707749	-0.934955	0.0132216	-0.35445	0.509553	-1.46536	0.791047	0.840834	0.207639	0.164177	-0.343317	5.06623	-0.684481	1.1383	0.195116	-0.563599	-0.486667	
1486253677732	-2.11225	1.63427	-2.13735	1.76069	2.38065	-1.65813	-0.95777	-0.0593348	0.732302	0.336958	-0.00707716	-0.934955	0.0132217	-0.354449	0.494577	-1.47291	0.792095	0.836463	0.209309	0.162817	-0.343085	5.07986	-0.654564	1.1483	0.195383	-0.565261	-0.486449	
1486253677742	-2.11225	1.63427	-2.13735	1.76069	2.38065	-1.65813	-0.95777	-0.0593348	0.732302	0.336958	-0.00707716	-0.934955	0.0132217	-0.354449	0.494577	-1.47291	0.792095	0.836463	0.209309	0.162817	-0.343085	5.07986	-0.654564	1.1483	0.195383	-0.565261	-0.486449	
1486253677762	-2.11225	1.63427	-2.13735	1.76069	2.38065	-1.65813	-0.95777	-0.0593348	0.732302	0.336958	-0.00707716	-0.934955	0.0132217	-0.354449	0.483448	-1.48057	0.791816	0.832769	0.210683	0.16201	-0.343662	5.09185	-0.631582	1.15709	0.196416	-0.566597	-0.487465	
1486253677772	-2.11225	1.63427	-2.13735	1.76069	2.38065	-1.65813	-0.95777	-0.0593344	0.732302	0.336959	-0.00707749	-0.934955	0.0132216	-0.35445	0.451187	-1.50069	0.791311	0.817382	0.212994	0.160012	-0.344802	5.10908	-0.568158	1.18817	0.1993	-0.568326	-0.489167	
1486253677782	-2.11225	1.63427	-2.13735	1.76069	2.38065	-1.65813	-0.95777	-0.0593344	0.732302	0.336959	-0.00707749	-0.934955	0.0132216	-0.35445	0.451187	-1.50069	0.791311	0.817382	0.212994	0.160012	-0.344802	5.10908	-0.568158	1.18817	0.1993	-0.568326	-0.489167	
1486253677802	-2.11225	1.63427	-2.13735	1.76069	2.38065	-1.65813	-0.95777	-0.0593344	0.732302	0.336959	-0.00707749	-0.934955	0.0132216	-0.35445	0.481882	-1.49154	0.786947	0.828812	0.214366	0.16287	-0.343857	5.09641	-0.62336	1.17267	0.200429	-0.568871	-0.490824	
1486253677812	-2.11225	1.63427	-2.13735	1.76069	2.38065	-1.65813	-0.95777	-0.0593344	0.732302	0.336959	-0.00707749	-0.934955	0.0132216	-0.35445	0.48533	-1.48687	0.789133	0.826698	0.214379	0.162705	-0.343839	5.08305	-0.63677	1.17532	0.198041	-0.568143	-0.490014	
1486253677822	-2.11225	1.63427	-2.13735	1.76069	2.38065	-1.65813	-0.95777	-0.0593344	0.732302	0.336959	-0.00707749	-0.934955	0.0132216	-0.35445	0.48533	-1.48687	0.789133	0.826698	0.214379	0.162705	-0.343839	5.08305	-0.63677	1.17532	0.198041	-0.568143	-0.490014	
1486253677832	-2.11225	1.63427	-2.13735	1.76069	2.38065	-1.65813	-0.95777	-0.0593344	0.732302	0.336959	-0.00707782	-0.934955	0.0132211	-0.35445	0.472731	-1.46852	0.781323	0.8254	0.215898	0.163003	-0.3433	5.05884	-0.615717	1.15297	0.19442	-0.569239	-0.486433	
1486253677842	-2.11225	1.63427	-2.13735	1.76069	2.38065	-1.65813	-0.95777	-0.0593344	0.732302	0.336959	-0.00707782	-0.934955	0.0132211	-0.35445	0.472731	-1.46852	0.781323	0.8254	0.215898	0.163003	-0.3433	5.05884	-0.615717	1.15297	0.19442	-0.569239	-0.486433	
1486253677852	-2.11225	1.63427	-2.13735	1.76069	2.38065	-1.65813	-0.95777	-0.0593344	0.732302	0.336959	-0.00707782	-0.934955	0.0132211	-0.35445	0.464804	-1.48029	0.779639	0.823395	0.21611	0.160691	-0.343055	5.07593	-0.593687	1.15795	0.19702	-0.568469	-0.48811	
1486253677862	-2.11225	1.63427	-2.13735	1.76069	2.38065	-1.65813	-0.95777	-0.0593344	0.732302	0.336959	-0.00707782	-0.934955	0.0132211	-0.35445	0.464804	-1.48029	0.779639	0.823395	0.21611	0.160691	-0.343055	5.07593	-0.593687	1.15795	0.19702	-0.568469	-0.48811	
1486253677872	-2.11225	1.63427	-2.13735	1.76069	2.38065	-1.65813	-0.95777	-0.0593344	0.732302	0.336959	-0.00707782	-0.934955	0.0132211	-0.35445	0.468498	-1.48392	0.784018	0.823139	0.216031	0.160953	-0.342767	5.08004	-0.602512	1.16778	0.197035	-0.568744	-0.488125	
1486253677882	-2.11225	1.63427	-2.13735	1.76069	2.38065	-1.65813	-0.95777	-0.0593344	0.732302	0.336959	-0.00707782	-0.934955	0.0132211	-0.35445	0.468498	-1.48392	0.784018	0.823139	0.216031	0.160953	-0.342767	5.08004	-0.602512	1.16778	0.197035	-0.568744	-0.488125	
1486253677902	-2.11225	1.63427	-2.13735	1.7607	2.38065	-1.65813	-0.95777	-0.0593344	0.732302	0.336959	-0.00707782	-0.934955	0.0132211	-0.35445	0.449222	-1.50212	0.785291	0.816575	0.21607	0.158896	-0.3426	5.10551	-0.558802	1.1862	0.200518	-0.568998	-0.489139	
1486253677952	-2.11225	1.63427	-2.13735	1.7607	2.38065	-1.65813	-0.95777	-0.0593342	0.732301	0.336959	-0.00707861	-0.934955	0.0132208	-0.35445	0.472961	-1.47538	0.779559	0.823289	0.218808	0.162412	-0.34233	5.06211	-0.613485	1.16297	0.195939	-0.570432	-0.487815	
1486253677962	-2.11225	1.63427	-2.13735	1.7607	2.38065	-1.65813	-0.95777	-0.0593342	0.732301	0.336959	-0.00707861	-0.934955	0.0132208	-0.35445	0.472961	-1.47538	0.779559	0.823289	0.218808	0.162412	-0.34233	5.06211	-0.613485	1.16297	0.195939	-0.570432	-0.487815	
1486253677972	-2.11225	1.63427	-2.13735	1.7607	2.38065	-1.65813	-0.95777	-0.0593342	0.732301	0.33696	-0.00707889	-0.934955	0.0132204	-0.35445	0.463868	-1.48026	0.783174	0.82281	0.218436	0.160991	-0.342688	5.07898	-0.59591	1.16588	0.195314	-0.570954	-0.487467	
1486253677982	-2.11225	1.63427	-2.13735	1.7607	2.38065	-1.65813	-0.95777	-0.0593342	0.732301	0.33696	-0.00707889	-0.934955	0.0132204	-0.35445	0.463868	-1.48026	0.783174	0.82281	0.218436	0.160991	-0.342688	5.07898	-0.59591	1.16588	0.195314	-0.570954	-0.487467	
1486253678002	-2.11225	1.63427	-2.13735	1.7607	2.38065	-1.65813	-0.95777	-0.0593342	0.732301	0.33696	-0.00707889	-0.934955	0.0132204	-0.35445	0.474999	-1.46021	0.777987	0.828946	0.218892	0.16215	-0.343136	5.05475	-0.621965	1.13878	0.1916	-0.570865	-0.486337	
1486253678022	-2.11225	1.63427	-2.13735	1.7607	2.38065	-1.65813	-0.95777	-0.0593342	0.732301	0.33696	-0.00707889	-0.934955	0.0132204	-0.35445	0.501012	-1.46371	0.78022	0.832187	0.216083	0.164865	-0.343291	5.04505	-0.670655	1.14786	0.195055	-0.568225	-0.48874	
1486253678042	-2.11225	1.63427	-2.13735	1.7607	2.38065	-1.65813	-0.95777	-0.0593343	0.732301	0.33696	-0.00707926	-0.934954	0.0132199	-0.354451	0.478699	-1.47712	0.77988	0.825644	0.216511	0.163778	-0.342893	5.06479	-0.621409	1.1622	0.198074	-0.569408	-0.488564	
1486253678086	-2.11225	1.63427	-2.13735	1.7607	2.38065	-1.65813	-0.95777	-0.0593343	0.732301	0.33696	-0.00707926	-0.934954	0.0132199	-0.354451	0.489865	-1.47679	0.780426	0.831526	0.212707	0.165262	-0.34133	5.06564	-0.635553	1.1555	0.200952	-0.567102	-0.48743	
1486253678122	-2.11225	1.63427	-2.13735	1.7607	2.38065	-1.65813	-0.95777	-0.0593344	0.7323	0.336961	-0.00707957	-0.934954	0.0132194	-0.354451	0.489865	-1.47679	0.780426	0.831526	0.212707	0.165262	-0.34133	5.06564	-0.635553	1.1555	0.200952	-0.567102	-0.48743	
1486253678152	-2.11225	1.63427	-2.13735	1.7607	2.38067	-1.65814	-0.95777	-0.0593366	0.732301	0.33696	-0.00707754	-0.934958	0.0132129	-0.354442	0.585451	-1.48923	0.793294	0.861871	0.18706	0.207779	-0.339851	5.05501	-0.773176	1.21223	0.239629	-0.569817	-0.485884	
1486253678202	-2.11248	1.63427	-2.13735	1.76069	2.38083	-1.65815	-0.95777	-0.0593731	0.73232	0.336906	-0.00702585	-0.934991	0.0131784	-0.354358	0.767893	-1.52636	0.832658	0.909574	0.168037	0.307072	-0.336093	5.05051	-1.05594	1.43342	0.313726	-0.609839	-0.484898	
1486253678212	-2.11259	1.63427	-2.13735	1.76069	2.38083	-1.65815	-0.95777	-0.0593731	0.73232	0.336906	-0.00702585	-0.934991	0.0131784	-0.354358	0.722238	-1.59746	0.866947	0.864361	0.166886	0.324577	-0.334843	5.08216	-0.970446	1.62772	0.33368	-0.622065	-0.482568	
1486253678222	-2.11259	1.63427	-2.13735	1.76069	2.38083	-1.65815	-0.95777	-0.0594143	0.732328	0.336848	-0.00699166	-0.935014	0.0131825	-0.354298	0.722238	-1.59746	0.866947	0.864361	0.166886	0.324577	-0.334843	5.08216	-0.970446	1.62772	0.33368	-0.622065	-0.482568	
1486253678232	-2.11268	1.63427	-2.13735	1.76069	2.38083	-1.65815	-0.95777	-0.0594472	0.732333	0.336803	-0.00696826	-0.93503	0.0131931	-0.354255	0.784603	-1.61954	0.898421	0.85539	0.148584	0.374057	-0.334372	5.02493	-1.08089	1.7908	0.368238	-0.633676	-0.47691	
1486253678242	-2.11268	1.63427	-2.13735	1.76069	2.38083	-1.65815	-0.95777	-0.0594472	0.732333	0.336803	-0.00696826	-0.93503	0.0131931	-0.354255	0.784603	-1.61954	0.898421	0.85539	0.148584	0.374057	-0.334372	5.02493	-1.08089	1.7908	0.368238	-0.633676	-0.47691	
1486253678252	-2.11282	1.63427	-2.13735	1.7607	2.38084	-1.65816	-0.95777	-0.0594767	0.732337	0.336764	-0.00694787	-0.935045	0.0132029	-0.354214	0.859385	-1.6617	0.94041	0.852126	0.133152	0.427473	-0.333052	5.00811	-1.2084	1.98729	0.407934	-0.651476	-0.473677	
1486253678312	-2.11329	1.63428	-2.13735	1.76088	2.38086	-1.65817	-0.95777	-0.0595721	0.73235	0.336647	-0.00688385	-0.935093	0.0132126	-0.35409	0.919243	-1.81281	1.06084	0.756501	0.127657	0.521863	-0.332166	4.95684	-1.36233	2.60245	0.473173	-0.698372	-0.470764	
1486253678322	-2.11329	1.63428	-2.13735	1.76088	2.38086	-1.65817	-0.95777	-0.059627	0.732345	0.336601	-0.00686303	-0.935112	0.0132031	-0.35404	0.919243	-1.81281	1.06084	0.756501	0.127657	0.521863	-0.332166	4.95684	-1.36233	2.60245	0.473173	-0.698372	-0.470764	
1486253678342	-2.11339	1.63428	-2.13735	1.76095	2.38087	-1.65817	-0.95777	-0.0596765	0.732337	0.336567	-0.00684976	-0.935127	0.0131875	-0.354001	0.904712	-1.83932	1.07911	0.728669	0.123554	0.547461	-0.332247	4.93093	-1.33645	2.73353	0.491393	-0.710067	-0.466146	
1486253678365	-2.11353	1.63428	-2.13735	1.76102	2.38088	-1.65818	-0.95777	-0.0597111	0.732329	0.336548	-0.00684339	-0.935136	0.0131738	-0.353978	0.969867	-1.90225	1.13967	0.699712	0.111212	0.607092	-0.332071	4.89732	-1.46717	3.02303	0.532513	-0.733155	-0.46295	
1486253678412	-2.1137	1.63429	-2.13736	1.76109	2.38106	-1.65826	-0.95777	-0.0597815	0.732326	0.336497	-0.00681176	-0.935172	0.0131328	-0.353886	1.16009	-2.00453	1.24145	0.694504	0.0744426	0.710037	-0.331901	4.87271	-1.81236	3.44277	0.611098	-0.76022	-0.462852	
1486253678422	-2.1137	1.63429	-2.13736	1.76109	2.38106	-1.65826	-0.95777	-0.0597815	0.732326	0.336497	-0.00681176	-0.935172	0.0131328	-0.353886	1.16009	-2.00453	1.24145	0.694504	0.0744426	0.710037	-0.331901	4.87271	-1.81236	3.44277	0.611098	-0.76022	-0.462852	
1486253678462	-2.11391	1.63429	-2.13736	1.76123	2.38107	-1.65827	-0.95777	-0.0598696	0.732335	0.336417	-0.00675849	-0.93522	0.0131	-0.353761	1.13491	-2.12609	1.32979	0.594542	0.0731105	0.751645	-0.336848	4.84943	-1.82202	3.87866	0.639821	-0.782744	-0.464119	
1486253678542	-2.11397	1.6343	-2.13736	1.76158	2.38107	-1.65834	-0.95777	-0.0599312	0.732272	0.336488	-0.0068219	-0.935208	0.0129932	-0.353794	1.2872	-2.26815	1.44772	0.516666	0.034921	0.881293	-0.339331	4.71906	-2.12289	4.51138	0.737704	-0.817927	-0.462067	
1486253678562	-2.11401	1.6343	-2.13736	1.76159	2.38107	-1.65838	-0.95777	-0.0599416	0.732258	0.336507	-0.00683998	-0.935208	0.0129775	-0.353795	1.31354	-2.30241	1.46924	0.506815	0.0256988	0.91869	-0.340043	4.71253	-2.15783	4.65075	0.767856	-0.832312	-0.460737	
1486253678572	-2.11405	1.6343	-2.13736	1.76159	2.38107	-1.65841	-0.95777	-0.05996	0.732257	0.33649	-0.00683662	-0.935221	0.0129874	-0.353759	1.32953	-2.35372	1.50526	0.475243	0.0199295	0.941689	-0.339729	4.69837	-2.19888	4.82941	0.787213	-0.839574	-0.460704	
1486253678622	-2.11409	1.63431	-2.13736	1.76159	2.38108	-1.65844	-0.95777	-0.0599827	0.732258	0.336463	-0.00682696	-0.935238	0.0130019	-0.353716	1.37377	-2.41551	1.55595	0.454887	0.00854111	0.967024	-0.33948	4.7117	-2.29145	5.02003	0.809438	-0.845125	-0.461875	
1486253678632	-2.11411	1.63431	-2.13736	1.76159	2.38108	-1.65846	-0.95777	-0.0599827	0.732258	0.336463	-0.00682696	-0.935238	0.0130019	-0.353716	1.33947	-2.41412	1.55924	0.431585	0.009339	0.972869	-0.338518	4.675	-2.23731	5.06546	0.8099	-0.849009	-0.455597	
1486253678642	-2.11411	1.63431	-2.13736	1.76159	2.38108	-1.65846	-0.95777	-0.0599883	0.732259	0.336457	-0.00682521	-0.935242	0.0130056	-0.353704	1.33947	-2.41412	1.55924	0.431585	0.009339	0.972869	-0.338518	4.675	-2.23731	5.06546	0.8099	-0.849009	-0.455597	
1486253678662	-2.11412	1.63431	-2.13736	1.76159	2.38108	-1.65848	-0.95777	-0.0599946	0.732259	0.336448	-0.00682277	-0.935248	0.0130118	-0.353689	1.36743	-2.43478	1.581	0.423036	0.00694361	0.978033	-0.335908	4.66633	-2.3007	5.13747	0.813925	-0.848358	-0.455294	
1486253678722	-2.1142	1.63434	-2.13736	1.7616	2.38111	-1.65855	-0.95777	-0.0600132	0.732261	0.336431	-0.00681858	-0.935266	0.0130226	-0.353641	1.44773	-2.4997	1.65018	0.400404	-0.00578721	1.02832	-0.328305	4.63998	-2.45982	5.41722	0.849733	-0.865261	-0.447756	
1486253678763	-2.11425	1.63434	-2.13736	1.76161	2.38111	-1.65856	-0.95777	-0.0600454	0.73227	0.336403	-0.00680228	-0.935284	0.0130174	-0.353594	1.46791	-2.51329	1.67338	0.387686	-0.00826695	1.04129	-0.321743	4.60915	-2.50588	5.50788	0.856858	-0.869081	-0.44054	
1486253678814	-2.11433	1.63435	-2.13737	1.76164	2.38112	-1.65856	-0.95777	-0.0600737	0.732272	0.336378	-0.0067881	-0.935296	0.0130126	-0.353562	1.48621	-2.52761	1.69412	0.364464	-0.00972861	1.04679	-0.316865	4.55679	-2.56084	5.59865	0.858784	-0.866938	-0.436403	
1486253678842	-2.11433	1.63435	-2.13737	1.76164	2.38112	-1.65856	-0.95777	-0.0600787	0.732271	0.336375	-0.00678753	-0.935297	0.013011	-0.353558	1.45975	-2.53443	1.70002	0.364235	-0.015934	1.04708	-0.315741	4.58652	-2.50074	5.59873	0.861409	-0.866344	-0.431425	
1486253678920	-2.11433	1.63435	-2.13737	1.76164	2.38112	-1.65857	-0.95777	-0.0600801	0.732269	0.336376	-0.0067888	-0.935297	0.01301	-0.353559	1.50987	-2.50195	1.6738	0.382045	-0.0174192	1.03104	-0.311522	4.52643	-2.59205	5.49584	0.852781	-0.847869	-0.434464	
1486253679144	-2.11433	1.63434	-2.13736	1.76162	2.38112	-1.65856	-0.95777	-0.060077	0.73227	0.336366	-0.00678394	-0.935298	0.0130204	-0.353555	1.27756	-2.18743	1.40413	0.463461	0.0311117	0.785334	-0.312505	4.4373	-2.1739	4.30569	0.671222	-0.734427	-0.445218	
1486253680503	-2.11434	1.63433	-2.13736	1.76158	2.38112	-1.65856	-0.957771	-0.0600771	0.732277	0.336345	-0.00677132	-0.935305	0.0130397	-0.353538	1.41065	-2.07331	1.32462	0.627408	0.00672343	0.828031	-0.282715	4.47052	-2.24752	3.96328	0.716405	-0.74256	-0.417691	
1486253680605	-2.11434	1.63433	-2.13736	1.76158	2.38112	-1.65856	-0.957771	-0.0600773	0.732277	0.336345	-0.00677137	-0.935305	0.0130391	-0.353538	1.41985	-2.07283	1.32347	0.626227	0.0070254	0.827789	-0.281824	4.45702	-2.26629	3.96646	0.716639	-0.740979	-0.418198	
1486253680693	-2.11434	1.63433	-2.13736	1.76158	2.38112	-1.65856	-0.957771	-0.0600772	0.732277	0.336345	-0.00677104	-0.935305	0.0130396	-0.353538	1.41978	-2.07067	1.32486	0.627617	0.00626089	0.829055	-0.28024	4.45568	-2.26418	3.96658	0.717112	-0.741449	-0.415895	
1486253681663	-2.11434	1.63433	-2.13736	1.76158	2.38112	-1.65856	-0.957771	-0.060077	0.732278	0.336344	-0.00677011	-0.935305	0.0130409	-0.353537	1.41126	-2.07572	1.3309	0.623016	0.00799082	0.825279	-0.285857	4.47284	-2.26232	3.97347	0.711767	-0.742191	-0.420396	
1486253681703	-2.11434	1.63433	-2.13736	1.76158	2.38112	-1.65856	-0.957771	-0.060077	0.732278	0.336344	-0.00677011	-0.935305	0.0130409	-0.353537	1.41656	-2.07394	1.32671	0.624383	0.00737715	0.825296	-0.284855	4.46443	-2.26831	3.96655	0.713213	-0.740583	-0.42045	
1486253682684	-2.11434	1.63433	-2.13736	1.76157	2.38112	-1.65856	-0.957771	-0.0600769	0.732278	0.336343	-0.00676955	-0.935305	0.0130417	-0.353536	1.33957	-2.07972	1.32225	0.613822	0.0100957	0.818994	-0.284407	4.5097	-2.11286	3.95447	0.710336	-0.745492	-0.414541	
1486253684003	-2.11434	1.63433	-2.13736	1.76157	2.38112	-1.65856	-0.957771	-0.0600768	0.732279	0.336342	-0.00676896	-0.935306	0.0130425	-0.353535	1.3345	-2.07754	1.32807	0.614897	0.0111493	0.820146	-0.284212	4.51853	-2.10709	3.95945	0.708198	-0.74869	-0.412418	
