time	joint_joint0	joint_joint1	joint_joint2	joint_joint3	joint_joint4	joint_joint5	joint_joint6	cart_pos_x	cart_pos_y	cart_pos_z	cart_quat_x	cart_quat_y	cart_quat_z	cart_quat_w	force_joint_joint0	force_joint_joint1	force_joint_joint2	force_joint_joint3	force_joint_joint4	force_joint_joint5	force_joint_joint6	cart_force_x	cart_force_y	cart_force_z	cart_trq_x	cart_trq_y	cart_trq_z	
1486227970131	-2.11229	1.63655	-2.13766	1.75983	2.37937	-1.65876	-0.957688	-0.0597313	0.733017	0.337361	-0.00715755	-0.935093	0.0130129	-0.354091	0.118809	-1.1074	0.393444	0.615189	0.397224	0.121651	-0.397991	4.20618	-0.144898	0.769968	0.0867624	-0.626566	-0.535009	
1486227970223	-2.11229	1.63542	-2.13738	1.76073	2.38032	-1.65817	-0.957691	-0.0595839	0.732718	0.337332	-0.00715141	-0.935012	0.0127076	-0.354316	0.191556	-1.37848	0.518464	0.660804	0.443256	0.178607	-0.404545	4.76253	-0.213892	1.23083	0.153123	-0.723227	-0.575913	
1486227970283	-2.11229	1.63488	-2.13729	1.76095	2.38044	-1.65818	-0.957691	-0.0594546	0.732418	0.337231	-0.00725474	-0.934963	0.0128839	-0.354438	0.316236	-1.65517	0.723358	0.699818	0.365036	0.18197	-0.41096	5.25817	-0.407251	1.5697	0.204401	-0.69315	-0.59434	
1486227970313	-2.11229	1.63484	-2.13729	1.76095	2.38044	-1.65818	-0.957691	-0.0594373	0.732387	0.337205	-0.00725625	-0.934958	0.0129243	-0.354448	0.339035	-1.70505	0.769239	0.701784	0.349939	0.177866	-0.412137	5.34186	-0.455953	1.63865	0.207781	-0.684256	-0.596679	
1486227970333	-2.11229	1.63484	-2.13729	1.76095	2.38044	-1.65818	-0.957691	-0.0594294	0.732374	0.337192	-0.007256	-0.934957	0.0129432	-0.354451	0.339035	-1.70505	0.769239	0.701784	0.349939	0.177866	-0.412137	5.34186	-0.455953	1.63865	0.207781	-0.684256	-0.596679	
1486227970695	-2.11229	1.63483	-2.1372	1.76097	2.38048	-1.65818	-0.957695	-0.0594084	0.732349	0.337186	-0.00728701	-0.934964	0.0129393	-0.354431	0.400957	-1.82239	0.923321	0.698622	0.291588	0.176369	-0.412887	5.5237	-0.609767	1.85912	0.213901	-0.654386	-0.58792	
1486227970875	-2.11229	1.63483	-2.13697	1.761	2.38053	-1.65818	-0.957695	-0.0593645	0.732304	0.337172	-0.0073576	-0.93498	0.0129353	-0.354388	0.374	-1.8518	0.992959	0.687111	0.278613	0.168922	-0.415254	5.6077	-0.601342	1.94104	0.198579	-0.651628	-0.578735	
1486227976486	-2.11978	1.63786	-2.13997	1.76369	2.38199	-1.66253	-0.957737	-0.0633609	0.733631	0.335813	-0.00535141	-0.936558	0.0116509	-0.350278	4.12153	-4.04995	2.92007	-0.309994	-0.46396	2.79596	-0.320844	2.49385	-7.50802	13.0013	2.19122	-1.32937	-0.456371	
1486227977976	-2.11978	1.63786	-2.13997	1.76369	2.38199	-1.66253	-0.957748	-0.0633606	0.733631	0.335811	-0.00534599	-0.936559	0.0116529	-0.350276	4.11663	-4.03256	2.9001	-0.280264	-0.463902	2.77605	-0.323561	2.55121	-7.48256	12.8728	2.1806	-1.32102	-0.461436	
