time	
329.896	
329.896	
329.91	
329.924	
329.924	
329.938	
329.952	
329.966	
329.966	
329.98	
329.994	
329.994	
330.008	
330.022	
330.036	
330.036	
330.05	
330.064	
330.064	
330.078	
330.092	
330.106	
330.106	
330.12	
330.134	
330.134	
330.148	
330.162	
330.176	
330.176	
330.19	
330.204	
330.204	
330.218	
330.232	
330.246	
330.246	
330.26	
330.274	
330.274	
330.288	
330.302	
330.316	
330.316	
330.33	
330.344	
330.344	
330.358	
330.372	
330.386	
330.386	
330.4	
330.414	
330.414	
330.428	
330.442	
330.456	
330.456	
330.47	
330.484	
330.484	
330.498	
330.512	
330.526	
330.526	
330.54	
330.554	
330.554	
330.568	
330.582	
330.596	
330.596	
330.61	
330.624	
330.624	
330.638	
330.652	
330.666	
330.666	
330.68	
330.694	
330.694	
330.708	
330.722	
330.736	
330.736	
330.75	
330.764	
330.764	
330.778	
330.792	
330.806	
330.806	
330.82	
330.834	
330.834	
330.848	
330.862	
330.876	
330.876	
330.89	
330.904	
330.904	
330.918	
330.932	
330.946	
330.946	
330.96	
330.974	
330.974	
330.988	
331.002	
331.016	
331.016	
331.03	
331.044	
331.044	
331.058	
331.072	
331.086	
331.086	
331.1	
331.114	
331.114	
331.128	
331.142	
331.156	
331.156	
331.17	
331.184	
331.184	
331.198	
331.212	
331.212	
331.227	
331.24	
331.254	
331.254	
331.268	
331.282	
331.296	
331.296	
331.31	
331.324	
331.324	
331.338	
331.352	
331.366	
331.366	
331.38	
331.394	
331.394	
331.408	
331.422	
331.436	
331.436	
331.45	
331.464	
331.464	
331.478	
331.492	
331.506	
331.506	
331.52	
331.534	
331.534	
331.548	
331.562	
331.576	
331.576	
331.59	
331.604	
331.604	
331.618	
331.632	
331.646	
331.646	
331.66	
331.674	
331.674	
331.688	
331.702	
331.716	
331.716	
331.73	
331.744	
331.744	
331.758	
331.772	
331.786	
331.786	
331.8	
331.814	
331.814	
331.828	
331.842	
331.856	
331.856	
331.87	
331.884	
331.884	
331.898	
331.912	
331.926	
331.926	
331.94	
331.954	
331.954	
331.968	
331.982	
331.996	
331.996	
332.01	
332.024	
332.024	
332.038	
332.052	
332.066	
332.066	
332.08	
332.094	
332.094	
332.108	
332.122	
332.136	
332.136	
332.15	
332.164	
332.164	
332.178	
332.192	
332.206	
332.206	
332.22	
332.234	
332.234	
332.248	
332.262	
332.276	
332.276	
332.29	
332.304	
332.304	
332.318	
332.332	
332.346	
332.346	
332.36	
332.374	
332.374	
332.388	
332.402	
332.416	
332.416	
332.43	
332.444	
332.444	
332.458	
332.472	
332.486	
332.486	
332.5	
332.514	
332.514	
332.528	
332.542	
332.556	
332.556	
332.57	
332.584	
332.584	
332.598	
332.612	
332.626	
332.626	
332.64	
332.654	
332.654	
332.668	
332.682	
332.682	
332.696	
332.71	
332.724	
332.724	
332.738	
332.752	
332.766	
332.766	
332.78	
332.794	
332.794	
332.808	
332.823	
332.836	
332.836	
332.85	
332.865	
332.865	
332.878	
332.892	
332.892	
332.906	
332.92	
332.934	
332.934	
332.948	
332.962	
332.976	
332.976	
332.991	
333.004	
333.004	
333.018	
333.033	
333.046	
333.046	
333.06	
333.075	
333.075	
333.088	
333.102	
333.102	
333.117	
333.13	
333.144	
333.144	
333.159	
333.172	
333.186	
333.186	
333.201	
333.214	
333.214	
333.228	
333.243	
333.256	
333.256	
333.27	
333.285	
333.285	
333.298	
333.312	
333.312	
333.327	
333.34	
333.354	
333.354	
333.369	
333.382	
333.396	
333.396	
333.411	
333.424	
333.424	
333.438	
333.453	
333.466	
333.466	
333.48	
333.495	
333.495	
333.508	
333.522	
333.522	
333.537	
333.55	
333.564	
333.564	
333.579	
333.592	
333.606	
333.606	
333.621	
333.634	
333.634	
333.648	
333.663	
333.676	
333.676	
333.69	
333.705	
333.705	
333.718	
333.732	
333.732	
333.747	
333.76	
333.774	
333.774	
333.789	
333.802	
333.816	
333.816	
333.831	
333.844	
333.844	
333.858	
333.873	
333.886	
333.886	
333.9	
333.915	
333.915	
333.928	
333.942	
333.942	
333.957	
333.97	
333.984	
333.984	
333.999	
334.012	
334.026	
334.026	
334.041	
334.054	
334.054	
334.068	
334.083	
334.096	
334.096	
334.11	
334.125	
334.125	
334.138	
334.152	
334.152	
334.167	
334.18	
334.194	
334.194	
334.209	
334.222	
334.236	
334.236	
334.251	
334.264	
334.264	
334.278	
334.293	
334.306	
334.306	
334.32	
334.335	
334.335	
334.348	
334.362	
334.362	
334.377	
334.39	
334.404	
334.404	
334.419	
334.432	
334.446	
334.446	
334.461	
334.474	
334.474	
334.488	
334.502	
334.516	
334.516	
334.53	
334.545	
334.545	
334.558	
334.572	
334.572	
334.587	
334.6	
334.614	
334.614	
334.628	
334.642	
334.656	
334.656	
334.671	
334.684	
334.684	
334.698	
334.713	
334.713	
334.727	
334.74	
334.754	
334.754	
334.768	
334.782	
334.782	
334.797	
334.81	
334.824	
334.824	
334.838	
334.852	
334.866	
334.866	
334.881	
334.894	
334.894	
334.908	
334.922	
334.936	
334.936	
334.95	
334.964	
334.964	
334.978	
334.992	
335.006	
335.006	
335.02	
335.034	
335.034	
335.048	
335.062	
335.076	
335.076	
335.09	
335.104	
335.104	
335.118	
335.132	
335.146	
335.146	
335.16	
335.174	
335.174	
335.188	
335.202	
335.216	
335.216	
335.23	
335.244	
335.244	
335.258	
335.272	
335.286	
335.286	
335.3	
335.314	
335.314	
335.328	
335.342	
335.356	
335.356	
335.37	
335.384	
335.384	
335.398	
335.412	
335.426	
335.426	
335.44	
335.454	
335.454	
335.468	
335.482	
