time	joint_joint0	joint_joint1	joint_joint2	joint_joint3	joint_joint4	joint_joint5	joint_joint6	cart_pos_x	cart_pos_y	cart_pos_z	cart_quat_x	cart_quat_y	cart_quat_z	cart_quat_w	force_joint_joint0	force_joint_joint1	force_joint_joint2	force_joint_joint3	force_joint_joint4	force_joint_joint5	force_joint_joint6	cart_force_x	cart_force_y	cart_force_z	cart_trq_x	cart_trq_y	cart_trq_z	
1486228466757	-2.11229	1.6352	-2.13715	1.76088	2.3803	-1.65816	-0.957671	-0.0594789	0.732532	0.337291	-0.00730698	-0.934988	0.01281	-0.354374	0.252902	-1.51956	0.591904	0.710665	0.433602	0.175863	-0.413033	5.10503	-0.288787	1.34004	0.176464	-0.731438	-0.601208	
1486228466797	-2.11229	1.63499	-2.13701	1.76094	2.38037	-1.65816	-0.957671	-0.0594397	0.732438	0.337264	-0.0073427	-0.934975	0.0128527	-0.354404	0.299228	-1.6774	0.716475	0.705582	0.402371	0.167194	-0.416166	5.35423	-0.388939	1.57458	0.190139	-0.716581	-0.611232	
1486228466867	-2.11229	1.63498	-2.13676	1.76096	2.38041	-1.65814	-0.957671	-0.0593249	0.732286	0.337188	-0.00747378	-0.93499	0.012932	-0.354359	0.355247	-1.80662	0.856671	0.699081	0.365738	0.150979	-0.41752	5.56032	-0.538842	1.78778	0.187277	-0.692869	-0.613168	
1486228466907	-2.11229	1.63498	-2.13666	1.76099	2.38043	-1.65813	-0.957671	-0.0592929	0.732253	0.337184	-0.00752479	-0.934998	0.0129177	-0.354337	0.394039	-1.86742	0.930155	0.690057	0.350118	0.150461	-0.417896	5.63425	-0.643051	1.92556	0.187249	-0.685669	-0.61322	
1486228467157	-2.11229	1.63498	-2.13658	1.76103	2.38048	-1.65813	-0.957671	-0.0592649	0.732215	0.337187	-0.00757868	-0.935008	0.0128905	-0.35431	0.402769	-1.95386	1.01687	0.668115	0.301998	0.154642	-0.416651	5.7164	-0.664618	2.0877	0.204564	-0.659089	-0.603959	
1486228467217	-2.11229	1.63498	-2.13657	1.76103	2.38048	-1.65813	-0.957671	-0.0592633	0.732213	0.337187	-0.00758193	-0.935009	0.0128903	-0.35431	0.4025	-1.95611	1.01539	0.667876	0.294156	0.154397	-0.416294	5.7117	-0.656424	2.07949	0.208379	-0.652546	-0.602851	
1486228467297	-2.11229	1.63498	-2.13657	1.76103	2.38048	-1.65813	-0.957671	-0.0592621	0.732211	0.337187	-0.00758404	-0.935009	0.0128902	-0.354309	0.39509	-1.955	1.00828	0.660694	0.288552	0.155778	-0.417662	5.68845	-0.638823	2.07658	0.212239	-0.647472	-0.602931	
1486228467377	-2.11229	1.63498	-2.13656	1.76103	2.38048	-1.65813	-0.957673	-0.0592608	0.732208	0.337187	-0.00758681	-0.935009	0.0128902	-0.354308	0.400527	-1.96066	1.00688	0.665777	0.284645	0.154458	-0.416236	5.70006	-0.638301	2.06676	0.215758	-0.643727	-0.603075	
1486228467467	-2.11229	1.63498	-2.13656	1.76103	2.38048	-1.65813	-0.957673	-0.0592592	0.732207	0.337187	-0.00758937	-0.93501	0.0128908	-0.354306	0.408906	-1.95703	1.00127	0.66496	0.288047	0.155915	-0.416842	5.68396	-0.656247	2.06741	0.216043	-0.645255	-0.605285	
1486228467577	-2.11229	1.63498	-2.13655	1.76103	2.38048	-1.65813	-0.957673	-0.0592582	0.732206	0.337186	-0.00759101	-0.93501	0.0128912	-0.354305	0.386416	-1.9596	0.995215	0.657102	0.29085	0.156078	-0.416683	5.68229	-0.610418	2.07357	0.217329	-0.647794	-0.604601	
1486228467727	-2.11229	1.63498	-2.13655	1.76103	2.38048	-1.65813	-0.957673	-0.0592567	0.732204	0.337186	-0.00759336	-0.935011	0.0128917	-0.354304	0.383244	-1.95504	0.983256	0.656452	0.290473	0.156781	-0.416483	5.66656	-0.596369	2.05807	0.220346	-0.646299	-0.605153	
1486228467817	-2.11229	1.63498	-2.13655	1.76103	2.38048	-1.65813	-0.957673	-0.0592564	0.732204	0.337186	-0.00759388	-0.935011	0.0128919	-0.354304	0.406347	-1.95349	0.979736	0.662624	0.284421	0.159977	-0.417058	5.65365	-0.63311	2.04814	0.225523	-0.641491	-0.606987	
1486228467877	-2.11229	1.63498	-2.13655	1.76103	2.38048	-1.65813	-0.957673	-0.0592558	0.732203	0.337186	-0.00759518	-0.935011	0.0128917	-0.354304	0.400674	-1.95154	0.977086	0.660923	0.285257	0.160802	-0.417893	5.65048	-0.622671	2.04698	0.225613	-0.642663	-0.607188	
1486228468257	-2.11229	1.63498	-2.13654	1.76104	2.38048	-1.65813	-0.957673	-0.0592539	0.732201	0.337186	-0.00759931	-0.935011	0.0128921	-0.354302	0.365158	-1.94956	0.974798	0.648749	0.288965	0.160907	-0.413654	5.63992	-0.553927	2.06078	0.224688	-0.646579	-0.600294	
1486228468317	-2.11279	1.63499	-2.13654	1.76103	2.38078	-1.65821	-0.957673	-0.0592938	0.732218	0.337141	-0.00754814	-0.935058	0.0128303	-0.354181	0.829809	-2.02188	1.06265	0.69858	0.232199	0.466206	-0.405571	5.36584	-1.30127	2.80649	0.441583	-0.757042	-0.587715	
1486228468437	-2.11483	1.63501	-2.13656	1.76128	2.38098	-1.65877	-0.957674	-0.0600074	0.732295	0.336257	-0.00711081	-0.935479	0.0130242	-0.35307	1.52039	-2.40775	1.43356	0.575004	0.129127	0.989725	-0.395139	4.95534	-2.55548	4.85757	0.811877	-0.948443	-0.564601	
1486228468607	-2.11583	1.63512	-2.137	1.76186	2.3811	-1.6595	-0.957674	-0.0605378	0.732323	0.335983	-0.00690315	-0.935681	0.0130081	-0.35254	2.15045	-2.7713	1.76678	0.3811	0.0328903	1.51247	-0.366211	4.32602	-3.7019	6.96861	1.18539	-1.12919	-0.52318	
1486228468747	-2.11645	1.63575	-2.13725	1.76192	2.38112	-1.6597	-0.957676	-0.0609635	0.732572	0.335886	-0.00664255	-0.935818	0.0127921	-0.35219	2.42567	-2.76964	1.87083	0.24274	0.00270635	1.7799	-0.302376	3.57139	-4.22432	7.92585	1.34366	-1.21526	-0.43692	
1486228468757	-2.11648	1.63584	-2.13725	1.76192	2.38112	-1.65975	-0.957676	-0.0609635	0.732572	0.335886	-0.00664255	-0.935818	0.0127921	-0.35219	2.49745	-2.77464	1.89357	0.250789	-0.00954463	1.8149	-0.300161	3.57139	-4.22432	7.92585	1.34366	-1.21526	-0.43692	
1486228468887	-2.11682	1.63607	-2.13731	1.76195	2.3812	-1.65983	-0.957676	-0.0611725	0.732702	0.335849	-0.00656767	-0.935925	0.0126447	-0.351911	2.68044	-2.80268	1.98614	0.21013	-0.0436786	1.93059	-0.289296	3.28571	-4.7306	8.4582	1.43219	-1.24959	-0.409714	
1486228468897	-2.11684	1.63612	-2.13733	1.76195	2.38121	-1.65983	-0.957676	-0.0611725	0.732702	0.335849	-0.00656767	-0.935925	0.0126447	-0.351911	2.7391	-2.82672	2.00853	0.217265	-0.0517267	1.94697	-0.290213	3.29462	-4.83939	8.52935	1.44637	-1.25151	-0.413654	
1486228469067	-2.11718	1.63634	-2.13755	1.76206	2.38131	-1.66004	-0.957678	-0.0613917	0.73283	0.335829	-0.00643683	-0.936002	0.0124974	-0.351714	2.94538	-2.94507	2.10781	0.179828	-0.0951507	2.05947	-0.30693	3.20369	-5.24626	9.01822	1.5327	-1.27216	-0.430425	
1486228469087	-2.11723	1.63634	-2.1376	1.76208	2.38132	-1.66008	-0.957678	-0.061426	0.732842	0.335818	-0.00641082	-0.93601	0.0124903	-0.351693	2.97218	-2.96355	2.12214	0.175456	-0.101774	2.07261	-0.308201	3.19738	-5.29704	9.08166	1.54413	-1.27344	-0.432185	
1486228469097	-2.11728	1.63635	-2.13764	1.76211	2.38134	-1.66009	-0.957678	-0.0614597	0.732853	0.33581	-0.00638851	-0.936019	0.0124825	-0.351669	2.96558	-3.00676	2.13889	0.158211	-0.108953	2.07981	-0.309591	3.2232	-5.27864	9.16858	1.55789	-1.27285	-0.435041	
1486228469257	-2.11758	1.63641	-2.13795	1.76224	2.38144	-1.66022	-0.957678	-0.0616757	0.732946	0.33576	-0.00620817	-0.936064	0.0123998	-0.351557	3.05027	-3.19443	2.27554	0.0800697	-0.155318	2.14562	-0.310301	3.24833	-5.45463	9.70678	1.62648	-1.27395	-0.436859	
1486228469307	-2.11765	1.63643	-2.13806	1.76229	2.3815	-1.66027	-0.957678	-0.0617316	0.732976	0.33576	-0.00615602	-0.936074	0.012365	-0.351532	3.11547	-3.27238	2.3371	0.0554804	-0.184057	2.17419	-0.315303	3.25739	-5.58778	9.91922	1.65684	-1.26694	-0.442202	
1486228469317	-2.11768	1.63643	-2.13809	1.76231	2.38151	-1.66027	-0.957679	-0.0617316	0.732976	0.33576	-0.00615602	-0.936074	0.012365	-0.351532	3.11547	-3.27238	2.3371	0.0554804	-0.184057	2.17419	-0.315303	3.25739	-5.58778	9.91922	1.65684	-1.26694	-0.442202	
1486228469547	-2.11813	1.63663	-2.13865	1.76268	2.38168	-1.66074	-0.957679	-0.062091	0.733118	0.335771	-0.00591463	-0.93615	0.012203	-0.351339	3.40725	-3.66511	2.63095	-0.0947935	-0.281435	2.34583	-0.334962	3.26444	-6.19887	11.1166	1.81612	-1.28158	-0.467954	
1486228469577	-2.11829	1.63671	-2.13875	1.76283	2.38169	-1.66088	-0.957679	-0.0621438	0.733135	0.335772	-0.00589125	-0.936163	0.0121782	-0.351307	3.48703	-3.70024	2.67296	-0.119871	-0.292085	2.40217	-0.335236	3.17952	-6.36259	11.355	1.85226	-1.29969	-0.466003	
1486228469667	-2.11859	1.63693	-2.139	1.76309	2.38172	-1.66117	-0.957679	-0.0624156	0.733206	0.335818	-0.00581967	-0.936231	0.0120174	-0.351132	3.62069	-3.81175	2.76285	-0.201208	-0.313456	2.516	-0.338176	3.01162	-6.64456	11.918	1.9336	-1.33497	-0.467401	
1486228469867	-2.11927	1.63761	-2.13987	1.76349	2.38175	-1.66221	-0.957681	-0.063051	0.733531	0.335888	-0.00548338	-0.936403	0.01184	-0.350684	3.94516	-4.1087	3.01792	-0.479613	-0.334526	2.85239	-0.337899	2.43523	-7.38612	13.6384	2.15194	-1.46963	-0.459572	
1486228469877	-2.11927	1.63761	-2.13987	1.76349	2.38175	-1.66221	-0.957681	-0.063051	0.733531	0.335888	-0.00548338	-0.936403	0.01184	-0.350684	3.94516	-4.1087	3.01792	-0.479613	-0.334526	2.85239	-0.337899	2.43523	-7.38612	13.6384	2.15194	-1.46963	-0.459572	
1486228469947	-2.11962	1.63797	-2.13993	1.76371	2.3818	-1.66252	-0.957681	-0.063263	0.733608	0.335926	-0.00548065	-0.9365	0.0116717	-0.350431	4.10224	-4.24811	3.15298	-0.581898	-0.348639	2.97999	-0.338779	2.25926	-7.75337	14.3507	2.23292	-1.51853	-0.458464	
1486228470037	-2.11983	1.63809	-2.13996	1.76375	2.38182	-1.66254	-0.957681	-0.0634029	0.733667	0.335892	-0.00543083	-0.936555	0.011575	-0.350288	4.10546	-4.34767	3.19898	-0.655387	-0.350784	3.00406	-0.35134	2.23697	-7.80096	14.6446	2.25741	-1.52571	-0.475389	
1486228470057	-2.11982	1.63809	-2.13996	1.76375	2.38182	-1.66254	-0.957681	-0.0634029	0.733667	0.335892	-0.00543083	-0.936555	0.011575	-0.350288	4.18715	-4.31817	3.1821	-0.607154	-0.367882	2.99289	-0.352612	2.23842	-7.93445	14.5004	2.25579	-1.50259	-0.481936	
1486228470137	-2.11984	1.63808	-2.13996	1.76374	2.38185	-1.66254	-0.957681	-0.0634104	0.733669	0.335875	-0.00541629	-0.936561	0.0115748	-0.350271	4.18519	-4.29463	3.12709	-0.531083	-0.379005	2.94345	-0.354879	2.3869	-7.86234	14.1811	2.24274	-1.47132	-0.494268	
1486228470228	-2.11984	1.63808	-2.13996	1.76374	2.38187	-1.66254	-0.957681	-0.0634101	0.733671	0.335873	-0.00541237	-0.936563	0.0115697	-0.350266	4.22238	-4.25206	3.09113	-0.480354	-0.389647	2.9163	-0.355206	2.41003	-7.90423	13.9654	2.23084	-1.44625	-0.499493	
1486228470247	-2.11984	1.63808	-2.13996	1.76374	2.38187	-1.66254	-0.957681	-0.0634102	0.733671	0.335873	-0.00541193	-0.936563	0.0115689	-0.350266	4.23257	-4.26336	3.08943	-0.471055	-0.396254	2.91318	-0.356095	2.43867	-7.90904	13.9461	2.23568	-1.4399	-0.502955	
1486228470277	-2.11984	1.63808	-2.13996	1.76374	2.38187	-1.66254	-0.957681	-0.0634102	0.733671	0.335873	-0.00541193	-0.936563	0.0115689	-0.350266	4.23449	-4.24389	3.0755	-0.45663	-0.397854	2.90957	-0.357266	2.4402	-7.90395	13.8814	2.2329	-1.43694	-0.503324	
1486228470287	-2.11984	1.63808	-2.13996	1.76374	2.38187	-1.66254	-0.957681	-0.0634104	0.733671	0.335873	-0.00541119	-0.936564	0.0115674	-0.350265	4.23615	-4.24919	3.07236	-0.453125	-0.401048	2.90432	-0.357317	2.45316	-7.90003	13.863	2.23357	-1.43136	-0.50524	
1486228470337	-2.11984	1.63808	-2.13996	1.76374	2.38187	-1.66254	-0.957681	-0.0634103	0.733671	0.335873	-0.00541008	-0.936564	0.0115681	-0.350264	4.25294	-4.21721	3.05822	-0.433404	-0.400939	2.90067	-0.355126	2.43554	-7.92582	13.7866	2.22773	-1.42836	-0.502609	
1486228470517	-2.11984	1.63808	-2.13996	1.76374	2.38188	-1.66254	-0.957683	-0.06341	0.733671	0.335871	-0.00540905	-0.936565	0.0115669	-0.350262	4.25262	-4.21358	3.02804	-0.402596	-0.406192	2.8838	-0.360065	2.50079	-7.89067	13.6565	2.228	-1.41637	-0.51285	
1486228470567	-2.11984	1.63808	-2.13996	1.76374	2.38188	-1.66254	-0.957683	-0.06341	0.733672	0.335871	-0.00540795	-0.936565	0.0115655	-0.350261	4.25794	-4.20036	3.01973	-0.394465	-0.406252	2.8798	-0.359518	2.49441	-7.89772	13.6165	2.22472	-1.41338	-0.512662	
1486228470607	-2.11984	1.63808	-2.13996	1.76374	2.38188	-1.66254	-0.957683	-0.0634101	0.733672	0.335871	-0.00540756	-0.936565	0.0115647	-0.35026	4.26259	-4.19472	3.01903	-0.385572	-0.408358	2.87707	-0.358997	2.50515	-7.90266	13.5901	2.2229	-1.41109	-0.511882	
1486228470667	-2.11984	1.63808	-2.13996	1.76374	2.38188	-1.66254	-0.957683	-0.0634102	0.733672	0.335871	-0.00540734	-0.936566	0.0115644	-0.35026	4.24656	-4.18005	3.00808	-0.385129	-0.414572	2.87572	-0.357279	2.48455	-7.86263	13.5527	2.22346	-1.40539	-0.506888	
1486228470717	-2.11984	1.63808	-2.13996	1.76374	2.38189	-1.66254	-0.957683	-0.06341	0.733672	0.33587	-0.00540728	-0.936566	0.0115651	-0.35026	4.22906	-4.17924	3.0043	-0.382292	-0.416462	2.86911	-0.35918	2.50703	-7.82592	13.5221	2.22035	-1.40224	-0.507619	
1486228470727	-2.11984	1.63808	-2.13996	1.76374	2.38189	-1.66254	-0.957683	-0.06341	0.733672	0.33587	-0.00540728	-0.936566	0.0115651	-0.35026	4.22906	-4.17924	3.0043	-0.382292	-0.416462	2.86911	-0.35918	2.50703	-7.82592	13.5221	2.22035	-1.40224	-0.507619	
1486228470757	-2.11984	1.63808	-2.13996	1.76374	2.38189	-1.66254	-0.957683	-0.0634101	0.733672	0.33587	-0.00540689	-0.936566	0.0115643	-0.350259	4.23807	-4.1835	3.01006	-0.377663	-0.418254	2.86806	-0.359413	2.52189	-7.84319	13.5224	2.22007	-1.40101	-0.508439	
1486228473483	-2.11984	1.63807	-2.13995	1.76373	2.3819	-1.66253	-0.957693	-0.0634082	0.733673	0.335866	-0.00539889	-0.936567	0.0115686	-0.350256	4.21424	-4.12372	2.93616	-0.290641	-0.425792	2.80521	-0.364208	2.66516	-7.73478	13.104	2.19173	-1.36609	-0.519833	
