time	
77.1121	
77.1279	
77.1401	
77.1401	
77.1541	
77.1681	
77.1681	
77.1821	
77.1961	
77.2101	
77.2101	
77.2241	
77.2381	
77.2381	
77.2521	
77.2661	
77.2801	
77.2801	
77.2941	
77.3081	
77.3081	
77.3221	
77.3361	
77.3501	
77.3501	
77.3641	
77.3781	
77.3781	
77.3921	
77.4061	
77.4201	
77.4201	
77.4341	
77.4486	
77.4486	
77.4623	
77.4761	
77.4901	
77.4901	
77.5041	
77.5181	
77.5181	
77.5322	
77.5461	
77.5602	
77.5602	
77.5741	
77.5881	
77.5881	
77.6021	
77.6161	
77.6301	
77.6301	
77.6441	
77.6581	
77.6581	
77.6721	
77.6861	
77.7001	
77.7001	
77.7141	
77.7281	
77.7281	
77.7421	
77.7561	
77.7701	
77.7701	
77.7841	
77.7981	
77.7981	
77.8121	
77.8261	
77.8401	
77.8401	
77.8541	
77.8685	
77.8685	
77.8821	
77.8961	
77.9101	
77.9101	
77.9241	
77.9381	
77.9381	
77.9521	
77.9661	
77.9801	
77.9801	
77.9941	
78.0081	
78.0081	
78.0221	
78.0361	
78.0501	
78.0501	
78.0641	
78.0781	
78.0781	
78.0921	
78.1061	
78.1201	
78.1201	
78.1341	
78.1481	
78.1481	
78.1621	
78.1761	
78.1901	
78.1901	
78.2041	
78.2181	
78.2181	
78.2321	
78.2461	
78.2601	
78.2601	
78.2741	
78.2881	
78.2881	
78.3021	
78.3161	
78.3301	
78.3301	
78.3441	
78.3581	
78.3581	
78.3721	
78.3861	
78.4001	
78.4001	
78.4141	
78.4281	
78.4281	
78.4421	
78.4561	
78.4701	
78.4701	
78.4841	
78.4981	
78.4981	
78.5121	
78.5261	
78.5401	
78.5401	
78.5541	
78.5681	
78.5681	
78.5822	
78.5961	
78.6101	
78.6101	
78.6241	
78.6381	
78.6381	
78.6521	
78.6661	
78.6801	
78.6801	
78.6941	
78.7081	
78.7081	
78.7221	
78.7361	
78.7501	
78.7501	
78.7641	
78.7781	
78.7781	
78.7921	
78.8061	
78.8201	
78.8201	
78.8341	
78.8481	
78.8481	
78.8621	
78.8761	
78.8901	
78.8901	
78.9041	
78.9181	
78.9181	
78.9321	
78.9461	
78.9601	
78.9601	
78.9741	
78.9881	
78.9881	
79.0021	
79.0161	
79.0301	
79.0301	
79.0441	
79.0581	
79.0581	
79.0721	
79.0861	
79.1001	
79.1001	
79.1141	
79.1281	
79.1281	
79.1421	
79.1561	
79.1701	
79.1701	
79.1841	
79.1981	
79.1981	
79.2121	
79.2261	
79.2401	
79.2401	
79.2541	
79.2681	
79.2681	
79.2829	
79.2961	
79.3101	
79.3101	
79.3241	
79.3381	
79.3381	
79.3521	
79.3661	
79.3801	
79.3801	
79.3941	
79.4081	
79.4081	
79.4221	
79.4361	
79.4501	
79.4501	
79.4641	
79.4781	
79.4781	
79.4921	
79.5061	
79.5201	
79.5201	
79.5341	
79.5481	
79.5481	
79.5621	
79.5761	
79.5901	
79.5901	
79.6041	
79.6181	
79.6181	
79.6321	
79.6461	
79.6601	
79.6601	
79.6741	
79.6881	
79.6881	
79.7021	
79.7161	
79.7301	
79.7301	
79.7441	
79.7581	
79.7581	
79.7721	
79.7861	
79.8001	
79.8001	
79.8141	
79.8281	
79.8281	
79.8421	
79.8561	
79.8701	
79.8701	
79.8841	
79.8981	
79.8981	
79.9121	
79.9261	
79.9401	
79.9401	
79.9541	
79.9681	
79.9681	
79.9821	
79.9961	
80.0101	
80.0101	
80.0241	
80.0381	
80.0381	
80.0521	
80.0661	
80.0801	
80.0801	
80.0941	
80.1081	
80.1081	
80.1221	
80.1361	
80.1501	
80.1501	
80.1641	
80.1781	
80.1781	
80.1921	
80.2061	
80.2201	
80.2201	
80.2341	
80.2481	
80.2481	
80.2621	
80.2761	
80.2901	
80.2901	
80.3041	
80.3181	
80.3181	
80.3321	
80.3461	
80.3601	
80.3601	
80.3741	
80.3881	
80.3881	
80.4021	
80.4161	
80.4301	
80.4301	
80.4441	
80.4581	
80.4581	
80.4721	
80.4861	
80.5007	
80.5007	
80.5141	
80.5281	
80.5281	
80.5421	
80.5561	
80.5701	
80.5701	
80.5841	
80.5981	
80.5981	
80.6121	
80.6261	
80.6401	
80.6401	
80.6541	
80.6681	
80.6681	
80.6821	
80.6962	
80.7102	
80.7102	
80.7241	
80.7382	
80.7382	
80.7522	
80.7661	
80.7802	
80.7802	
80.7942	
80.8081	
80.8081	
80.8221	
80.8361	
80.8501	
80.8501	
80.8641	
80.8781	
80.8781	
80.8921	
80.9061	
80.9201	
80.9201	
80.9341	
80.9481	
80.9481	
80.9621	
80.9761	
80.9901	
80.9901	
81.0041	
81.0181	
81.0181	
81.0321	
81.0461	
81.0601	
81.0601	
81.0741	
81.0881	
81.0881	
81.1021	
81.1161	
81.1301	
81.1301	
81.1441	
81.1581	
81.1581	
81.1721	
81.1861	
81.2001	
81.2001	
81.2141	
81.2281	
81.2281	
81.2421	
81.2561	
81.2701	
81.2701	
81.2841	
81.2981	
81.2981	
81.3121	
81.3261	
81.3401	
81.3401	
81.3541	
81.3681	
81.3681	
81.3821	
81.3961	
81.4101	
81.4101	
81.4241	
81.4381	
81.4381	
81.4521	
81.4661	
81.4801	
81.4801	
81.4941	
81.5081	
81.5081	
81.5221	
81.5361	
81.5501	
81.5501	
81.5641	
81.5781	
81.5781	
81.5921	
81.6061	
81.6201	
81.6201	
81.6341	
81.6481	
81.6481	
81.6621	
81.6761	
81.6901	
81.6901	
81.7041	
81.7181	
81.7181	
81.7321	
81.7461	
81.7601	
81.7601	
81.7741	
81.7881	
81.7881	
81.8021	
81.8181	
81.8301	
81.8301	
81.8441	
81.8581	
81.8581	
81.8721	
81.8861	
81.9001	
81.9001	
81.9141	
81.9281	
81.9281	
81.9421	
81.9561	
81.9701	
81.9701	
81.9841	
81.9981	
81.9981	
82.0121	
82.0261	
82.0401	
82.0401	
82.0541	
82.0681	
82.0681	
82.0821	
82.0961	
82.1101	
82.1101	
82.1241	
82.1381	
82.1381	
82.1521	
82.1661	
82.1801	
82.1801	
82.1941	
82.2081	
82.2081	
82.2221	
82.2361	
82.2501	
82.2501	
82.2641	
82.2781	
82.2781	
82.2921	
82.3061	
82.3201	
82.3201	
82.3341	
82.3481	
82.3481	
82.3625	
82.3761	
82.3901	
82.3901	
82.4041	
82.4181	
82.4181	
82.4321	
82.4461	
82.4601	
82.4601	
82.4741	
82.4881	
82.4881	
82.5021	
82.5161	
82.5301	
82.5301	
82.5441	
82.5581	
82.5581	
82.5721	
82.5861	
82.6001	
82.6001	
82.6141	
82.6281	
82.6281	
82.6421	
82.6561	
82.6701	
82.6701	
82.6841	
82.6981	
82.6981	
82.7121	
82.7261	
82.7401	
