time	
1058.31	
1058.32	
1058.33	
1058.35	
1058.35	
1058.36	
1058.38	
1058.38	
1058.39	
1058.4	
1058.42	
1058.42	
1058.43	
1058.45	
1058.45	
1058.46	
1058.47	
1058.49	
1058.49	
1058.5	
1058.52	
1058.52	
1058.53	
1058.54	
1058.56	
1058.56	
1058.57	
1058.59	
1058.59	
1058.6	
1058.61	
1058.63	
1058.63	
1058.64	
1058.66	
1058.66	
1058.67	
1058.68	
1058.7	
1058.7	
1058.71	
1058.73	
1058.73	
1058.74	
1058.75	
1058.77	
1058.77	
1058.78	
1058.8	
1058.8	
1058.81	
1058.82	
1058.84	
1058.84	
1058.85	
1058.87	
1058.87	
1058.88	
1058.89	
1058.91	
1058.91	
1058.92	
1058.94	
1058.94	
1058.95	
1058.96	
1058.98	
1058.98	
1058.99	
1059.01	
1059.01	
1059.02	
1059.03	
1059.05	
1059.05	
1059.06	
1059.08	
1059.08	
1059.09	
1059.1	
1059.12	
1059.12	
1059.13	
1059.15	
1059.15	
1059.16	
1059.17	
1059.19	
1059.19	
1059.2	
1059.22	
1059.22	
1059.23	
1059.24	
1059.26	
1059.26	
1059.27	
1059.29	
1059.29	
1059.3	
1059.31	
1059.33	
1059.33	
1059.34	
1059.36	
1059.36	
1059.37	
1059.38	
1059.4	
1059.4	
1059.41	
1059.43	
1059.43	
1059.44	
1059.45	
1059.47	
1059.47	
1059.48	
1059.5	
1059.5	
1059.51	
1059.52	
1059.54	
1059.54	
1059.55	
1059.57	
1059.57	
1059.58	
1059.59	
1059.61	
1059.61	
1059.62	
1059.64	
1059.64	
1059.65	
1059.66	
1059.68	
1059.68	
1059.69	
1059.71	
1059.71	
1059.72	
1059.73	
1059.75	
1059.75	
1059.76	
1059.78	
1059.78	
1059.79	
1059.8	
1059.82	
1059.82	
1059.83	
1059.85	
1059.85	
1059.86	
1059.87	
1059.89	
1059.89	
1059.9	
1059.92	
1059.92	
1059.93	
1059.94	
1059.96	
1059.96	
1059.97	
1059.99	
1059.99	
1060	
1060.01	
1060.03	
1060.03	
1060.04	
1060.06	
1060.06	
1060.07	
1060.08	
1060.1	
1060.1	
1060.11	
1060.13	
1060.13	
1060.14	
1060.15	
1060.17	
1060.17	
1060.18	
1060.2	
1060.2	
1060.21	
1060.22	
1060.24	
1060.24	
1060.25	
1060.27	
1060.27	
1060.28	
1060.29	
1060.31	
1060.31	
1060.32	
1060.34	
1060.34	
1060.35	
1060.36	
1060.38	
1060.38	
1060.39	
1060.41	
1060.41	
1060.42	
1060.43	
1060.45	
1060.45	
1060.46	
1060.48	
1060.48	
1060.49	
1060.5	
1060.52	
1060.52	
1060.53	
1060.55	
1060.55	
1060.56	
1060.57	
1060.59	
1060.59	
1060.6	
1060.62	
1060.62	
1060.63	
1060.64	
1060.66	
1060.66	
1060.67	
1060.69	
1060.69	
1060.7	
1060.71	
1060.73	
1060.73	
1060.74	
1060.76	
1060.76	
1060.77	
1060.78	
1060.8	
1060.8	
1060.81	
1060.83	
1060.83	
1060.84	
1060.85	
1060.87	
1060.87	
1060.88	
1060.9	
1060.9	
1060.91	
1060.92	
1060.94	
1060.94	
1060.95	
1060.97	
1060.97	
1060.98	
1060.99	
1061.01	
1061.01	
1061.02	
1061.04	
1061.04	
1061.05	
1061.06	
1061.08	
1061.08	
1061.09	
1061.11	
1061.11	
1061.12	
1061.13	
1061.15	
1061.15	
1061.16	
1061.18	
1061.18	
1061.19	
1061.2	
1061.22	
1061.22	
1061.23	
1061.25	
1061.25	
1061.26	
1061.27	
1061.29	
1061.29	
1061.3	
1061.32	
1061.32	
1061.33	
1061.34	
1061.36	
1061.36	
1061.37	
1061.39	
1061.39	
1061.4	
1061.41	
1061.43	
1061.43	
1061.44	
1061.46	
1061.46	
1061.47	
1061.48	
1061.5	
1061.5	
1061.51	
1061.53	
1061.53	
1061.54	
1061.55	
1061.57	
1061.57	
1061.58	
1061.6	
1061.6	
1061.61	
1061.62	
1061.64	
1061.64	
1061.65	
1061.67	
1061.67	
1061.68	
1061.69	
1061.71	
1061.71	
1061.72	
1061.74	
1061.74	
1061.75	
1061.76	
1061.78	
1061.78	
1061.79	
1061.81	
1061.81	
1061.82	
1061.83	
1061.85	
1061.85	
1061.86	
1061.88	
1061.88	
1061.89	
1061.9	
1061.92	
1061.92	
1061.93	
1061.95	
1061.95	
1061.96	
1061.97	
1061.99	
1061.99	
1062	
1062.02	
1062.02	
1062.03	
1062.04	
1062.06	
1062.06	
1062.07	
1062.09	
1062.09	
1062.1	
1062.11	
1062.13	
1062.13	
1062.14	
1062.16	
1062.16	
1062.17	
1062.18	
1062.2	
1062.2	
1062.21	
1062.23	
1062.23	
1062.24	
1062.25	
1062.27	
1062.27	
1062.28	
1062.3	
1062.3	
1062.31	
1062.32	
1062.34	
1062.34	
1062.35	
1062.37	
1062.37	
1062.38	
1062.39	
1062.41	
1062.41	
1062.42	
1062.44	
1062.44	
1062.45	
1062.46	
1062.48	
1062.48	
1062.49	
1062.51	
1062.51	
1062.52	
1062.53	
1062.55	
1062.55	
1062.56	
1062.58	
1062.58	
1062.59	
1062.6	
1062.62	
1062.62	
1062.63	
1062.65	
1062.65	
1062.66	
1062.67	
1062.69	
1062.69	
1062.7	
1062.72	
1062.72	
1062.73	
1062.74	
1062.76	
1062.76	
1062.77	
1062.79	
1062.79	
1062.8	
1062.81	
1062.83	
1062.83	
1062.84	
1062.86	
1062.86	
1062.87	
1062.88	
1062.9	
1062.9	
1062.91	
1062.93	
1062.93	
1062.94	
1062.95	
1062.97	
1062.97	
1062.98	
1063	
1063	
1063.01	
1063.02	
1063.04	
1063.04	
1063.05	
1063.07	
1063.07	
1063.08	
1063.09	
1063.11	
1063.11	
1063.12	
1063.14	
1063.14	
1063.15	
1063.16	
1063.18	
1063.18	
1063.19	
1063.21	
1063.21	
1063.22	
1063.23	
1063.25	
1063.25	
1063.26	
1063.28	
1063.28	
1063.29	
1063.3	
1063.32	
1063.32	
1063.33	
1063.35	
1063.35	
1063.36	
1063.37	
1063.39	
1063.39	
1063.4	
1063.42	
1063.42	
1063.43	
1063.44	
1063.46	
1063.46	
1063.47	
1063.49	
1063.49	
1063.5	
1063.51	
1063.53	
1063.53	
1063.54	
1063.56	
1063.56	
1063.57	
1063.58	
1063.6	
1063.6	
1063.61	
1063.63	
1063.63	
1063.64	
1063.65	
1063.67	
1063.67	
1063.68	
1063.7	
1063.7	
1063.71	
1063.72	
1063.74	
1063.74	
1063.75	
1063.77	
1063.77	
1063.78	
1063.79	
1063.81	
1063.81	
1063.82	
1063.84	
1063.84	
1063.85	
1063.86	
1063.88	
1063.88	
1063.89	
1063.91	
1063.91	
1063.92	
1063.93	
1063.95	
1063.95	
1063.96	
1063.98	
1063.98	
1063.99	
1064	
1064.02	
1064.02	
1064.03	
1064.05	
1064.05	
1064.06	
1064.07	
1064.09	
1064.09	
1064.1	
1064.12	
1064.12	
1064.13	
1064.14	
1064.16	
1064.16	
1064.17	
1064.19	
1064.19	
1064.2	
1064.21	
1064.23	
1064.23	
1064.24	
1064.26	
1064.26	
1064.27	
1064.28	
1064.3	
1064.3	
1064.31	
1064.33	
1064.33	
1064.34	
1064.35	
1064.37	
1064.37	
1064.38	
1064.4	
1064.4	
1064.41	
1064.42	
1064.44	
1064.44	
1064.45	
1064.47	
1064.47	
1064.48	
1064.49	
1064.51	
1064.51	
1064.52	
1064.54	
1064.54	
1064.55	
1064.56	
1064.58	
1064.58	
1064.59	
1064.61	
1064.61	
1064.62	
1064.63	
1064.65	
1064.65	
1064.66	
1064.68	
1064.68	
1064.69	
1064.7	
1064.72	
1064.72	
1064.73	
1064.75	
1064.75	
1064.76	
1064.77	
1064.79	
1064.79	
1064.8	
1064.82	
1064.82	
1064.83	
1064.84	
1064.86	
1064.86	
1064.87	
1064.89	
1064.89	
1064.9	
1064.91	
1064.93	
1064.93	
1064.94	
1064.96	
1064.96	
1064.97	
1064.98	
1065	
1065	
1065.01	
1065.03	
1065.03	
1065.04	
1065.05	
1065.07	
1065.07	
1065.08	
1065.1	
1065.1	
1065.11	
1065.12	
1065.14	
1065.14	
1065.15	
1065.17	
1065.17	
1065.18	
1065.19	
1065.21	
1065.21	
1065.22	
1065.24	
1065.24	
1065.25	
1065.26	
1065.28	
1065.28	
1065.29	
1065.31	
1065.31	
1065.32	
1065.33	
1065.35	
1065.35	
1065.36	
1065.38	
1065.38	
1065.39	
1065.4	
1065.42	
1065.42	
1065.43	
1065.45	
1065.45	
1065.46	
1065.47	
1065.49	
1065.49	
1065.5	
1065.52	
1065.52	
1065.53	
1065.54	
1065.56	
1065.56	
1065.57	
1065.59	
1065.59	
1065.6	
1065.61	
1065.63	
1065.63	
1065.64	
1065.66	
1065.66	
1065.67	
1065.68	
1065.7	
1065.7	
1065.71	
1065.73	
1065.73	
1065.74	
1065.75	
1065.77	
1065.77	
1065.78	
1065.8	
1065.8	
1065.81	
1065.82	
1065.84	
1065.84	
1065.85	
1065.87	
1065.87	
1065.88	
1065.89	
1065.91	
1065.91	
1065.92	
1065.94	
1065.94	
1065.95	
1065.96	
1065.98	
1065.98	
1065.99	
1066.01	
1066.01	
1066.02	
1066.03	
1066.05	
1066.05	
1066.06	
1066.08	
1066.08	
1066.09	
1066.1	
1066.12	
1066.12	
1066.13	
1066.15	
1066.15	
1066.16	
1066.17	
1066.19	
1066.19	
1066.2	
1066.22	
1066.22	
1066.23	
1066.24	
1066.26	
1066.26	
1066.27	
1066.29	
1066.29	
1066.3	
1066.31	
1066.33	
1066.33	
1066.34	
1066.36	
1066.36	
1066.37	
1066.38	
1066.4	
1066.4	
1066.41	
1066.43	
1066.43	
1066.44	
1066.45	
1066.47	
1066.47	
1066.48	
1066.5	
1066.5	
1066.51	
1066.52	
1066.54	
1066.54	
1066.55	
1066.57	
1066.57	
1066.58	
1066.59	
1066.61	
1066.61	
1066.62	
1066.64	
1066.64	
1066.65	
1066.66	
1066.68	
1066.68	
1066.69	
1066.71	
1066.71	
1066.72	
1066.73	
1066.75	
1066.75	
1066.76	
1066.78	
1066.78	
1066.79	
1066.8	
1066.82	
1066.82	
1066.83	
1066.85	
1066.85	
1066.86	
1066.87	
1066.89	
1066.89	
1066.9	
1066.92	
1066.92	
1066.93	
1066.94	
1066.96	
1066.96	
1066.97	
1066.99	
1066.99	
1067	
1067.01	
1067.03	
1067.03	
1067.04	
1067.06	
1067.06	
1067.07	
1067.08	
1067.1	
1067.1	
1067.11	
1067.13	
1067.13	
1067.14	
1067.15	
1067.17	
1067.17	
1067.18	
1067.2	
1067.2	
1067.21	
1067.22	
1067.24	
1067.24	
1067.25	
1067.27	
1067.27	
1067.28	
1067.29	
1067.31	
1067.31	
1067.32	
1067.34	
1067.34	
1067.35	
1067.36	
1067.38	
1067.38	
1067.39	
1067.41	
1067.41	
1067.42	
1067.43	
1067.45	
1067.45	
1067.46	
1067.48	
1067.48	
1067.49	
1067.5	
1067.52	
1067.52	
1067.53	
1067.55	
1067.55	
1067.56	
1067.57	
1067.59	
1067.59	
1067.6	
1067.62	
1067.62	
1067.63	
1067.64	
1067.66	
1067.66	
1067.67	
1067.69	
1067.69	
1067.7	
1067.71	
1067.73	
1067.73	
1067.74	
1067.76	
1067.76	
1067.77	
1067.78	
1067.8	
1067.8	
1067.81	
1067.83	
1067.83	
1067.84	
1067.85	
1067.87	
1067.87	
1067.88	
1067.9	
1067.9	
1067.91	
1067.92	
1067.94	
1067.94	
1067.95	
1067.97	
1067.97	
1067.98	
1067.99	
1068.01	
1068.01	
1068.02	
1068.04	
1068.04	
1068.05	
1068.06	
1068.08	
1068.08	
1068.09	
1068.11	
1068.11	
1068.12	
1068.13	
1068.15	
1068.15	
1068.16	
1068.18	
1068.18	
1068.19	
1068.2	
1068.22	
1068.22	
1068.23	
1068.25	
1068.25	
1068.26	
1068.27	
1068.29	
1068.29	
1068.3	
1068.32	
1068.32	
1068.33	
1068.34	
1068.36	
1068.36	
1068.37	
1068.39	
1068.39	
1068.4	
1068.41	
1068.43	
1068.43	
1068.44	
1068.46	
1068.46	
1068.47	
1068.48	
1068.5	
1068.5	
1068.51	
1068.53	
1068.53	
1068.54	
1068.55	
1068.57	
1068.57	
1068.58	
1068.6	
1068.6	
1068.61	
1068.62	
1068.64	
1068.64	
1068.65	
1068.67	
1068.67	
1068.68	
1068.69	
1068.71	
1068.71	
1068.72	
1068.74	
1068.74	
1068.75	
1068.76	
1068.78	
1068.78	
1068.79	
1068.81	
1068.81	
1068.82	
1068.83	
1068.85	
1068.85	
1068.86	
1068.88	
1068.88	
1068.89	
1068.9	
1068.92	
1068.92	
1068.93	
1068.95	
1068.95	
1068.96	
1068.97	
1068.99	
1068.99	
1069	
1069.02	
1069.02	
1069.03	
1069.04	
1069.06	
1069.06	
1069.07	
1069.09	
1069.09	
1069.1	
1069.11	
1069.13	
1069.13	
1069.14	
1069.16	
1069.16	
1069.17	
1069.18	
1069.2	
1069.2	
1069.21	
1069.23	
1069.23	
1069.24	
1069.25	
1069.27	
1069.27	
1069.28	
1069.3	
1069.3	
1069.31	
1069.32	
1069.34	
1069.34	
1069.35	
1069.37	
1069.37	
1069.38	
1069.39	
1069.41	
1069.41	
1069.42	
1069.44	
1069.44	
1069.45	
1069.46	
1069.48	
1069.48	
1069.49	
1069.51	
1069.51	
1069.52	
1069.53	
1069.55	
1069.55	
1069.56	
1069.58	
1069.58	
1069.59	
1069.6	
1069.62	
1069.62	
1069.63	
1069.65	
1069.65	
1069.66	
1069.67	
1069.69	
1069.69	
1069.7	
1069.72	
1069.72	
1069.73	
1069.74	
1069.76	
1069.76	
1069.77	
1069.79	
1069.79	
1069.8	
1069.81	
1069.83	
1069.83	
1069.84	
1069.86	
1069.86	
1069.87	
1069.88	
1069.9	
1069.9	
1069.91	
1069.93	
1069.93	
1069.94	
1069.95	
1069.97	
1069.97	
1069.98	
1070	
1070	
1070.01	
1070.02	
1070.04	
1070.04	
1070.05	
1070.07	
1070.07	
1070.08	
1070.09	
1070.11	
1070.11	
1070.12	
1070.14	
1070.14	
1070.15	
1070.16	
1070.18	
1070.18	
1070.19	
1070.21	
1070.21	
1070.22	
1070.23	
1070.25	
1070.25	
1070.26	
1070.28	
1070.28	
1070.29	
1070.3	
1070.32	
1070.32	
1070.33	
1070.35	
1070.35	
1070.36	
1070.37	
1070.39	
1070.39	
1070.4	
1070.42	
1070.42	
1070.43	
1070.44	
1070.46	
1070.46	
1070.47	
1070.49	
1070.49	
1070.5	
1070.51	
1070.53	
1070.53	
1070.54	
1070.56	
1070.56	
1070.57	
1070.58	
1070.6	
1070.6	
1070.61	
1070.63	
1070.63	
1070.64	
1070.65	
1070.67	
1070.67	
1070.68	
1070.7	
1070.7	
1070.71	
1070.72	
1070.74	
1070.74	
1070.75	
1070.77	
1070.77	
1070.78	
1070.79	
1070.81	
1070.81	
1070.82	
1070.84	
1070.84	
1070.85	
1070.86	
1070.88	
1070.88	
1070.89	
1070.91	
1070.91	
1070.92	
1070.93	
1070.95	
1070.95	
1070.96	
1070.98	
1070.98	
1070.99	
1071	
1071.02	
1071.02	
1071.03	
1071.05	
1071.05	
1071.06	
1071.07	
1071.09	
1071.09	
1071.1	
1071.12	
1071.12	
1071.13	
1071.14	
1071.16	
1071.16	
1071.17	
1071.19	
1071.19	
1071.2	
1071.21	
1071.23	
1071.23	
1071.24	
1071.26	
1071.26	
1071.27	
1071.28	
1071.3	
