time	
597.762	
597.776	
597.79	
597.79	
597.804	
597.818	
597.818	
597.832	
597.846	
597.86	
597.86	
597.874	
597.888	
597.888	
597.902	
597.916	
597.93	
597.93	
597.944	
597.958	
597.958	
597.972	
597.986	
598	
598	
598.014	
598.028	
598.028	
598.042	
598.056	
598.07	
598.07	
598.084	
598.098	
598.098	
598.112	
598.126	
598.14	
598.14	
598.154	
598.168	
598.168	
598.182	
598.196	
598.21	
598.21	
598.224	
598.238	
598.238	
598.252	
598.266	
598.28	
598.28	
598.294	
598.308	
598.308	
598.322	
598.336	
598.35	
598.35	
598.364	
598.378	
598.378	
598.392	
598.406	
598.42	
598.42	
598.434	
598.448	
598.448	
598.462	
598.476	
598.49	
598.49	
598.504	
598.518	
598.518	
598.532	
598.546	
598.56	
598.56	
598.574	
598.588	
598.588	
598.602	
598.616	
598.63	
598.63	
598.644	
598.658	
598.658	
598.672	
598.686	
598.7	
598.7	
598.714	
598.728	
598.728	
598.742	
598.756	
598.77	
598.77	
598.784	
598.798	
598.798	
598.812	
598.826	
598.84	
598.84	
598.854	
598.868	
598.868	
598.883	
598.901	
598.91	
598.91	
598.924	
598.938	
598.938	
598.952	
598.966	
598.98	
598.98	
598.994	
599.008	
599.008	
599.022	
599.036	
599.05	
599.05	
599.064	
599.078	
599.078	
599.092	
599.106	
599.12	
599.12	
599.134	
599.148	
599.148	
599.162	
599.176	
599.19	
599.19	
599.204	
599.218	
599.218	
599.232	
599.246	
599.26	
599.26	
599.274	
599.288	
599.288	
599.302	
599.316	
599.33	
599.33	
599.344	
599.358	
599.358	
599.372	
599.386	
599.4	
599.4	
599.414	
599.428	
599.428	
599.442	
599.456	
599.47	
599.47	
599.484	
599.498	
599.498	
599.512	
599.526	
599.54	
599.54	
599.554	
599.568	
599.568	
599.582	
599.596	
599.61	
599.61	
599.624	
599.638	
599.638	
599.652	
599.666	
599.68	
599.68	
599.694	
599.708	
599.708	
599.722	
599.736	
599.75	
599.75	
599.764	
599.778	
599.778	
599.792	
599.806	
599.82	
599.82	
599.834	
599.848	
599.848	
599.862	
599.876	
599.89	
599.89	
599.904	
599.918	
599.918	
599.932	
599.946	
599.96	
599.96	
599.974	
599.988	
599.988	
600.002	
600.016	
600.03	
600.03	
600.044	
600.058	
600.058	
600.072	
600.086	
600.1	
600.1	
600.114	
600.128	
600.142	
600.142	
600.156	
600.17	
600.17	
600.184	
600.198	
600.198	
600.212	
600.226	
600.24	
600.24	
600.254	
600.268	
600.268	
600.282	
600.296	
600.31	
600.31	
600.324	
600.338	
600.352	
600.352	
600.366	
600.38	
600.38	
600.394	
600.408	
600.408	
600.422	
600.436	
600.45	
600.45	
600.464	
600.478	
600.478	
600.492	
600.506	
600.52	
600.52	
600.534	
600.548	
600.562	
600.562	
600.576	
600.59	
600.59	
600.604	
600.618	
600.618	
600.632	
600.646	
600.66	
600.66	
600.674	
600.688	
600.688	
600.702	
600.716	
600.73	
600.73	
600.744	
600.758	
600.772	
600.772	
600.786	
600.8	
600.8	
600.814	
600.828	
600.828	
600.842	
600.856	
600.87	
600.87	
600.884	
600.898	
600.898	
600.912	
600.926	
600.94	
600.94	
600.954	
600.968	
600.968	
600.982	
600.996	
601.01	
601.01	
601.024	
601.038	
601.038	
601.052	
601.066	
601.08	
601.08	
601.094	
601.108	
601.108	
601.122	
601.136	
601.15	
601.15	
601.164	
601.178	
601.178	
601.192	
601.206	
601.22	
601.22	
601.234	
601.248	
601.248	
601.262	
601.276	
601.29	
601.29	
601.304	
601.318	
601.318	
601.332	
601.346	
601.36	
601.36	
601.374	
601.388	
601.388	
601.402	
601.416	
601.43	
601.43	
601.444	
601.458	
601.458	
601.472	
601.486	
601.5	
601.5	
601.514	
601.528	
601.528	
601.542	
601.556	
601.57	
601.57	
601.584	
601.598	
601.598	
601.612	
601.626	
601.64	
601.64	
601.654	
601.668	
601.668	
601.682	
601.696	
601.71	
601.71	
601.724	
601.738	
601.738	
601.752	
601.766	
601.78	
601.78	
601.794	
601.808	
601.822	
601.822	
601.836	
601.85	
601.85	
601.864	
601.878	
601.878	
601.892	
601.906	
601.92	
601.92	
601.934	
601.948	
601.948	
601.962	
601.976	
601.99	
601.99	
602.004	
602.018	
602.018	
602.032	
602.046	
602.06	
602.06	
602.074	
602.088	
602.088	
602.102	
602.116	
602.13	
602.13	
602.144	
602.158	
602.158	
602.172	
602.186	
602.2	
602.2	
602.214	
602.228	
602.228	
602.242	
602.256	
602.27	
602.27	
602.284	
602.298	
602.298	
602.312	
602.326	
602.34	
602.34	
602.354	
602.368	
602.368	
602.382	
602.396	
602.41	
602.41	
602.424	
602.438	
602.438	
602.452	
602.466	
602.48	
602.48	
602.494	
602.508	
602.508	
602.522	
602.536	
602.55	
602.55	
602.564	
602.578	
602.578	
602.592	
602.606	
602.62	
602.62	
602.634	
602.648	
602.648	
602.662	
602.676	
602.69	
602.69	
602.704	
602.718	
602.718	
602.732	
602.746	
602.76	
602.76	
602.774	
602.788	
602.788	
602.802	
602.816	
602.83	
602.83	
602.844	
602.858	
602.858	
602.872	
602.886	
602.9	
602.9	
602.914	
602.928	
602.928	
602.942	
602.956	
602.97	
602.97	
602.984	
602.998	
602.998	
603.012	
603.026	
603.04	
603.04	
603.054	
603.068	
603.068	
603.082	
603.096	
603.11	
603.11	
603.124	
603.138	
603.138	
603.152	
603.166	
603.18	
603.18	
603.194	
603.208	
603.208	
603.222	
603.236	
603.25	
603.25	
603.264	
603.278	
603.278	
603.292	
603.306	
603.32	
603.32	
603.334	
603.348	
603.348	
603.362	
603.376	
603.39	
603.39	
603.404	
603.418	
603.418	
603.432	
603.446	
603.46	
603.46	
603.474	
603.488	
603.488	
603.502	
603.516	
603.53	
603.53	
603.544	
603.558	
603.558	
603.572	
603.586	
603.6	
603.6	
603.614	
603.628	
603.628	
603.642	
603.656	
603.67	
603.67	
603.684	
603.698	
603.698	
603.712	
603.726	
603.74	
603.74	
603.754	
603.768	
603.768	
603.782	
603.796	
603.81	
603.81	
603.824	
603.838	
603.838	
603.852	
603.866	
603.88	
603.88	
603.894	
603.908	
603.908	
603.922	
603.936	
603.95	
603.95	
603.964	
603.978	
603.978	
603.992	
604.006	
604.02	
604.02	
604.034	
604.048	
604.048	
604.062	
604.076	
604.09	
604.09	
604.104	
604.118	
604.118	
604.132	
604.146	
604.16	
604.16	
604.174	
604.188	
604.188	
604.202	
604.216	
604.23	
604.23	
604.244	
604.258	
604.258	
604.272	
604.286	
604.3	
604.3	
604.314	
604.328	
604.328	
604.342	
604.356	
604.37	
604.37	
604.384	
604.398	
604.398	
604.412	
604.426	
604.44	
604.44	
604.454	
604.468	
604.468	
604.482	
604.496	
604.51	
604.51	
604.524	
604.538	
604.538	
604.552	
604.566	
604.58	
604.58	
604.594	
604.608	
604.608	
604.622	
604.636	
604.65	
604.65	
604.664	
604.678	
604.678	
604.692	
604.706	
604.72	
604.72	
604.734	
604.748	
604.748	
604.762	
604.776	
604.79	
604.79	
604.804	
604.818	
604.818	
604.832	
604.846	
604.86	
604.86	
604.874	
604.888	
604.888	
604.902	
604.916	
604.93	
604.93	
604.944	
604.958	
604.958	
604.972	
604.986	
605	
605	
605.014	
605.028	
605.028	
605.042	
605.056	
605.07	
605.07	
605.084	
605.098	
605.098	
605.112	
605.126	
605.14	
605.14	
605.154	
605.168	
605.168	
605.182	
605.196	
605.21	
605.21	
605.224	
605.238	
605.238	
605.252	
605.266	
605.28	
605.28	
605.294	
605.308	
605.308	
605.322	
605.336	
605.35	
605.35	
605.364	
605.378	
605.378	
605.392	
605.406	
605.42	
605.42	
605.434	
605.448	
605.448	
605.462	
605.476	
605.49	
605.49	
605.504	
605.518	
605.518	
605.532	
605.546	
605.56	
605.56	
605.574	
605.588	
605.588	
605.602	
605.616	
605.63	
605.63	
605.644	
605.658	
605.658	
605.672	
605.686	
605.7	
605.7	
605.714	
605.728	
605.728	
605.742	
605.756	
605.77	
605.77	
605.784	
605.798	
605.798	
605.812	
605.826	
605.84	
605.84	
605.854	
605.868	
605.868	
605.882	
605.896	
605.91	
605.91	
605.924	
605.938	
605.938	
605.952	
605.966	
605.98	
605.98	
605.994	
606.008	
606.008	
606.022	
606.036	
606.05	
606.05	
606.064	
606.078	
606.078	
606.092	
606.106	
606.12	
606.12	
606.134	
606.148	
606.148	
606.162	
606.176	
606.19	
606.19	
606.204	
606.218	
606.218	
606.232	
606.246	
606.26	
606.26	
606.274	
606.288	
606.288	
606.302	
606.316	
606.33	
606.33	
606.344	
606.358	
606.358	
606.372	
606.386	
606.4	
606.4	
606.414	
606.428	
606.428	
606.442	
606.456	
606.47	
606.47	
606.484	
606.498	
606.498	
606.512	
606.526	
606.54	
606.54	
606.554	
606.568	
606.568	
606.582	
606.596	
606.61	
606.61	
606.624	
606.638	
606.638	
606.652	
606.666	
606.68	
606.68	
606.694	
606.708	
606.708	
606.722	
606.736	
606.75	
606.75	
606.764	
606.778	
606.778	
606.792	
606.806	
606.82	
606.82	
606.834	
606.848	
606.848	
606.862	
606.876	
606.89	
606.89	
606.904	
606.918	
606.918	
606.932	
606.946	
606.96	
606.96	
606.974	
606.988	
606.988	
607.002	
607.016	
607.03	
607.03	
607.044	
607.058	
607.058	
607.072	
607.086	
607.1	
607.1	
607.114	
607.128	
607.128	
607.142	
607.156	
607.17	
607.17	
607.184	
607.198	
607.198	
607.212	
607.226	
607.24	
607.24	
607.254	
607.268	
607.268	
607.282	
607.296	
607.31	
607.31	
607.324	
607.338	
607.338	
607.352	
607.366	
607.38	
607.38	
607.394	
607.408	
607.408	
607.422	
607.436	
607.45	
607.45	
607.464	
607.478	
607.478	
607.492	
607.506	
607.52	
607.52	
607.534	
607.548	
607.548	
607.562	
607.576	
607.59	
607.59	
607.604	
607.618	
607.618	
607.632	
607.646	
607.66	
607.66	
607.674	
607.688	
607.688	
607.702	
607.716	
607.73	
607.73	
607.744	
607.758	
607.758	
607.772	
607.786	
607.8	
607.8	
607.814	
607.828	
607.828	
607.842	
607.856	
607.87	
607.87	
607.884	
607.898	
607.898	
607.912	
607.926	
607.94	
607.94	
607.954	
607.968	
607.968	
607.982	
607.996	
608.01	
608.01	
608.024	
608.038	
608.038	
608.052	
608.066	
608.08	
608.08	
608.094	
608.108	
608.108	
608.122	
608.136	
608.15	
608.15	
608.164	
608.178	
608.178	
608.192	
608.206	
608.22	
608.22	
608.234	
608.248	
608.248	
608.262	
608.276	
608.29	
608.29	
608.304	
608.318	
608.318	
608.332	
608.346	
608.36	
608.36	
608.374	
608.388	
608.388	
608.402	
608.416	
608.43	
608.43	
608.444	
608.458	
608.458	
608.472	
608.486	
608.5	
608.5	
608.514	
608.528	
608.528	
608.542	
608.556	
608.57	
608.57	
608.584	
608.598	
608.598	
608.612	
608.626	
608.64	
608.64	
608.654	
608.668	
608.668	
608.682	
608.696	
608.71	
608.71	
608.724	
608.738	
608.738	
608.752	
608.766	
608.78	
608.78	
608.794	
608.808	
608.808	
608.822	
608.836	
608.85	
608.85	
608.864	
608.878	
608.878	
608.892	
608.906	
608.92	
608.92	
608.934	
608.948	
608.948	
608.962	
608.976	
608.99	
608.99	
609.004	
609.018	
609.018	
609.032	
609.046	
609.06	
609.06	
609.074	
609.088	
609.088	
609.102	
609.116	
609.13	
609.13	
609.144	
609.158	
609.158	
609.172	
609.186	
609.2	
609.2	
609.214	
609.228	
609.228	
609.242	
609.256	
609.27	
609.27	
609.284	
609.298	
609.298	
609.312	
609.326	
609.34	
609.34	
609.354	
609.368	
609.368	
609.382	
609.396	
609.41	
609.41	
609.424	
609.438	
609.438	
609.452	
609.466	
609.48	
609.48	
609.494	
609.508	
609.508	
609.522	
609.536	
609.55	
609.55	
609.564	
609.578	
609.578	
609.592	
609.606	
609.62	
609.62	
609.634	
609.648	
609.648	
609.662	
609.676	
609.69	
609.69	
609.704	
609.718	
609.718	
609.732	
609.746	
609.76	
609.76	
609.774	
609.788	
609.788	
609.802	
609.816	
609.83	
609.83	
609.844	
609.858	
609.858	
609.872	
609.886	
609.9	
609.9	
609.914	
609.928	
609.928	
609.942	
609.956	
609.97	
609.97	
609.984	
609.998	
609.998	
610.012	
610.026	
610.04	
610.04	
610.054	
610.068	
610.068	
610.082	
610.096	
610.11	
610.11	
610.124	
610.138	
610.138	
610.152	
610.166	
610.18	
610.18	
610.194	
610.208	
610.208	
610.222	
610.236	
610.25	
610.25	
610.264	
610.278	
610.278	
610.292	
610.306	
610.32	
610.32	
610.334	
610.348	
610.348	
610.362	
610.376	
610.39	
610.39	
610.404	
610.418	
610.418	
610.432	
610.446	
610.46	
610.46	
610.474	
610.488	
610.488	
610.502	
610.516	
610.53	
610.53	
610.544	
610.558	
610.558	
610.572	
610.586	
610.6	
610.6	
610.614	
610.628	
610.628	
610.642	
610.656	
610.67	
610.67	
610.684	
610.698	
610.698	
610.712	
610.726	
