time	
450.17	
450.184	
450.198	
450.212	
450.212	
450.226	
450.24	
450.24	
450.254	
450.268	
450.282	
450.282	
450.296	
450.31	
450.31	
450.324	
450.338	
450.338	
450.354	
450.366	
450.38	
450.38	
450.394	
450.408	
450.422	
450.422	
450.437	
450.45	
450.45	
450.464	
450.478	
450.492	
450.492	
450.506	
450.52	
450.52	
450.534	
450.548	
450.562	
450.562	
450.576	
450.59	
450.59	
450.604	
450.618	
450.632	
450.632	
450.646	
450.66	
450.66	
450.674	
450.688	
450.702	
450.702	
450.716	
450.73	
450.73	
450.744	
450.758	
450.772	
450.772	
450.786	
450.8	
450.8	
450.814	
450.828	
450.842	
450.842	
450.856	
450.87	
450.87	
450.884	
450.898	
450.912	
450.912	
450.926	
450.941	
450.941	
450.954	
450.968	
450.982	
450.982	
450.996	
451.01	
451.01	
451.024	
451.038	
451.052	
451.052	
451.066	
451.08	
451.08	
451.094	
451.108	
451.122	
451.122	
451.136	
451.15	
451.15	
451.164	
451.178	
451.192	
451.192	
451.206	
451.22	
451.22	
451.234	
451.248	
451.262	
451.262	
451.276	
451.29	
451.29	
451.305	
451.318	
451.332	
451.332	
451.346	
451.36	
451.36	
451.389	
451.389	
451.402	
451.402	
451.417	
451.431	
451.431	
451.444	
451.458	
451.472	
451.472	
451.486	
451.501	
451.501	
451.514	
451.528	
451.528	
451.544	
451.556	
451.57	
451.57	
451.586	
451.598	
451.612	
451.612	
451.627	
451.64	
451.64	
451.655	
451.671	
451.682	
451.682	
451.696	
451.71	
451.71	
451.724	
451.74	
451.752	
451.752	
451.766	
451.78	
451.78	
451.794	
451.808	
451.822	
451.822	
451.836	
451.85	
451.85	
451.864	
451.878	
451.892	
451.892	
451.906	
451.92	
451.92	
451.934	
451.948	
451.962	
451.962	
451.978	
451.99	
451.99	
452.004	
452.018	
452.032	
452.032	
452.046	
452.06	
452.06	
452.074	
452.089	
452.089	
452.106	
452.116	
452.13	
452.13	
452.144	
452.158	
452.172	
452.172	
452.186	
452.2	
452.2	
452.214	
452.228	
452.242	
452.242	
452.256	
452.27	
452.27	
452.284	
452.298	
452.312	
452.312	
452.326	
452.34	
452.34	
452.354	
452.368	
452.382	
452.382	
452.396	
452.41	
452.41	
452.424	
452.438	
452.452	
452.452	
452.466	
452.48	
452.48	
452.494	
452.508	
452.522	
452.522	
452.536	
452.55	
452.55	
452.564	
452.578	
452.592	
452.592	
452.606	
452.62	
452.62	
452.634	
452.648	
452.662	
452.662	
452.676	
452.69	
452.69	
452.704	
452.718	
452.732	
452.732	
452.746	
452.76	
452.76	
452.774	
452.788	
452.802	
452.802	
452.816	
452.83	
452.83	
452.844	
452.858	
452.872	
452.872	
452.886	
452.886	
452.903	
452.914	
452.928	
452.942	
452.942	
452.956	
452.97	
452.97	
452.984	
452.998	
453.012	
453.012	
453.026	
453.04	
453.04	
453.054	
453.068	
453.082	
453.082	
453.096	
453.11	
453.11	
453.124	
453.138	
453.152	
453.152	
453.166	
453.18	
453.18	
453.194	
453.208	
453.222	
453.222	
453.236	
453.25	
453.25	
453.264	
453.278	
453.292	
453.292	
453.306	
453.32	
453.32	
453.334	
453.348	
453.362	
453.362	
453.376	
453.39	
453.39	
453.404	
453.418	
453.432	
453.432	
453.446	
453.46	
453.46	
453.474	
453.488	
453.502	
453.502	
453.516	
453.53	
453.53	
453.544	
453.558	
453.572	
453.572	
453.586	
453.6	
453.6	
453.614	
453.628	
453.642	
453.642	
453.656	
453.67	
453.67	
453.684	
453.698	
453.712	
453.712	
453.726	
453.74	
453.74	
453.754	
453.768	
453.782	
453.782	
453.796	
453.81	
453.81	
453.824	
453.838	
453.852	
453.852	
453.866	
453.88	
453.88	
453.894	
453.908	
453.922	
453.922	
453.936	
453.95	
453.95	
453.964	
453.978	
453.992	
453.992	
454.006	
454.02	
454.02	
454.034	
454.048	
454.062	
454.062	
454.076	
454.09	
454.09	
454.104	
454.118	
454.132	
454.132	
454.146	
454.16	
454.16	
454.174	
454.188	
454.202	
454.202	
454.216	
454.23	
454.23	
454.244	
454.258	
454.272	
454.272	
454.286	
454.3	
454.3	
454.314	
454.328	
454.342	
454.342	
454.356	
454.37	
454.37	
454.384	
454.398	
454.412	
454.412	
454.426	
454.44	
454.44	
454.454	
454.468	
454.482	
454.482	
454.496	
454.51	
454.51	
454.524	
454.538	
454.552	
454.552	
454.566	
454.58	
454.58	
454.594	
454.608	
454.622	
454.622	
454.636	
454.65	
454.65	
454.664	
454.678	
454.692	
454.692	
454.706	
454.72	
454.72	
454.734	
454.748	
454.762	
454.762	
454.776	
454.79	
454.79	
454.804	
454.818	
454.832	
454.832	
454.846	
454.86	
454.86	
454.874	
454.888	
454.902	
454.902	
454.916	
454.93	
454.93	
454.944	
454.958	
454.972	
454.972	
454.986	
455	
455	
455.014	
455.028	
455.042	
455.042	
455.056	
455.07	
455.07	
455.084	
455.098	
455.112	
455.112	
455.126	
455.14	
455.14	
455.154	
455.168	
455.182	
455.182	
455.196	
455.21	
455.21	
455.224	
455.238	
455.252	
455.252	
455.266	
455.28	
455.28	
455.294	
455.308	
455.322	
455.322	
455.336	
455.35	
455.35	
455.364	
455.378	
455.392	
455.392	
455.406	
455.42	
455.42	
455.434	
455.448	
455.462	
455.462	
455.476	
455.49	
455.49	
455.504	
455.518	
455.532	
455.532	
455.546	
455.56	
455.56	
455.574	
455.588	
455.602	
455.602	
455.616	
455.63	
455.63	
455.644	
455.658	
455.672	
455.672	
455.686	
455.7	
455.7	
455.714	
455.728	
