time	
2486.97	
2486.99	
2486.99	
2487	
2487.01	
2487.03	
2487.03	
2487.04	
2487.06	
2487.06	
2487.07	
2487.08	
2487.1	
2487.1	
2487.11	
2487.13	
2487.13	
2487.14	
2487.15	
2487.17	
2487.17	
2487.18	
2487.2	
2487.2	
2487.21	
2487.22	
2487.24	
2487.24	
2487.25	
2487.27	
2487.27	
2487.28	
2487.29	
2487.31	
2487.31	
2487.32	
2487.34	
2487.34	
2487.35	
2487.36	
2487.38	
2487.38	
2487.39	
2487.41	
2487.41	
2487.42	
2487.43	
2487.45	
2487.45	
2487.46	
2487.48	
2487.48	
2487.49	
2487.5	
2487.52	
2487.52	
2487.53	
2487.55	
2487.55	
2487.56	
2487.57	
2487.59	
2487.59	
2487.6	
2487.62	
2487.62	
2487.63	
2487.64	
2487.66	
2487.66	
2487.67	
2487.69	
2487.69	
2487.7	
2487.71	
2487.73	
2487.73	
2487.74	
2487.76	
2487.76	
2487.77	
2487.78	
2487.8	
2487.8	
2487.81	
2487.83	
2487.83	
2487.84	
2487.85	
2487.87	
2487.87	
2487.88	
2487.9	
2487.9	
2487.91	
2487.92	
2487.94	
2487.94	
2487.95	
2487.97	
2487.97	
2487.98	
2487.98	
2488.01	
2488.01	
2488.02	
2488.04	
2488.04	
2488.05	
2488.06	
2488.08	
2488.08	
2488.09	
2488.11	
2488.11	
2488.12	
2488.13	
2488.15	
2488.15	
2488.16	
2488.18	
2488.18	
2488.19	
2488.2	
2488.22	
2488.22	
2488.23	
2488.25	
2488.25	
2488.26	
2488.27	
2488.29	
2488.29	
2488.3	
2488.32	
2488.32	
2488.33	
2488.34	
2488.36	
2488.36	
2488.37	
2488.39	
2488.39	
2488.4	
2488.41	
2488.43	
2488.43	
2488.44	
2488.46	
2488.46	
2488.47	
2488.48	
2488.5	
2488.5	
2488.51	
2488.53	
2488.53	
2488.54	
2488.55	
2488.57	
2488.57	
2488.58	
2488.6	
2488.6	
2488.61	
2488.62	
2488.64	
2488.64	
2488.65	
2488.67	
2488.67	
2488.68	
2488.69	
2488.71	
2488.71	
2488.72	
2488.74	
2488.74	
2488.75	
2488.76	
2488.78	
2488.78	
2488.79	
2488.81	
2488.81	
2488.82	
2488.83	
2488.85	
2488.85	
2488.86	
2488.88	
2488.88	
2488.89	
2488.9	
2488.92	
2488.92	
2488.93	
2488.95	
2488.95	
2488.96	
2488.97	
2488.99	
2488.99	
2489	
2489.02	
2489.02	
2489.03	
2489.04	
2489.06	
2489.06	
2489.07	
2489.09	
2489.09	
2489.1	
2489.11	
2489.13	
2489.13	
2489.14	
2489.16	
2489.16	
2489.17	
2489.18	
2489.2	
2489.2	
2489.21	
2489.23	
2489.23	
2489.24	
2489.25	
2489.27	
2489.27	
2489.28	
2489.3	
2489.3	
2489.31	
2489.32	
2489.34	
2489.34	
2489.35	
2489.35	
2489.35	
2489.38	
2489.38	
2489.4	
2489.41	
2489.42	
2489.44	
2489.44	
2489.45	
2489.46	
2489.48	
2489.48	
2489.49	
2489.51	
2489.51	
2489.52	
2489.53	
2489.55	
2489.55	
2489.56	
2489.58	
2489.58	
2489.59	
2489.6	
2489.62	
2489.62	
2489.63	
2489.65	
2489.65	
2489.66	
2489.67	
2489.69	
2489.69	
2489.7	
2489.72	
2489.72	
2489.73	
2489.74	
2489.76	
2489.76	
2489.77	
2489.79	
2489.79	
2489.8	
2489.81	
2489.83	
2489.83	
2489.84	
2489.86	
2489.86	
2489.87	
2489.88	
2489.9	
2489.9	
2489.91	
2489.93	
2489.93	
2489.94	
2489.95	
2489.97	
2489.97	
2489.98	
2490	
2490	
2490.01	
2490.02	
2490.04	
2490.04	
2490.05	
2490.07	
2490.07	
2490.08	
2490.09	
2490.11	
2490.11	
2490.12	
2490.14	
2490.14	
2490.15	
2490.16	
2490.18	
2490.18	
2490.19	
2490.21	
2490.21	
2490.22	
2490.23	
2490.25	
2490.25	
2490.26	
2490.28	
2490.28	
2490.29	
2490.3	
2490.32	
2490.32	
2490.33	
2490.35	
2490.35	
2490.36	
2490.37	
2490.39	
2490.39	
2490.4	
2490.42	
2490.42	
2490.43	
2490.44	
2490.46	
2490.46	
2490.47	
2490.49	
2490.49	
2490.5	
2490.51	
2490.53	
2490.53	
2490.54	
2490.56	
2490.56	
2490.57	
2490.58	
2490.6	
2490.6	
2490.61	
2490.63	
2490.63	
2490.64	
2490.65	
2490.67	
2490.67	
2490.68	
2490.7	
2490.7	
2490.71	
2490.72	
2490.74	
2490.74	
2490.75	
2490.77	
2490.77	
2490.78	
2490.79	
2490.81	
2490.81	
2490.82	
2490.84	
2490.84	
2490.85	
2490.86	
2490.88	
2490.88	
2490.89	
2490.91	
2490.91	
2490.92	
2490.93	
2490.95	
2490.95	
2490.96	
2490.98	
2490.98	
2490.99	
2491	
2491.02	
2491.02	
2491.03	
2491.05	
2491.05	
2491.06	
2491.07	
2491.09	
2491.09	
2491.1	
2491.12	
2491.12	
2491.13	
2491.14	
2491.16	
2491.16	
2491.17	
2491.19	
2491.19	
2491.2	
2491.21	
2491.23	
2491.23	
2491.24	
2491.26	
2491.26	
2491.27	
2491.28	
2491.3	
2491.3	
2491.31	
2491.33	
2491.33	
2491.34	
2491.35	
2491.37	
2491.37	
2491.38	
2491.4	
2491.4	
2491.41	
2491.42	
2491.44	
2491.44	
2491.45	
2491.47	
2491.47	
2491.48	
2491.49	
2491.51	
2491.51	
2491.52	
2491.54	
2491.54	
2491.55	
2491.56	
2491.58	
2491.58	
2491.59	
2491.61	
2491.61	
2491.62	
2491.63	
2491.65	
2491.65	
2491.66	
2491.68	
2491.68	
2491.69	
2491.7	
2491.72	
2491.72	
2491.73	
2491.75	
2491.75	
2491.76	
2491.77	
2491.79	
2491.79	
2491.8	
2491.82	
2491.82	
2491.83	
2491.84	
2491.86	
2491.86	
2491.87	
2491.89	
2491.89	
2491.9	
2491.91	
2491.93	
2491.93	
2491.94	
2491.96	
2491.96	
2491.97	
2491.98	
2492	
2492	
2492.01	
2492.03	
2492.03	
2492.04	
2492.05	
2492.07	
2492.07	
2492.08	
2492.1	
2492.1	
2492.11	
2492.12	
2492.14	
2492.14	
2492.15	
2492.17	
2492.17	
2492.18	
2492.19	
2492.21	
2492.21	
2492.22	
2492.24	
2492.24	
2492.25	
2492.26	
2492.28	
2492.28	
2492.29	
2492.31	
2492.31	
2492.32	
2492.33	
2492.35	
2492.35	
2492.36	
2492.38	
2492.38	
2492.39	
2492.4	
2492.42	
2492.42	
2492.43	
2492.45	
2492.45	
2492.46	
2492.47	
2492.49	
2492.49	
2492.5	
2492.52	
2492.52	
2492.53	
2492.54	
2492.56	
2492.56	
2492.57	
2492.59	
2492.59	
2492.6	
2492.61	
2492.63	
2492.63	
2492.64	
2492.66	
2492.66	
2492.67	
2492.68	
2492.7	
2492.7	
2492.71	
2492.73	
2492.73	
2492.74	
2492.75	
2492.77	
2492.77	
2492.78	
2492.8	
2492.8	
2492.81	
2492.82	
2492.84	
2492.84	
2492.85	
2492.87	
2492.87	
2492.88	
2492.89	
2492.91	
2492.91	
2492.92	
2492.94	
2492.94	
2492.95	
2492.96	
2492.98	
2492.98	
2492.99	
2493.01	
2493.01	
2493.02	
2493.03	
2493.05	
2493.05	
2493.06	
2493.08	
2493.08	
2493.09	
2493.1	
2493.12	
2493.12	
2493.13	
2493.15	
2493.15	
2493.16	
2493.17	
2493.19	
2493.19	
2493.2	
2493.22	
2493.22	
2493.23	
2493.24	
2493.26	
2493.26	
2493.27	
2493.29	
2493.29	
2493.3	
2493.31	
2493.33	
2493.33	
2493.34	
2493.36	
2493.36	
2493.37	
2493.38	
2493.4	
2493.4	
2493.41	
2493.43	
2493.43	
2493.44	
2493.45	
2493.47	
2493.47	
2493.48	
2493.5	
2493.5	
2493.51	
2493.52	
2493.54	
2493.54	
2493.55	
2493.57	
2493.57	
2493.58	
2493.59	
2493.61	
2493.61	
2493.62	
2493.64	
2493.64	
2493.65	
2493.66	
2493.68	
2493.68	
2493.69	
2493.71	
2493.71	
2493.72	
2493.73	
2493.75	
2493.75	
2493.76	
2493.78	
2493.78	
2493.79	
2493.8	
2493.82	
2493.82	
2493.83	
2493.85	
2493.85	
2493.86	
2493.87	
2493.89	
2493.89	
2493.9	
2493.92	
2493.92	
2493.93	
2493.94	
2493.96	
2493.96	
2493.97	
2493.99	
2493.99	
2494	
2494.01	
2494.03	
2494.03	
2494.04	
2494.06	
2494.06	
2494.07	
2494.08	
2494.1	
2494.1	
2494.11	
2494.13	
2494.13	
2494.14	
2494.15	
2494.17	
2494.17	
2494.18	
2494.2	
2494.2	
2494.21	
2494.22	
2494.24	
2494.24	
2494.25	
2494.27	
2494.27	
2494.28	
2494.29	
2494.31	
2494.31	
2494.32	
2494.34	
2494.34	
2494.35	
2494.36	
2494.38	
2494.38	
2494.39	
2494.41	
2494.41	
2494.42	
2494.43	
2494.45	
2494.45	
2494.46	
2494.48	
2494.48	
2494.49	
2494.5	
2494.52	
2494.52	
2494.53	
2494.55	
2494.55	
2494.56	
2494.57	
2494.59	
2494.59	
2494.6	
2494.62	
2494.62	
2494.63	
2494.64	
2494.66	
2494.66	
2494.67	
2494.69	
2494.69	
2494.7	
2494.71	
2494.73	
2494.73	
2494.74	
2494.76	
2494.76	
2494.77	
2494.78	
2494.8	
2494.8	
2494.81	
2494.83	
2494.83	
2494.84	
2494.85	
2494.87	
2494.87	
2494.88	
2494.9	
2494.9	
2494.91	
2494.92	
2494.94	
2494.94	
2494.95	
2494.97	
2494.97	
2494.98	
2494.99	
2495.01	
2495.01	
2495.02	
2495.04	
2495.04	
2495.05	
2495.06	
2495.08	
2495.08	
2495.09	
2495.11	
2495.11	
2495.12	
2495.13	
2495.15	
2495.15	
2495.16	
2495.18	
2495.18	
2495.19	
2495.2	
2495.22	
2495.22	
2495.23	
2495.25	
2495.25	
2495.26	
2495.27	
2495.29	
2495.29	
2495.3	
2495.32	
2495.32	
2495.33	
2495.34	
2495.36	
2495.36	
2495.37	
2495.39	
2495.39	
2495.4	
2495.41	
2495.43	
2495.43	
2495.44	
2495.46	
2495.46	
2495.47	
2495.48	
2495.5	
2495.5	
2495.51	
2495.53	
2495.53	
2495.54	
2495.55	
2495.57	
2495.57	
2495.58	
2495.6	
2495.6	
2495.61	
2495.62	
2495.64	
2495.64	
2495.65	
2495.67	
2495.67	
2495.68	
2495.69	
2495.71	
2495.71	
2495.72	
2495.74	
2495.74	
2495.75	
2495.76	
2495.78	
2495.78	
2495.79	
2495.81	
2495.81	
2495.82	
2495.83	
2495.85	
2495.85	
2495.86	
2495.88	
2495.88	
2495.89	
2495.9	
2495.92	
2495.92	
2495.93	
2495.95	
2495.95	
2495.96	
2495.97	
2495.99	
2495.99	
2496	
2496.02	
2496.02	
2496.03	
2496.04	
2496.06	
2496.06	
2496.07	
2496.09	
2496.09	
2496.1	
2496.11	
2496.13	
2496.13	
2496.14	
2496.16	
2496.16	
2496.17	
2496.18	
2496.2	
2496.2	
2496.21	
2496.23	
2496.23	
2496.24	
2496.25	
2496.27	
2496.27	
2496.28	
2496.3	
2496.3	
2496.31	
2496.32	
2496.34	
2496.34	
2496.35	
2496.37	
2496.37	
2496.38	
2496.39	
2496.41	
2496.41	
2496.42	
2496.44	
2496.44	
2496.45	
2496.46	
2496.48	
2496.48	
2496.49	
2496.51	
2496.51	
2496.52	
2496.53	
2496.55	
2496.55	
2496.56	
2496.58	
2496.58	
2496.59	
2496.6	
2496.62	
2496.62	
2496.63	
2496.65	
2496.65	
2496.66	
2496.67	
2496.69	
2496.69	
2496.7	
2496.72	
2496.72	
2496.73	
2496.74	
2496.76	
2496.76	
2496.77	
2496.79	
2496.79	
2496.8	
2496.81	
2496.83	
2496.83	
2496.84	
2496.86	
2496.86	
2496.87	
2496.88	
2496.9	
2496.9	
2496.91	
2496.93	
2496.93	
2496.94	
2496.95	
2496.97	
2496.97	
2496.98	
2497	
2497	
2497.01	
2497.02	
2497.04	
2497.04	
2497.05	
2497.07	
2497.07	
2497.08	
2497.09	
2497.11	
2497.11	
2497.12	
2497.14	
2497.14	
2497.15	
2497.16	
2497.18	
2497.18	
2497.19	
2497.21	
2497.21	
2497.22	
2497.23	
2497.25	
2497.25	
2497.26	
2497.28	
2497.28	
2497.29	
2497.3	
2497.32	
2497.32	
2497.33	
2497.35	
2497.35	
2497.36	
2497.37	
2497.39	
2497.39	
2497.4	
2497.42	
2497.42	
2497.43	
2497.44	
2497.46	
2497.46	
2497.47	
2497.49	
2497.49	
2497.5	
2497.51	
2497.53	
2497.53	
2497.54	
2497.56	
2497.56	
2497.57	
2497.58	
2497.6	
2497.6	
2497.61	
2497.63	
2497.63	
2497.64	
2497.65	
2497.67	
2497.67	
2497.68	
2497.7	
2497.7	
2497.71	
2497.72	
2497.74	
2497.74	
2497.75	
2497.77	
2497.77	
2497.78	
2497.79	
2497.81	
2497.81	
2497.82	
2497.84	
2497.84	
2497.85	
2497.86	
2497.88	
2497.88	
2497.89	
2497.91	
2497.91	
2497.92	
2497.93	
2497.95	
2497.95	
2497.96	
2497.98	
2497.98	
2497.99	
2498	
2498.02	
2498.02	
2498.03	
2498.05	
2498.05	
2498.06	
2498.07	
2498.09	
2498.09	
2498.1	
2498.12	
2498.12	
2498.13	
2498.14	
2498.16	
2498.16	
2498.17	
2498.19	
2498.19	
2498.2	
2498.21	
2498.23	
2498.23	
2498.24	
2498.26	
2498.26	
2498.27	
2498.28	
2498.3	
2498.3	
2498.31	
2498.33	
2498.33	
2498.34	
2498.35	
2498.37	
2498.37	
2498.38	
2498.4	
2498.4	
2498.41	
2498.42	
2498.44	
2498.44	
2498.45	
2498.47	
2498.47	
2498.48	
2498.49	
2498.51	
2498.51	
2498.52	
2498.54	
2498.54	
2498.55	
2498.56	
2498.58	
2498.58	
2498.59	
2498.61	
2498.61	
2498.62	
2498.63	
2498.65	
2498.65	
2498.66	
2498.68	
2498.68	
2498.69	
2498.7	
2498.72	
2498.72	
2498.73	
2498.75	
2498.75	
2498.76	
2498.77	
2498.79	
2498.79	
2498.8	
2498.82	
2498.82	
2498.83	
2498.84	
2498.86	
2498.86	
2498.87	
2498.89	
2498.89	
2498.9	
2498.91	
2498.93	
2498.93	
2498.94	
2498.96	
2498.96	
2498.97	
2498.98	
2499	
2499	
2499.01	
2499.03	
2499.03	
2499.04	
2499.05	
2499.07	
2499.07	
2499.08	
2499.1	
2499.1	
2499.11	
2499.12	
2499.14	
2499.14	
2499.15	
2499.17	
2499.17	
2499.18	
2499.19	
2499.21	
2499.21	
2499.22	
2499.24	
2499.24	
2499.25	
2499.26	
2499.28	
2499.28	
2499.29	
2499.31	
2499.31	
2499.32	
2499.33	
2499.35	
2499.35	
2499.36	
2499.38	
2499.38	
2499.39	
2499.4	
2499.42	
2499.42	
2499.43	
2499.45	
2499.45	
2499.46	
2499.47	
2499.49	
2499.49	
2499.5	
2499.52	
2499.52	
2499.53	
2499.54	
2499.56	
2499.56	
2499.57	
2499.59	
2499.59	
2499.6	
2499.61	
2499.63	
2499.63	
2499.64	
2499.66	
2499.66	
2499.67	
2499.68	
2499.7	
2499.7	
2499.71	
2499.73	
2499.73	
2499.74	
2499.75	
2499.77	
2499.77	
2499.78	
2499.8	
2499.8	
2499.81	
2499.82	
2499.84	
2499.84	
2499.85	
2499.87	
2499.87	
2499.88	
2499.89	
2499.91	
2499.91	
2499.92	
2499.94	
2499.94	
2499.95	
