time	
462.308	
462.308	
462.323	
462.336	
462.336	
462.35	
462.364	
462.364	
462.379	
462.392	
462.406	
462.406	
462.42	
462.435	
462.448	
462.448	
462.462	
462.476	
462.476	
462.491	
462.504	
462.518	
462.518	
462.532	
462.547	
462.547	
462.56	
462.577	
462.588	
462.588	
462.603	
462.616	
462.616	
462.63	
462.644	
462.644	
462.659	
462.672	
462.686	
462.686	
462.7	
462.714	
462.728	
462.728	
462.742	
462.756	
462.756	
462.77	
462.784	
462.798	
462.798	
462.812	
462.827	
462.827	
462.84	
462.854	
462.868	
462.868	
462.882	
462.896	
462.896	
462.91	
462.924	
462.938	
462.938	
462.952	
462.966	
462.966	
462.98	
462.994	
463.008	
463.008	
463.022	
463.036	
463.036	
463.05	
463.064	
463.078	
463.078	
463.092	
463.107	
463.107	
463.12	
463.134	
463.148	
463.148	
463.164	
463.176	
463.176	
463.19	
463.204	
463.218	
463.218	
463.232	
463.246	
463.246	
463.26	
463.274	
463.288	
463.288	
463.302	
463.316	
463.316	
463.33	
463.344	
463.344	
463.361	
463.361	
463.382	
463.382	
463.405	
463.414	
463.428	
463.428	
463.442	
463.456	
463.456	
463.47	
463.484	
463.498	
463.498	
463.512	
463.526	
463.526	
463.54	
463.554	
463.568	
463.568	
463.582	
463.596	
463.596	
463.61	
463.624	
463.638	
463.638	
463.652	
463.666	
463.666	
463.68	
463.694	
463.708	
463.708	
463.722	
463.736	
463.736	
463.75	
463.764	
463.778	
463.778	
463.792	
463.806	
463.806	
463.82	
463.834	
463.848	
463.848	
463.862	
463.876	
463.876	
463.89	
463.904	
463.918	
463.918	
463.932	
463.946	
463.946	
463.96	
463.974	
463.988	
463.988	
464.002	
464.016	
464.016	
464.03	
464.044	
464.061	
464.061	
464.072	
464.086	
464.086	
464.1	
464.114	
464.128	
464.128	
464.142	
464.156	
464.156	
464.17	
464.184	
464.198	
464.198	
464.212	
464.226	
464.226	
464.24	
464.254	
464.268	
464.268	
464.282	
464.296	
464.296	
464.31	
464.324	
464.338	
464.338	
464.352	
464.366	
464.366	
464.38	
464.394	
464.408	
464.408	
464.422	
464.436	
464.436	
464.45	
464.464	
464.478	
464.478	
464.492	
464.506	
464.506	
464.52	
464.534	
464.548	
464.548	
464.562	
464.576	
464.576	
464.59	
464.604	
464.618	
464.618	
464.632	
464.646	
464.646	
464.66	
464.674	
464.688	
464.688	
464.702	
464.716	
464.716	
464.73	
464.744	
464.758	
464.758	
464.772	
464.786	
464.786	
464.8	
464.814	
464.828	
464.828	
464.842	
464.856	
464.856	
464.87	
464.884	
464.898	
464.898	
464.912	
464.926	
464.926	
464.94	
464.954	
464.968	
464.968	
464.982	
464.996	
464.996	
465.01	
465.024	
465.038	
465.038	
465.052	
465.066	
465.066	
465.08	
465.094	
465.108	
465.108	
465.122	
465.136	
465.136	
465.15	
465.164	
465.178	
465.178	
465.192	
465.206	
465.206	
465.22	
465.234	
465.248	
465.248	
465.262	
465.276	
465.276	
465.29	
465.304	
465.318	
465.318	
465.332	
465.346	
465.346	
465.36	
465.374	
465.388	
465.388	
465.402	
465.416	
465.416	
465.43	
465.444	
465.458	
465.458	
465.472	
465.486	
465.486	
465.5	
465.514	
465.528	
465.528	
465.542	
465.556	
465.556	
465.57	
465.584	
465.598	
465.598	
465.612	
465.626	
465.626	
465.64	
465.654	
465.668	
465.668	
465.682	
465.696	
465.696	
465.71	
465.724	
465.738	
465.738	
465.752	
465.766	
465.766	
465.78	
465.794	
465.808	
465.808	
465.822	
465.836	
465.836	
465.85	
465.864	
465.878	
465.878	
465.892	
465.906	
465.906	
465.92	
465.934	
465.948	
465.948	
465.962	
465.976	
465.976	
465.99	
466.004	
466.018	
466.018	
466.032	
466.046	
466.046	
466.06	
466.074	
466.088	
466.088	
466.102	
466.116	
466.116	
466.13	
466.144	
466.158	
466.158	
466.172	
466.186	
466.186	
466.2	
466.214	
466.228	
466.228	
466.242	
466.256	
466.256	
466.27	
466.284	
466.298	
466.298	
466.312	
466.326	
466.326	
466.34	
466.354	
466.368	
466.368	
466.382	
466.396	
466.396	
466.41	
466.424	
466.438	
466.438	
466.452	
466.466	
466.466	
466.48	
466.494	
466.508	
466.508	
466.522	
466.536	
466.536	
466.55	
466.564	
466.578	
466.578	
466.592	
466.606	
466.606	
466.62	
466.634	
466.648	
466.648	
466.662	
466.676	
466.676	
466.69	
466.704	
466.72	
466.72	
466.732	
466.746	
466.746	
466.76	
466.774	
466.788	
466.788	
466.802	
466.816	
466.816	
466.83	
466.844	
466.858	
466.858	
466.872	
466.886	
466.886	
466.9	
466.914	
466.929	
466.929	
466.942	
466.956	
466.956	
466.97	
466.984	
466.998	
466.998	
467.012	
467.026	
467.026	
467.04	
467.054	
467.068	
467.068	
467.082	
467.096	
467.096	
467.11	
467.124	
467.138	
467.138	
467.152	
467.166	
467.166	
467.18	
467.194	
467.208	
467.208	
467.222	
467.236	
467.236	
467.253	
467.264	
467.278	
467.278	
467.293	
467.306	
467.306	
467.322	
467.334	
467.348	
467.348	
467.368	
467.381	
467.381	
467.393	
467.405	
467.405	
467.421	
467.432	
467.446	
467.446	
467.46	
467.475	
467.488	
467.488	
467.502	
467.516	
467.516	
467.531	
467.545	
467.561	
467.561	
467.572	
467.586	
467.586	
467.607	
467.617	
467.617	
467.629	
467.645	
467.656	
467.656	
467.67	
467.684	
467.698	
467.698	
467.712	
467.726	
467.726	
467.74	
467.754	
467.77	
467.77	
467.783	
467.796	
467.796	
467.81	
467.825	
467.838	
467.838	
467.853	
467.868	
467.88	
467.88	
467.897	
467.908	
467.908	
467.923	
467.937	
467.937	
467.951	
467.965	
467.979	
467.979	
467.996	
468.006	
468.02	
468.02	
468.037	
468.048	
468.048	
468.065	
468.077	
468.077	
468.092	
468.104	
468.118	
468.118	
468.132	
468.146	
468.146	
468.163	
468.174	
468.188	
468.188	
468.202	
468.216	
468.216	
468.23	
468.244	
468.258	
468.258	
468.273	
468.286	
468.286	
468.3	
468.314	
468.328	
468.328	
468.342	
468.356	
468.356	
468.37	
468.384	
468.398	
468.398	
468.412	
468.426	
468.426	
468.44	
468.454	
468.468	
468.468	
468.482	
468.496	
468.496	
468.51	
468.524	
468.538	
468.538	
468.553	
468.566	
468.566	
468.58	
468.594	
468.608	
468.608	
468.622	
468.636	
468.636	
468.65	
468.668	
468.678	
468.678	
468.692	
468.706	
468.706	
468.72	
468.734	
468.748	
468.748	
468.762	
468.776	
468.776	
468.79	
468.804	
468.818	
468.818	
468.832	
468.846	
468.846	
468.86	
468.874	
468.888	
468.888	
468.902	
468.916	
468.916	
468.93	
468.945	
468.958	
468.958	
468.972	
468.986	
468.986	
469	
469.014	
469.028	
469.028	
469.042	
469.056	
469.056	
469.07	
469.084	
469.098	
469.098	
469.112	
469.129	
469.129	
469.14	
469.154	
469.168	
469.168	
469.182	
469.196	
469.196	
469.21	
469.224	
469.238	
469.238	
469.252	
469.266	
469.266	
469.28	
469.294	
469.308	
469.308	
469.322	
469.336	
469.336	
469.35	
469.364	
469.378	
469.378	
469.392	
469.406	
469.406	
469.421	
469.434	
469.448	
469.448	
469.462	
469.476	
469.476	
469.49	
469.504	
469.518	
469.518	
469.537	
469.546	
469.546	
469.56	
469.575	
469.588	
469.588	
469.602	
469.618	
469.618	
469.631	
469.644	
469.658	
469.658	
469.673	
469.686	
469.686	
469.7	
469.714	
469.728	
469.728	
469.742	
469.757	
469.757	
469.77	
469.784	
469.798	
469.798	
469.812	
469.826	
469.826	
469.84	
469.854	
469.868	
469.868	
469.882	
469.896	
469.896	
469.91	
469.924	
469.938	
469.938	
469.952	
469.966	
469.966	
469.98	
469.994	
470.008	
470.008	
470.022	
470.036	
470.036	
470.05	
470.064	
470.078	
470.078	
470.092	
470.106	
470.106	
470.12	
470.134	
470.148	
470.148	
470.162	
470.176	
470.176	
470.19	
470.204	
470.218	
470.218	
470.232	
470.246	
470.246	
470.26	
470.274	
470.288	
470.288	
470.302	
470.316	
470.316	
470.33	
470.344	
470.358	
470.358	
470.372	
470.386	
470.386	
470.4	
470.415	
470.428	
470.428	
470.442	
470.456	
470.456	
470.47	
470.484	
470.498	
470.498	
470.512	
470.526	
470.526	
470.54	
470.555	
470.568	
470.568	
470.582	
470.596	
470.596	
470.611	
470.624	
470.638	
470.638	
470.652	
470.667	
470.667	
470.68	
470.694	
470.708	
470.708	
470.723	
470.736	
470.736	
470.75	
470.764	
470.764	
470.779	
470.792	
470.806	
470.806	
470.82	
470.834	
470.848	
470.848	
470.862	
470.876	
470.876	
470.891	
470.904	
470.918	
470.918	
470.932	
470.947	
470.947	
470.96	
470.974	
470.988	
470.988	
471.002	
471.016	
471.016	
471.016	
471.044	
471.058	
471.058	
471.072	
471.086	
471.086	
471.104	
471.114	
471.128	
471.128	
471.142	
471.156	
471.156	
471.17	
471.184	
471.198	
471.198	
471.198	
471.226	
471.226	
471.24	
471.24	
471.268	
471.268	
471.283	
471.283	
471.299	
471.31	
471.324	
471.324	
471.339	
471.352	
471.366	
471.366	
471.38	
471.394	
471.394	
471.413	
471.422	
471.436	
471.436	
471.451	
471.464	
471.478	
471.478	
471.492	
471.507	
471.507	
471.525	
471.534	
471.548	
471.548	
471.564	
471.576	
471.576	
471.59	
471.604	
471.618	
471.618	
471.637	
471.646	
471.646	
471.66	
471.674	
471.688	
471.688	
471.703	
471.716	
471.716	
471.73	
471.744	
471.758	
471.758	
471.772	
471.787	
471.787	
471.8	
471.814	
471.828	
471.828	
471.842	
471.856	
471.856	
471.871	
471.884	
471.898	
471.898	
471.913	
471.926	
471.926	
471.94	
471.954	
471.968	
471.968	
471.982	
471.996	
471.996	
472.01	
472.024	
472.038	
472.038	
472.052	
472.066	
472.066	
472.08	
472.094	
472.108	
472.108	
472.122	
472.136	
472.136	
472.15	
472.164	
472.178	
472.178	
472.192	
472.206	
472.206	
472.22	
472.234	
472.248	
472.248	
472.262	
472.276	
472.276	
472.29	
472.307	
472.307	
472.323	
472.337	
472.346	
472.346	
472.36	
472.374	
472.388	
472.388	
472.402	
472.416	
472.416	
472.43	
472.444	
472.458	
472.458	
472.472	
472.487	
472.487	
472.5	
472.514	
472.528	
472.528	
472.542	
472.556	
472.556	
472.57	
472.584	
472.598	
472.598	
472.612	
472.626	
472.626	
472.64	
472.654	
472.668	
472.668	
472.682	
472.696	
472.696	
472.71	
472.724	
472.738	
472.738	
472.752	
472.766	
472.766	
472.78	
472.794	
472.808	
472.808	
472.822	
472.836	
472.836	
472.85	
472.864	
472.878	
472.878	
472.892	
472.906	
472.906	
472.92	
472.934	
472.948	
472.948	
472.962	
472.976	
472.976	
472.99	
473.004	
473.018	
473.018	
473.032	
473.046	
473.046	
473.06	
473.074	
473.088	
473.088	
473.102	
473.116	
473.116	
473.13	
473.144	
473.158	
473.158	
473.172	
473.186	
473.186	
473.2	
473.214	
473.228	
473.228	
473.242	
473.256	
473.256	
473.27	
473.284	
473.298	
473.298	
473.312	
473.326	
473.326	
473.34	
473.354	
473.368	
473.368	
473.382	
473.396	
473.396	
473.41	
473.424	
473.438	
473.438	
473.452	
473.466	
473.466	
473.48	
473.494	
473.508	
473.508	
473.522	
473.536	
473.536	
473.55	
473.564	
473.578	
473.578	
473.592	
473.606	
473.606	
473.62	
473.634	
473.648	
473.648	
473.662	
473.676	
473.676	
473.69	
473.704	
473.718	
473.718	
473.732	
473.746	
473.746	
473.76	
473.774	
473.788	
473.788	
473.802	
473.816	
473.816	
473.83	
473.844	
473.858	
473.858	
473.872	
473.886	
473.886	
473.9	
473.914	
473.928	
473.928	
473.942	
473.956	
473.956	
473.97	
473.984	
473.998	
473.998	
474.012	
474.026	
474.026	
474.04	
474.054	
474.068	
474.068	
474.082	
474.096	
474.096	
474.11	
474.124	
474.138	
474.138	
474.152	
474.166	
474.166	
474.18	
474.194	
474.208	
474.208	
474.222	
474.236	
474.236	
474.25	
474.264	
474.278	
474.278	
474.292	
474.306	
474.306	
474.32	
474.334	
474.348	
474.348	
474.362	
474.376	
474.376	
474.39	
474.404	
474.418	
474.418	
474.432	
474.446	
474.446	
474.46	
474.474	
474.488	
474.488	
474.502	
474.516	
474.516	
474.53	
474.544	
474.558	
474.558	
474.572	
474.586	
474.586	
474.6	
474.614	
474.628	
474.628	
474.642	
474.656	
474.656	
474.67	
474.684	
474.698	
474.698	
474.712	
474.726	
474.726	
474.74	
474.754	
474.768	
474.768	
474.782	
474.796	
474.796	
474.81	
474.824	
474.838	
474.838	
474.852	
474.866	
474.866	
474.88	
474.894	
474.908	
474.908	
474.922	
474.936	
474.936	
474.95	
474.964	
474.978	
474.978	
474.992	
475.006	
475.006	
475.02	
475.034	
475.048	
475.048	
475.062	
475.076	
475.076	
475.09	
475.104	
475.118	
475.118	
475.132	
475.146	
475.146	
475.16	
475.174	
475.188	
475.188	
475.202	
475.216	
475.216	
475.23	
475.244	
475.258	
475.258	
475.272	
475.286	
475.286	
475.3	
475.314	
475.328	
