time	joint_joint0	joint_joint1	joint_joint2	joint_joint3	joint_joint4	joint_joint5	joint_joint6	cart_pos_x	cart_pos_y	cart_pos_z	cart_quat_x	cart_quat_y	cart_quat_z	cart_quat_w	force_joint_joint0	force_joint_joint1	force_joint_joint2	force_joint_joint3	force_joint_joint4	force_joint_joint5	force_joint_joint6	cart_force_x	cart_force_y	cart_force_z	cart_trq_x	cart_trq_y	cart_trq_z	
1486227638965	-2.11226	1.63656	-2.13762	1.75982	2.3795	-1.65875	-0.957718	-0.0597174	0.733021	0.33737	-0.00714207	-0.935104	0.0129622	-0.354064	0.0937379	-1.08488	0.377103	0.608195	0.413025	0.121042	-0.411666	4.19515	-0.125453	0.744999	0.074559	-0.63892	-0.545548	
1486227638985	-2.11226	1.63656	-2.13762	1.75982	2.3795	-1.65875	-0.957718	-0.0597174	0.733021	0.33737	-0.00714207	-0.935104	0.0129622	-0.354064	0.103321	-1.09611	0.377497	0.608336	0.41111	0.121544	-0.412341	4.20256	-0.138691	0.755548	0.0788567	-0.636913	-0.548715	
1486227639005	-2.11226	1.63653	-2.13762	1.75983	2.3795	-1.65874	-0.957722	-0.0597174	0.733021	0.33737	-0.00714207	-0.935104	0.0129622	-0.354064	0.105082	-1.00366	0.334826	0.618865	0.423843	0.125809	-0.412902	4.0763	-0.159088	0.636865	0.0623991	-0.643591	-0.542004	
1486227639155	-2.11226	1.63486	-2.13732	1.76097	2.38045	-1.6582	-0.957722	-0.0594441	0.7324	0.337237	-0.00724113	-0.934955	0.0129042	-0.354458	0.34607	-1.70113	0.743283	0.703248	0.350847	0.173164	-0.422598	5.33099	-0.467368	1.59125	0.208859	-0.678757	-0.610972	
1486227639205	-2.11226	1.63485	-2.13732	1.76096	2.38046	-1.65819	-0.957722	-0.0594333	0.732383	0.337216	-0.00723533	-0.934952	0.0129327	-0.354465	0.364229	-1.76176	0.790111	0.692277	0.334052	0.163548	-0.422288	5.39824	-0.511173	1.67865	0.212	-0.663136	-0.6138	
1486227639255	-2.11226	1.63485	-2.13732	1.76096	2.38047	-1.65817	-0.957722	-0.0594325	0.732385	0.337217	-0.00723149	-0.93495	0.012923	-0.354471	0.38011	-1.78516	0.816501	0.684849	0.317977	0.170692	-0.42078	5.40089	-0.541865	1.74117	0.220967	-0.655596	-0.60986	
1486227639295	-2.11226	1.63485	-2.13732	1.76096	2.38047	-1.65817	-0.957724	-0.0594316	0.732385	0.337217	-0.00723072	-0.934949	0.0129207	-0.354472	0.359122	-1.79424	0.815309	0.677623	0.309504	0.169794	-0.421225	5.40545	-0.492971	1.7426	0.225797	-0.649496	-0.608213	
1486227639355	-2.11226	1.63485	-2.13732	1.76096	2.38047	-1.65817	-0.957724	-0.0594316	0.732385	0.337216	-0.00722955	-0.93495	0.0129202	-0.354472	0.406192	-1.8034	0.835083	0.68621	0.297757	0.1744	-0.420241	5.40511	-0.584236	1.76698	0.230446	-0.642124	-0.608066	
1486227639375	-2.11226	1.63485	-2.13732	1.76096	2.38047	-1.65817	-0.957724	-0.0594318	0.732385	0.337216	-0.00722935	-0.93495	0.0129199	-0.35447	0.406192	-1.8034	0.835083	0.68621	0.297757	0.1744	-0.420241	5.40511	-0.584236	1.76698	0.230446	-0.642124	-0.608066	
1486227639465	-2.11226	1.63485	-2.13732	1.76097	2.38047	-1.65818	-0.957724	-0.0594316	0.732384	0.337216	-0.00723046	-0.93495	0.0129211	-0.354469	0.418085	-1.79258	0.834634	0.689539	0.291422	0.175569	-0.420601	5.38398	-0.608142	1.7503	0.230301	-0.636886	-0.606499	
1486227639976	-2.11226	1.63484	-2.13732	1.76097	2.38047	-1.65818	-0.957727	-0.0594299	0.732381	0.337214	-0.00723058	-0.93495	0.0129251	-0.35447	0.405803	-1.78649	0.835245	0.688104	0.294489	0.174671	-0.421024	5.3858	-0.590484	1.74632	0.226238	-0.639978	-0.604968	
1486227640206	-2.11226	1.63484	-2.13732	1.76097	2.38047	-1.65818	-0.95773	-0.0594292	0.732379	0.337214	-0.00722975	-0.93495	0.0129267	-0.35447	0.374352	-1.79932	0.830902	0.68369	0.290801	0.17327	-0.422668	5.41501	-0.517615	1.74337	0.23105	-0.638946	-0.60533	
1486227640255	-2.11226	1.63484	-2.13732	1.76097	2.38047	-1.65818	-0.95773	-0.0594291	0.732379	0.337214	-0.00723009	-0.93495	0.0129257	-0.35447	0.345205	-1.79844	0.826244	0.67292	0.29124	0.169844	-0.42248	5.40713	-0.463659	1.74157	0.229089	-0.637763	-0.603091	
1486227640455	-2.11226	1.63483	-2.13732	1.76097	2.38048	-1.65818	-0.95773	-0.0594284	0.732378	0.337214	-0.00723091	-0.93495	0.0129267	-0.35447	0.374422	-1.7859	0.824621	0.699578	0.286688	0.174459	-0.423525	5.43214	-0.505678	1.69615	0.23175	-0.638728	-0.603794	
1486227640505	-2.11226	1.63483	-2.13732	1.76097	2.38047	-1.65818	-0.95773	-0.0594283	0.732378	0.337214	-0.00723126	-0.93495	0.0129274	-0.35447	0.384265	-1.78276	0.827084	0.701999	0.288611	0.17479	-0.423424	5.42909	-0.529133	1.69763	0.229774	-0.640036	-0.604155	
1486227640607	-2.11275	1.63484	-2.13732	1.76097	2.38086	-1.65826	-0.957732	-0.0595274	0.732417	0.337087	-0.00711062	-0.935043	0.0128302	-0.354232	0.824763	-1.90652	0.942922	0.734047	0.211932	0.465032	-0.412047	5.20853	-1.2239	2.49044	0.450837	-0.729523	-0.588988	
1486227640705	-2.11449	1.63486	-2.13733	1.7611	2.38112	-1.65877	-0.957732	-0.0600386	0.732481	0.336437	-0.00679114	-0.935367	0.0129899	-0.353374	1.56486	-2.24354	1.30937	0.670301	0.0826208	0.941694	-0.400764	4.848	-2.56618	4.28778	0.790943	-0.876399	-0.564961	
1486227640755	-2.11529	1.63486	-2.13733	1.76132	2.38112	-1.65877	-0.957734	-0.0602958	0.732494	0.336139	-0.00664149	-0.93548	0.0130194	-0.353079	1.56427	-2.4138	1.46373	0.512982	0.0767553	1.06304	-0.399487	4.72175	-2.64273	5.09672	0.864234	-0.939411	-0.548281	
1486227640805	-2.11544	1.63487	-2.13733	1.76148	2.38112	-1.65882	-0.957734	-0.0604761	0.732483	0.335975	-0.00656628	-0.935545	0.0130057	-0.352907	1.68	-2.51073	1.55756	0.453233	0.0505277	1.17418	-0.395433	4.5974	-2.86868	5.60564	0.942431	-0.975751	-0.537603	
1486227640855	-2.11573	1.63499	-2.13734	1.76174	2.38129	-1.65926	-0.957734	-0.0605908	0.732456	0.335978	-0.0066014	-0.935608	0.0129561	-0.35274	2.03264	-2.72886	1.77792	0.398704	-0.031162	1.4016	-0.378362	4.44471	-3.50557	6.58637	1.1168	-1.03143	-0.515	
1486227640977	-2.11627	1.63518	-2.13752	1.76189	2.38135	-1.6594	-0.957736	-0.0609162	0.732551	0.335838	-0.00644122	-0.935746	0.0128375	-0.352382	2.31071	-2.87645	1.98954	0.289203	-0.0907336	1.63127	-0.334024	4.08047	-4.03891	7.61775	1.2695	-1.09794	-0.453649	
1486227641459	-2.11751	1.6364	-2.13801	1.76217	2.38161	-1.66011	-0.957741	-0.0616813	0.732995	0.335768	-0.00609475	-0.936059	0.0123288	-0.351573	3.02261	-3.19526	2.34101	0.113454	-0.251802	2.09528	-0.306717	3.36272	-5.38296	9.51273	1.60955	-1.18714	-0.408876	
1486227641569	-2.11762	1.63643	-2.13814	1.76225	2.3817	-1.66019	-0.957741	-0.0617691	0.733035	0.335761	-0.0060215	-0.936082	0.012273	-0.351517	3.11993	-3.30464	2.40533	0.0735482	-0.284281	2.14603	-0.312533	3.33778	-5.56621	9.82777	1.66345	-1.18473	-0.419735	
1486227641801	-2.11808	1.63663	-2.13868	1.76262	2.38188	-1.66065	-0.957742	-0.0620893	0.733159	0.335774	-0.00581678	-0.936154	0.0121204	-0.351333	3.38228	-3.67324	2.65868	-0.0818478	-0.385796	2.30196	-0.33065	3.29184	-6.10494	10.9268	1.81952	-1.18235	-0.445061	
1486227641839	-2.11823	1.63674	-2.13878	1.76275	2.3819	-1.66079	-0.957742	-0.0622413	0.733203	0.335791	-0.00577124	-0.936196	0.0120388	-0.351226	3.45992	-3.72128	2.70178	-0.106665	-0.399262	2.35901	-0.331897	3.22717	-6.25695	11.1737	1.86054	-1.19948	-0.445207	
1486227641990	-2.11872	1.63711	-2.13928	1.76313	2.38195	-1.66135	-0.957742	-0.0625658	0.733323	0.335838	-0.00565668	-0.936283	0.0118699	-0.350999	3.68915	-3.92598	2.86011	-0.259629	-0.431372	2.56394	-0.333001	2.91825	-6.73908	12.2043	2.00775	-1.26715	-0.445296	
1486227642089	-2.11907	1.63743	-2.13982	1.7633	2.38195	-1.66199	-0.957744	-0.0629843	0.733543	0.335871	-0.00541228	-0.936398	0.0118043	-0.350699	3.82685	-4.07194	2.96102	-0.419004	-0.429684	2.72852	-0.333217	2.58303	-7.06472	13.0659	2.1168	-1.33654	-0.445893	
1486227642191	-2.11948	1.63792	-2.13987	1.76361	2.38199	-1.66228	-0.957744	-0.063233	0.733637	0.335934	-0.00541092	-0.936495	0.0115621	-0.350449	4.02288	-4.27083	3.13237	-0.544681	-0.447683	2.90367	-0.334602	2.39966	-7.49892	14.0073	2.23516	-1.40853	-0.446252	
1486227642769	-2.11981	1.63816	-2.13994	1.7637	2.38211	-1.66247	-0.957748	-0.0634109	0.733716	0.335886	-0.00533669	-0.936586	0.011449	-0.350211	4.23895	-4.22538	3.04615	-0.361756	-0.522088	2.82656	-0.346615	2.57679	-7.7784	13.3823	2.23558	-1.30192	-0.485789	
1486227642969	-2.11981	1.63816	-2.13994	1.76369	2.38212	-1.66247	-0.957749	-0.0634109	0.733716	0.335885	-0.00533463	-0.936586	0.0114486	-0.35021	4.24463	-4.20131	3.02287	-0.336088	-0.527667	2.80889	-0.348079	2.59538	-7.77303	13.2533	2.22748	-1.28762	-0.488991	
1486227643039	-2.11981	1.63816	-2.13994	1.76369	2.38212	-1.66247	-0.957749	-0.0634109	0.733716	0.335885	-0.00533463	-0.936586	0.0114486	-0.35021	4.21594	-4.19485	3.01118	-0.34156	-0.521621	2.80278	-0.348161	2.5938	-7.71867	13.2312	2.22265	-1.28914	-0.48869	
1486227643139	-2.11981	1.63816	-2.13994	1.76369	2.38212	-1.66247	-0.957751	-0.0634109	0.733716	0.335885	-0.00533385	-0.936586	0.0114489	-0.35021	4.23383	-4.17165	3.00677	-0.32491	-0.524819	2.79885	-0.34807	2.58739	-7.75281	13.1726	2.2166	-1.28443	-0.487259	
1486227643174	-2.11981	1.63816	-2.13994	1.76369	2.38212	-1.66247	-0.957751	-0.0634108	0.733717	0.335884	-0.00533332	-0.936586	0.011449	-0.35021	4.218	-4.17049	3.00358	-0.325293	-0.52738	2.79623	-0.348207	2.59505	-7.71789	13.1567	2.21626	-1.28222	-0.485807	
1486227643181	-2.11981	1.63816	-2.13994	1.76369	2.38212	-1.66247	-0.957751	-0.0634108	0.733717	0.335884	-0.00533332	-0.936586	0.011449	-0.35021	4.218	-4.17049	3.00358	-0.325293	-0.52738	2.79623	-0.348207	2.59505	-7.71789	13.1567	2.21626	-1.28222	-0.485807	
1486227643239	-2.11981	1.63816	-2.13994	1.76369	2.38212	-1.66247	-0.957751	-0.0634107	0.733717	0.335884	-0.00533285	-0.936586	0.0114487	-0.350209	4.23595	-4.15498	2.99911	-0.31498	-0.530156	2.79502	-0.348515	2.5817	-7.75198	13.1206	2.21373	-1.27835	-0.485779	
1486227643465	-2.11981	1.63816	-2.13994	1.76369	2.38212	-1.66247	-0.957753	-0.0634106	0.733717	0.335883	-0.00533173	-0.936586	0.0114494	-0.350209	4.20656	-4.15704	2.99333	-0.316703	-0.522935	2.78705	-0.349911	2.61089	-7.69659	13.1024	2.20793	-1.28169	-0.487506	
1486227644069	-2.11981	1.63816	-2.13994	1.76369	2.38213	-1.66247	-0.957756	-0.0634106	0.733717	0.335882	-0.00532875	-0.936587	0.011449	-0.350207	4.17352	-4.13266	2.96618	-0.290457	-0.523689	2.77249	-0.350933	2.66196	-7.60725	12.9696	2.20108	-1.27739	-0.486941	
1486227644169	-2.11981	1.63816	-2.13994	1.76369	2.38213	-1.66247	-0.957758	-0.0634105	0.733717	0.335882	-0.00532766	-0.936587	0.0114497	-0.350207	4.19124	-4.13099	2.96879	-0.284216	-0.528237	2.77011	-0.350027	2.6601	-7.63985	12.9562	2.20058	-1.27174	-0.486964	
1486227644229	-2.11981	1.63816	-2.13994	1.76369	2.38213	-1.66247	-0.957759	-0.0634101	0.733717	0.335882	-0.00532798	-0.936587	0.0114496	-0.350207	4.18371	-4.12988	2.96478	-0.287094	-0.524665	2.76738	-0.35053	2.65845	-7.62816	12.9518	2.19818	-1.27261	-0.488103	
1486227644609	-2.11981	1.63816	-2.13994	1.76369	2.38213	-1.66247	-0.957759	-0.06341	0.733718	0.335882	-0.00532689	-0.936587	0.0114503	-0.350207	4.19265	-4.11133	2.96017	-0.269894	-0.526598	2.76356	-0.352474	2.67107	-7.6436	12.894	2.19265	-1.27047	-0.488447	
1486227644631	-2.11981	1.63816	-2.13994	1.76369	2.38213	-1.66247	-0.957759	-0.06341	0.733718	0.335882	-0.00532689	-0.936587	0.0114503	-0.350207	4.20505	-4.10607	2.95995	-0.264015	-0.527513	2.76435	-0.351842	2.66718	-7.66599	12.8838	2.19254	-1.26975	-0.488141	
1486227644759	-2.11981	1.63816	-2.13994	1.76369	2.38213	-1.66247	-0.957761	-0.06341	0.733718	0.335882	-0.00532614	-0.936587	0.0114505	-0.350207	4.16663	-4.11041	2.95501	-0.268511	-0.524855	2.76249	-0.352923	2.69387	-7.58645	12.8781	2.19246	-1.27396	-0.487048	
1486227644809	-2.11981	1.63816	-2.13994	1.76369	2.38213	-1.66247	-0.957761	-0.06341	0.733718	0.335882	-0.00532614	-0.936587	0.0114505	-0.350207	4.14284	-4.10865	2.9556	-0.276914	-0.5218	2.75795	-0.353434	2.69414	-7.54976	12.8791	2.18688	-1.27484	-0.485582	
1486227644839	-2.11981	1.63816	-2.13994	1.76369	2.38213	-1.66247	-0.957761	-0.06341	0.733718	0.335882	-0.00532614	-0.936587	0.0114505	-0.350207	4.15816	-4.11099	2.95833	-0.272204	-0.52451	2.75781	-0.352406	2.69601	-7.57614	12.8776	2.18831	-1.27206	-0.485934	
1486227644859	-2.11981	1.63816	-2.13994	1.76369	2.38213	-1.66247	-0.957761	-0.06341	0.733718	0.335882	-0.00532614	-0.936587	0.0114505	-0.350207	4.17704	-4.09934	2.95355	-0.260463	-0.524744	2.75936	-0.352662	2.69145	-7.60861	12.8506	2.18809	-1.27208	-0.486786	
1486227645010	-2.11981	1.63816	-2.13994	1.76369	2.38213	-1.66247	-0.957763	-0.0634098	0.733717	0.335881	-0.00532494	-0.936587	0.0114519	-0.350207	4.16006	-4.10866	2.95507	-0.269048	-0.521658	2.75583	-0.353054	2.70101	-7.58009	12.866	2.18643	-1.27305	-0.48768	
1486227645179	-2.11981	1.63816	-2.13994	1.76369	2.38213	-1.66247	-0.957765	-0.0634098	0.733717	0.335881	-0.00532416	-0.936587	0.0114522	-0.350207	4.1611	-4.10742	2.95061	-0.264251	-0.5237	2.75285	-0.352379	2.70677	-7.57502	12.8446	2.18681	-1.26972	-0.487847	
1486227645590	-2.11981	1.63816	-2.13994	1.76368	2.38213	-1.66247	-0.957766	-0.0634097	0.733718	0.335881	-0.00532307	-0.936587	0.011453	-0.350207	4.17367	-4.1128	2.94676	-0.254732	-0.526974	2.74937	-0.351764	2.72463	-7.58673	12.8222	2.18957	-1.2649	-0.490313	
1486227645769	-2.11981	1.63816	-2.13994	1.76368	2.38213	-1.66247	-0.957766	-0.0634097	0.733718	0.335881	-0.00532307	-0.936587	0.011453	-0.350207	4.15559	-4.10981	2.94514	-0.256399	-0.524754	2.74681	-0.352507	2.73373	-7.55428	12.8129	2.18627	-1.26675	-0.489405	
1486227646039	-2.11981	1.63816	-2.13994	1.76368	2.38213	-1.66247	-0.957768	-0.0634097	0.733718	0.33588	-0.00532157	-0.936588	0.011453	-0.350206	4.14875	-4.10035	2.93852	-0.254705	-0.529007	2.74361	-0.352535	2.72407	-7.53766	12.7821	2.18489	-1.26149	-0.487768	
1486227646389	-2.11981	1.63816	-2.13994	1.76368	2.38213	-1.66247	-0.957771	-0.0634095	0.733718	0.33588	-0.0053203	-0.936587	0.0114549	-0.350206	4.15909	-4.07889	2.92826	-0.241696	-0.530265	2.7421	-0.352395	2.71226	-7.55288	12.7297	2.18187	-1.25911	-0.486757	
