time	
306.264	
306.278	
306.292	
306.306	
306.306	
306.32	
306.334	
306.334	
306.348	
306.362	
306.376	
306.376	
306.39	
306.404	
306.404	
306.418	
306.432	
306.446	
306.446	
306.46	
306.474	
306.474	
306.488	
306.502	
306.516	
306.516	
306.53	
306.544	
306.544	
306.558	
306.572	
306.586	
306.586	
306.6	
306.614	
306.614	
306.628	
306.642	
306.656	
306.656	
306.67	
306.684	
306.684	
306.698	
306.712	
306.726	
306.726	
306.74	
306.754	
306.754	
306.768	
306.782	
306.796	
306.796	
306.81	
306.824	
306.824	
306.838	
306.852	
306.866	
306.866	
306.88	
306.894	
306.894	
306.908	
306.922	
306.936	
306.936	
306.95	
306.964	
306.964	
306.978	
306.992	
307.006	
307.006	
307.02	
307.034	
307.034	
307.048	
307.062	
307.076	
307.076	
307.09	
307.104	
307.104	
307.118	
307.132	
307.146	
307.146	
307.16	
307.174	
307.174	
307.188	
307.202	
307.216	
307.216	
307.23	
307.244	
307.244	
307.258	
307.272	
307.286	
307.286	
307.3	
307.314	
307.314	
307.328	
307.342	
307.356	
307.356	
307.37	
307.384	
307.384	
307.398	
307.412	
307.426	
307.426	
307.44	
307.454	
307.454	
307.468	
307.482	
307.496	
307.496	
307.51	
307.524	
307.524	
307.538	
307.552	
307.566	
307.566	
307.58	
307.594	
307.594	
307.608	
307.622	
307.636	
307.636	
307.65	
307.664	
307.664	
307.678	
307.692	
307.706	
307.706	
307.72	
307.734	
307.734	
307.748	
307.762	
307.776	
307.776	
307.79	
307.804	
307.804	
307.818	
307.832	
307.846	
307.846	
307.86	
307.874	
307.874	
307.888	
307.902	
307.916	
307.916	
307.93	
307.944	
307.944	
307.958	
307.972	
307.986	
307.986	
308	
308.014	
308.014	
308.028	
308.042	
308.056	
308.056	
308.07	
308.084	
308.084	
308.098	
308.112	
308.126	
308.126	
308.14	
308.154	
308.154	
308.168	
308.182	
308.196	
308.196	
308.21	
308.224	
308.224	
308.238	
308.252	
308.266	
308.266	
308.28	
308.294	
308.294	
308.308	
308.322	
308.336	
308.336	
308.35	
308.364	
308.364	
308.378	
308.392	
308.406	
308.406	
308.42	
308.434	
308.434	
308.448	
308.462	
308.476	
308.476	
308.49	
308.504	
308.504	
308.518	
308.532	
308.546	
308.546	
308.56	
308.574	
308.574	
308.588	
308.602	
308.616	
308.616	
308.63	
308.644	
308.644	
308.658	
308.672	
308.686	
308.686	
308.701	
308.714	
308.714	
308.728	
308.742	
308.756	
308.756	
308.77	
308.784	
308.784	
308.798	
308.812	
308.826	
308.826	
308.84	
308.854	
308.854	
308.868	
308.882	
308.896	
308.896	
308.91	
308.924	
308.924	
308.938	
308.952	
308.966	
308.966	
308.98	
308.994	
308.994	
309.008	
309.022	
309.036	
309.036	
309.05	
309.064	
309.064	
309.078	
309.092	
309.106	
309.106	
309.12	
309.134	
309.134	
309.148	
309.162	
309.176	
309.176	
309.19	
309.204	
309.204	
309.218	
309.232	
309.246	
309.246	
309.26	
309.274	
309.274	
309.288	
309.302	
309.316	
309.316	
309.33	
309.344	
309.344	
309.358	
309.372	
309.386	
309.386	
309.4	
309.414	
309.414	
309.428	
309.442	
309.456	
309.456	
309.47	
309.484	
309.484	
309.498	
309.512	
309.526	
309.526	
309.54	
309.554	
309.554	
309.568	
309.582	
309.596	
309.596	
309.61	
309.624	
309.624	
309.638	
309.652	
309.666	
309.666	
309.68	
309.694	
309.694	
309.708	
309.722	
309.736	
309.736	
309.75	
309.764	
309.764	
309.778	
309.792	
309.806	
309.806	
309.82	
309.834	
309.834	
309.848	
309.862	
309.876	
309.876	
309.89	
309.904	
309.904	
309.918	
309.932	
309.946	
309.946	
309.96	
309.974	
309.974	
309.988	
310.002	
310.016	
310.016	
310.03	
310.044	
310.044	
310.058	
310.072	
310.086	
310.086	
310.1	
310.114	
310.114	
310.128	
310.142	
310.156	
310.156	
310.17	
310.184	
310.184	
310.198	
310.212	
310.226	
310.226	
310.24	
310.254	
310.254	
310.268	
310.282	
310.296	
310.296	
310.31	
310.324	
310.324	
310.338	
310.352	
310.366	
310.366	
310.38	
310.394	
310.394	
310.408	
310.422	
310.436	
310.436	
310.45	
310.464	
310.464	
310.478	
310.492	
310.506	
310.506	
310.52	
310.534	
310.534	
310.548	
310.562	
310.576	
310.576	
310.59	
310.604	
310.604	
310.618	
310.632	
310.646	
310.646	
310.66	
310.674	
310.674	
310.688	
310.702	
310.716	
310.716	
310.73	
310.744	
310.744	
310.758	
310.772	
310.786	
310.786	
310.8	
310.814	
310.814	
310.828	
310.842	
310.856	
310.856	
310.87	
310.884	
310.884	
310.898	
310.912	
310.926	
310.926	
310.94	
310.954	
310.954	
310.968	
310.982	
310.996	
310.996	
311.01	
311.024	
311.024	
311.038	
311.052	
311.066	
311.066	
311.08	
311.094	
311.094	
311.108	
311.122	
311.136	
311.136	
311.15	
311.164	
311.164	
311.178	
311.192	
311.206	
311.206	
311.22	
311.234	
311.234	
311.248	
311.262	
311.276	
311.276	
311.29	
311.304	
311.304	
311.318	
311.332	
311.346	
311.346	
311.36	
311.374	
311.374	
311.388	
311.402	
311.416	
311.416	
311.43	
311.444	
311.444	
311.458	
311.472	
311.486	
311.486	
311.5	
311.514	
311.514	
311.528	
311.542	
311.556	
311.556	
311.57	
311.584	
311.584	
311.598	
311.612	
311.626	
311.626	
311.64	
311.654	
311.654	
311.668	
311.682	
311.696	
311.696	
311.71	
311.724	
311.724	
311.738	
311.752	
311.766	
311.766	
311.78	
311.794	
311.794	
311.808	
311.822	
311.836	
311.836	
311.85	
311.864	
311.864	
311.878	
311.892	
311.906	
311.906	
311.92	
311.934	
311.934	
311.948	
311.962	
311.976	
311.976	
311.99	
312.004	
312.004	
312.018	
312.032	
312.046	
312.046	
312.06	
312.074	
312.074	
312.088	
312.102	
312.116	
312.116	
312.13	
312.144	
312.144	
312.158	
312.172	
312.186	
312.186	
312.2	
312.214	
312.214	
312.228	
312.242	
312.256	
312.256	
312.27	
312.284	
312.284	
312.298	
312.312	
312.326	
312.326	
312.34	
312.354	
312.354	
312.368	
312.382	
312.396	
312.396	
312.41	
312.424	
312.424	
312.438	
312.452	
312.466	
312.466	
312.48	
312.494	
312.494	
312.508	
312.522	
312.536	
312.536	
312.55	
312.564	
312.564	
312.578	
312.592	
312.606	
312.606	
312.62	
312.634	
312.634	
312.648	
312.662	
312.676	
312.676	
312.69	
312.704	
312.704	
312.718	
312.732	
312.746	
312.746	
312.76	
312.774	
312.774	
312.789	
312.802	
312.816	
312.816	
312.83	
312.844	
312.844	
312.858	
312.872	
312.886	
312.886	
312.9	
312.914	
312.914	
312.928	
312.942	
312.956	
312.956	
312.97	
312.984	
312.984	
312.998	
313.012	
313.026	
313.026	
313.04	
313.054	
313.054	
313.068	
313.082	
313.096	
313.096	
313.11	
313.124	
313.124	
313.138	
313.152	
313.166	
313.166	
313.18	
313.194	
313.194	
313.208	
313.222	
313.236	
313.236	
313.25	
313.264	
313.264	
313.278	
313.292	
313.306	
313.306	
313.32	
313.334	
313.334	
313.348	
313.362	
313.376	
313.376	
313.39	
313.404	
313.404	
313.418	
313.432	
313.446	
313.446	
313.46	
313.474	
313.474	
313.488	
313.502	
313.516	
313.516	
313.53	
313.544	
313.544	
313.558	
313.572	
313.586	
313.586	
313.6	
313.614	
313.614	
313.628	
313.642	
313.656	
313.656	
313.67	
313.684	
313.684	
313.698	
313.712	
313.726	
313.726	
313.74	
313.754	
313.754	
313.768	
313.782	
313.796	
313.796	
313.81	
313.824	
313.824	
313.838	
313.852	
313.866	
313.866	
313.88	
313.894	
313.908	
313.908	
313.922	
313.936	
313.936	
313.95	
313.964	
313.964	
313.978	
313.992	
314.006	
314.006	
314.02	
314.034	
314.034	
314.048	
314.062	
314.076	
314.076	
314.09	
314.104	
314.104	
314.118	
314.132	
314.146	
314.146	
314.16	
314.174	
314.174	
314.188	
314.202	
314.216	
314.216	
314.23	
314.244	
314.244	
314.258	
314.272	
314.286	
314.286	
314.3	
314.314	
314.314	
314.328	
314.342	
314.356	
314.356	
314.37	
314.384	
314.384	
314.398	
314.412	
314.426	
314.426	
314.44	
314.454	
314.454	
314.468	
314.482	
314.496	
314.496	
314.51	
314.524	
314.524	
314.538	
314.552	
314.566	
314.566	
314.58	
314.594	
314.594	
314.608	
314.622	
314.636	
314.636	
314.65	
314.664	
314.664	
314.678	
314.692	
314.706	
314.706	
314.72	
314.734	
314.734	
314.748	
314.762	
314.776	
314.776	
314.79	
314.804	
314.804	
314.818	
314.832	
314.846	
314.846	
314.86	
314.874	
314.874	
314.888	
314.902	
314.916	
314.916	
314.93	
314.944	
314.944	
314.958	
314.972	
314.986	
314.986	
315	
315.014	
315.014	
315.028	
315.042	
315.056	
315.056	
315.07	
315.084	
315.084	
315.098	
315.112	
315.126	
315.126	
315.14	
315.154	
315.154	
315.168	
315.182	
315.196	
315.196	
315.21	
315.224	
315.224	
315.238	
315.252	
315.266	
315.266	
315.28	
315.294	
315.294	
315.308	
315.322	
315.336	
315.336	
315.35	
315.364	
315.364	
315.378	
315.392	
315.406	
315.406	
315.42	
315.434	
315.434	
315.448	
315.462	
315.476	
315.476	
315.49	
315.504	
315.504	
315.518	
315.532	
315.546	
315.546	
315.56	
315.574	
315.574	
315.588	
315.602	
315.616	
315.616	
315.63	
315.644	
315.644	
315.658	
315.672	
315.686	
315.686	
315.7	
315.714	
315.714	
315.728	
315.742	
315.756	
315.756	
315.77	
315.784	
315.784	
315.798	
315.812	
315.826	
315.826	
315.84	
315.854	
315.854	
315.868	
315.882	
315.896	
315.896	
315.91	
315.924	
315.924	
315.938	
315.952	
315.966	
315.966	
315.98	
315.994	
315.994	
316.008	
316.022	
316.036	
316.036	
316.05	
316.064	
316.064	
316.078	
316.092	
316.106	
316.106	
316.12	
316.134	
316.134	
316.148	
316.162	
316.176	
316.176	
316.19	
316.204	
316.204	
316.218	
316.232	
316.246	
316.246	
316.26	
316.274	
316.274	
316.288	
316.302	
316.316	
316.316	
316.33	
316.344	
316.344	
316.358	
316.372	
316.386	
316.386	
316.4	
316.414	
316.414	
316.428	
316.442	
316.456	
316.456	
316.47	
316.484	
316.484	
316.498	
316.512	
316.526	
316.526	
316.54	
316.554	
316.554	
316.568	
316.582	
316.596	
316.596	
316.61	
316.624	
316.624	
316.638	
316.652	
316.666	
316.666	
316.68	
316.694	
316.694	
316.708	
316.722	
316.736	
316.736	
316.75	
316.764	
316.764	
316.778	
316.792	
316.806	
316.806	
316.82	
316.834	
316.834	
316.848	
316.862	
316.876	
316.876	
316.89	
316.904	
316.904	
316.918	
316.932	
316.946	
316.946	
316.96	
316.974	
316.974	
316.988	
317.002	
317.016	
317.016	
317.03	
317.044	
317.044	
317.058	
317.072	
317.086	
317.086	
317.1	
317.114	
317.114	
317.128	
317.142	
317.156	
317.156	
317.17	
317.184	
317.184	
317.198	
317.212	
317.226	
317.226	
317.24	
317.254	
317.254	
317.268	
317.282	
317.296	
317.296	
317.31	
317.324	
317.324	
317.338	
317.352	
317.366	
317.366	
317.38	
317.394	
317.394	
317.408	
317.422	
317.436	
317.436	
317.45	
317.464	
317.464	
317.478	
317.492	
317.506	
317.506	
317.52	
317.534	
317.534	
317.548	
317.562	
317.576	
317.576	
317.59	
317.604	
317.604	
317.618	
317.632	
317.646	
317.646	
317.66	
317.674	
317.674	
317.688	
317.702	
317.716	
317.716	
317.73	
317.744	
317.744	
317.758	
317.772	
317.786	
317.786	
317.8	
317.814	
317.814	
317.828	
317.842	
317.856	
317.856	
317.87	
317.884	
317.884	
317.898	
317.912	
317.926	
317.926	
317.94	
317.954	
317.954	
317.968	
317.982	
317.996	
317.996	
318.01	
318.024	
318.024	
318.038	
318.052	
318.066	
318.066	
318.08	
318.094	
318.094	
318.108	
318.122	
318.136	
318.136	
318.15	
318.164	
318.164	
318.178	
318.192	
318.206	
318.206	
318.22	
318.234	
318.234	
318.248	
318.262	
318.276	
318.276	
318.29	
318.304	
318.304	
318.318	
318.332	
318.346	
318.346	
318.36	
318.374	
318.374	
318.388	
318.402	
318.416	
318.416	
318.43	
318.444	
318.444	
318.458	
318.472	
318.486	
318.486	
318.5	
318.514	
318.514	
318.528	
318.542	
318.556	
318.556	
318.57	
318.584	
318.584	
318.598	
318.612	
318.626	
318.626	
318.64	
318.654	
318.654	
318.668	
318.682	
318.696	
318.696	
318.71	
318.724	
318.724	
318.738	
318.752	
318.766	
318.766	
318.78	
318.794	
318.794	
318.808	
318.822	
318.836	
318.836	
318.85	
318.864	
318.864	
318.878	
318.892	
318.906	
318.906	
318.92	
318.934	
318.934	
318.948	
318.962	
318.976	
318.976	
318.99	
319.004	
319.004	
319.018	
319.032	
319.046	
319.046	
319.06	
319.074	
319.074	
319.088	
319.102	
319.116	
319.116	
319.13	
319.144	
319.144	
319.158	
319.172	
319.186	
319.186	
319.2	
319.214	
319.214	
