time	
1526.1	
1526.12	
1526.13	
1526.14	
1526.14	
1526.16	
1526.17	
1526.17	
1526.19	
1526.2	
1526.21	
1526.21	
1526.23	
1526.24	
1526.24	
1526.27	
1526.27	
1526.28	
1526.28	
1526.3	
1526.31	
1526.31	
1526.33	
1526.34	
1526.35	
1526.35	
1526.37	
1526.38	
1526.38	
1526.4	
1526.41	
1526.42	
1526.42	
1526.44	
1526.45	
1526.47	
1526.48	
1526.48	
1526.49	
1526.49	
1526.51	
1526.52	
1526.52	
1526.54	
1526.55	
1526.56	
1526.56	
1526.58	
1526.59	
1526.59	
1526.61	
1526.62	
1526.63	
1526.63	
1526.65	
1526.66	
1526.66	
1526.68	
1526.69	
1526.7	
1526.7	
1526.72	
1526.73	
1526.73	
1526.75	
1526.76	
1526.77	
1526.77	
1526.79	
1526.8	
1526.8	
1526.82	
1526.83	
1526.84	
1526.84	
1526.86	
1526.87	
1526.87	
1526.89	
1526.9	
1526.91	
1526.91	
1526.93	
1526.94	
1526.94	
1526.96	
1526.97	
1526.98	
1526.98	
1527	
1527.01	
1527.01	
1527.03	
1527.04	
1527.05	
1527.05	
1527.07	
1527.08	
1527.08	
1527.1	
1527.11	
1527.12	
1527.12	
1527.14	
1527.15	
1527.15	
1527.17	
1527.18	
1527.19	
1527.19	
1527.21	
1527.22	
1527.22	
1527.24	
1527.25	
1527.26	
1527.26	
1527.28	
1527.29	
1527.29	
1527.31	
1527.32	
1527.33	
1527.33	
1527.35	
1527.36	
1527.36	
1527.38	
1527.39	
1527.4	
1527.4	
1527.42	
1527.43	
1527.43	
1527.45	
1527.46	
1527.47	
1527.47	
1527.49	
1527.5	
1527.5	
1527.52	
1527.53	
1527.54	
1527.54	
1527.56	
1527.57	
1527.57	
1527.59	
1527.6	
1527.61	
1527.61	
1527.63	
1527.64	
1527.64	
1527.66	
1527.67	
1527.68	
1527.68	
1527.7	
1527.71	
1527.71	
1527.73	
1527.74	
1527.75	
1527.75	
1527.77	
1527.78	
1527.78	
1527.8	
1527.81	
1527.82	
1527.82	
1527.84	
1527.85	
1527.85	
1527.87	
1527.88	
1527.89	
1527.89	
1527.91	
1527.92	
1527.92	
1527.94	
1527.95	
1527.96	
1527.96	
1527.98	
1527.99	
1527.99	
1528.01	
1528.02	
1528.03	
1528.03	
1528.05	
1528.06	
1528.06	
1528.08	
1528.09	
1528.1	
1528.1	
1528.12	
1528.13	
1528.13	
1528.15	
1528.16	
1528.17	
1528.17	
1528.19	
1528.2	
1528.2	
1528.22	
1528.23	
1528.24	
1528.24	
1528.26	
1528.27	
1528.27	
1528.29	
1528.3	
1528.31	
1528.31	
1528.33	
1528.34	
1528.34	
1528.36	
1528.37	
1528.38	
1528.38	
1528.4	
1528.41	
1528.41	
1528.43	
1528.44	
1528.45	
1528.45	
1528.47	
1528.48	
1528.48	
1528.5	
1528.51	
1528.52	
1528.52	
1528.54	
1528.55	
1528.55	
1528.57	
1528.58	
1528.59	
1528.59	
1528.61	
1528.62	
1528.62	
1528.64	
1528.65	
1528.66	
1528.66	
1528.68	
1528.69	
1528.69	
1528.71	
1528.72	
1528.73	
1528.73	
1528.75	
1528.76	
1528.76	
1528.78	
1528.79	
1528.8	
1528.8	
1528.82	
1528.83	
1528.83	
1528.85	
1528.86	
1528.87	
1528.87	
1528.89	
1528.9	
1528.9	
1528.92	
1528.93	
1528.94	
1528.94	
1528.96	
1528.97	
1528.97	
1528.99	
1529	
1529.01	
1529.01	
1529.03	
1529.04	
1529.04	
1529.06	
1529.07	
1529.08	
1529.08	
1529.1	
1529.11	
1529.11	
1529.13	
1529.14	
1529.15	
1529.15	
1529.17	
1529.18	
1529.18	
1529.2	
1529.21	
1529.22	
1529.22	
1529.24	
1529.25	
1529.25	
1529.27	
1529.28	
1529.29	
1529.29	
1529.31	
1529.32	
1529.32	
1529.34	
1529.35	
1529.36	
1529.36	
1529.38	
1529.39	
1529.39	
1529.41	
1529.42	
1529.43	
1529.43	
1529.45	
1529.46	
1529.46	
1529.48	
1529.49	
1529.5	
1529.5	
1529.52	
1529.53	
1529.53	
1529.55	
1529.56	
1529.57	
1529.57	
1529.59	
1529.6	
1529.6	
1529.62	
1529.63	
1529.64	
1529.64	
1529.66	
1529.67	
1529.67	
1529.69	
1529.7	
1529.71	
1529.71	
1529.73	
1529.74	
1529.74	
1529.76	
1529.77	
1529.78	
1529.78	
1529.8	
1529.81	
1529.81	
1529.83	
1529.84	
1529.85	
1529.85	
1529.87	
1529.88	
1529.88	
1529.9	
1529.91	
1529.92	
1529.92	
1529.94	
1529.95	
1529.95	
1529.97	
1529.98	
1529.99	
1529.99	
1530.01	
1530.02	
1530.02	
1530.04	
1530.05	
1530.06	
1530.06	
1530.08	
1530.09	
1530.09	
1530.11	
1530.12	
1530.13	
1530.13	
1530.15	
1530.16	
1530.16	
1530.18	
1530.19	
1530.2	
1530.2	
1530.22	
1530.23	
1530.23	
1530.25	
1530.26	
1530.27	
1530.27	
1530.29	
1530.3	
1530.3	
1530.32	
1530.33	
1530.34	
1530.34	
1530.36	
1530.37	
1530.37	
1530.39	
1530.4	
1530.41	
1530.41	
1530.43	
1530.44	
1530.44	
1530.46	
1530.47	
1530.48	
1530.48	
1530.5	
1530.51	
1530.51	
1530.53	
1530.54	
1530.55	
1530.55	
1530.57	
1530.58	
1530.58	
1530.6	
1530.61	
1530.62	
1530.62	
1530.64	
1530.65	
1530.65	
1530.67	
1530.68	
1530.69	
1530.69	
1530.71	
1530.72	
1530.72	
1530.74	
1530.75	
1530.76	
1530.76	
1530.78	
1530.79	
1530.79	
1530.81	
1530.82	
1530.83	
1530.83	
1530.85	
1530.86	
1530.86	
1530.88	
1530.89	
1530.9	
1530.9	
1530.92	
1530.93	
1530.93	
1530.95	
1530.96	
1530.97	
1530.97	
1530.99	
1531	
1531	
1531.02	
1531.03	
1531.04	
1531.04	
1531.06	
1531.07	
1531.07	
1531.09	
1531.1	
1531.11	
1531.11	
1531.13	
1531.14	
1531.14	
1531.16	
1531.17	
1531.18	
1531.18	
1531.2	
1531.21	
1531.21	
1531.23	
1531.24	
1531.25	
1531.25	
1531.27	
1531.28	
1531.28	
1531.3	
1531.31	
1531.32	
1531.32	
1531.34	
1531.35	
1531.35	
1531.37	
1531.38	
1531.39	
1531.39	
1531.41	
1531.42	
1531.42	
1531.44	
1531.45	
1531.46	
1531.46	
1531.48	
1531.49	
1531.49	
1531.51	
1531.52	
1531.53	
1531.53	
1531.55	
1531.56	
1531.56	
1531.58	
1531.59	
1531.6	
1531.6	
1531.62	
1531.63	
1531.63	
1531.65	
1531.66	
1531.67	
1531.67	
1531.69	
1531.7	
1531.7	
1531.72	
1531.73	
1531.74	
1531.74	
1531.76	
1531.77	
1531.77	
1531.79	
1531.8	
1531.81	
1531.81	
1531.83	
1531.84	
1531.84	
1531.86	
1531.87	
1531.88	
1531.88	
1531.9	
1531.91	
1531.91	
1531.93	
1531.94	
1531.95	
1531.95	
1531.97	
1531.98	
1531.98	
1532	
1532.01	
1532.02	
1532.02	
1532.04	
1532.05	
1532.05	
1532.07	
1532.08	
1532.09	
1532.09	
1532.11	
1532.12	
1532.14	
1532.14	
1532.15	
1532.16	
1532.16	
1532.18	
1532.19	
1532.19	
1532.21	
1532.22	
1532.23	
1532.23	
1532.23	
1532.26	
1532.26	
1532.28	
1532.29	
1532.3	
1532.3	
1532.32	
1532.33	
1532.33	
1532.35	
1532.36	
1532.37	
1532.37	
1532.39	
1532.4	
1532.4	
1532.42	
1532.43	
1532.44	
1532.44	
1532.46	
1532.47	
1532.47	
1532.49	
1532.5	
1532.51	
1532.51	
1532.53	
1532.54	
1532.54	
1532.56	
1532.57	
1532.58	
1532.58	
1532.6	
1532.61	
1532.61	
1532.63	
1532.64	
1532.65	
1532.65	
1532.67	
1532.68	
1532.68	
1532.7	
1532.71	
1532.72	
1532.72	
1532.74	
1532.75	
1532.75	
1532.77	
1532.78	
1532.79	
1532.79	
1532.81	
1532.82	
1532.82	
1532.84	
1532.85	
1532.86	
1532.86	
1532.88	
1532.89	
1532.89	
1532.91	
1532.92	
1532.93	
1532.93	
1532.95	
1532.96	
1532.96	
1532.98	
1532.99	
1533	
1533	
1533.02	
1533.03	
1533.03	
1533.05	
1533.06	
1533.07	
1533.07	
1533.09	
1533.1	
1533.1	
1533.12	
1533.13	
1533.14	
1533.14	
1533.16	
1533.17	
1533.17	
1533.19	
1533.2	
1533.21	
1533.21	
1533.23	
1533.24	
1533.24	
1533.26	
1533.27	
1533.28	
1533.28	
1533.3	
1533.31	
1533.31	
1533.33	
1533.34	
1533.35	
1533.35	
1533.37	
1533.38	
1533.38	
1533.4	
1533.41	
1533.42	
1533.42	
1533.44	
1533.45	
1533.45	
1533.47	
1533.48	
1533.49	
1533.49	
1533.51	
1533.52	
1533.52	
1533.54	
1533.55	
1533.56	
1533.56	
1533.58	
1533.59	
1533.59	
1533.61	
1533.62	
1533.63	
1533.63	
1533.65	
1533.66	
1533.66	
1533.68	
1533.69	
1533.7	
1533.7	
1533.72	
1533.73	
1533.73	
1533.75	
1533.76	
1533.77	
1533.77	
1533.79	
1533.8	
1533.8	
1533.82	
1533.83	
1533.84	
1533.84	
1533.86	
1533.87	
1533.87	
1533.89	
1533.9	
1533.91	
1533.91	
1533.93	
1533.94	
1533.94	
1533.96	
1533.97	
1533.98	
1533.98	
1534	
1534.01	
1534.01	
1534.03	
1534.04	
1534.05	
1534.05	
1534.07	
1534.08	
1534.08	
1534.1	
1534.11	
1534.12	
1534.12	
1534.14	
1534.15	
1534.15	
1534.17	
1534.18	
1534.19	
1534.19	
1534.21	
1534.22	
1534.22	
1534.24	
1534.25	
1534.26	
1534.26	
1534.28	
1534.29	
1534.29	
1534.31	
1534.32	
1534.33	
1534.33	
1534.35	
1534.36	
1534.36	
1534.38	
1534.39	
1534.4	
1534.4	
1534.42	
1534.43	
1534.43	
1534.45	
1534.46	
1534.47	
1534.47	
1534.49	
1534.5	
1534.5	
1534.52	
1534.53	
1534.54	
1534.54	
1534.56	
1534.57	
1534.57	
1534.59	
1534.6	
1534.61	
1534.61	
1534.63	
1534.64	
1534.64	
1534.66	
1534.67	
1534.68	
1534.68	
1534.7	
1534.71	
1534.71	
1534.73	
1534.74	
1534.75	
1534.75	
1534.77	
1534.78	
1534.78	
1534.8	
1534.81	
1534.82	
1534.82	
1534.84	
1534.85	
1534.85	
1534.87	
1534.88	
1534.89	
1534.89	
1534.91	
1534.92	
1534.92	
1534.94	
1534.95	
1534.96	
1534.96	
1534.98	
1534.99	
1534.99	
1535.01	
1535.02	
1535.03	
1535.03	
1535.05	
1535.06	
1535.06	
1535.08	
1535.09	
1535.1	
1535.1	
1535.12	
1535.13	
1535.13	
1535.15	
1535.16	
1535.17	
1535.17	
1535.17	
1535.2	
1535.21	
1535.22	
1535.23	
1535.24	
1535.24	
1535.26	
1535.27	
1535.27	
1535.29	
1535.3	
1535.3	
1535.32	
1535.32	
1535.34	
1535.34	
1535.36	
1535.37	
1535.38	
1535.38	
1535.4	
1535.41	
1535.41	
1535.43	
1535.44	
1535.44	
1535.46	
1535.47	
1535.48	
1535.48	
1535.5	
1535.51	
1535.52	
1535.52	
1535.54	
1535.55	
1535.55	
1535.57	
1535.58	
1535.58	
1535.6	
1535.6	
1535.63	
1535.63	
1535.64	
1535.65	
1535.66	
1535.66	
1535.68	
1535.69	
1535.69	
1535.71	
1535.72	
1535.72	
1535.74	
1535.75	
1535.76	
1535.76	
1535.78	
1535.79	
1535.8	
1535.8	
1535.82	
1535.83	
1535.83	
1535.85	
1535.86	
1535.87	
1535.87	
1535.89	
1535.9	
1535.9	
1535.92	
1535.93	
1535.94	
1535.94	
1535.96	
1535.97	
1535.97	
1535.99	
1536	
1536.01	
1536.01	
1536.03	
1536.04	
1536.04	
1536.06	
1536.07	
1536.08	
1536.08	
1536.1	
1536.11	
1536.11	
1536.13	
1536.14	
1536.15	
1536.15	
1536.17	
1536.18	
1536.18	
1536.2	
1536.21	
1536.22	
1536.22	
1536.24	
1536.25	
1536.25	
1536.27	
1536.28	
1536.29	
1536.29	
1536.31	
1536.32	
1536.32	
1536.34	
1536.35	
1536.36	
1536.36	
1536.38	
1536.39	
1536.39	
1536.41	
1536.42	
1536.43	
1536.43	
1536.45	
1536.46	
1536.46	
1536.48	
1536.49	
1536.5	
1536.5	
1536.52	
1536.53	
1536.53	
1536.55	
1536.56	
1536.57	
1536.57	
1536.59	
1536.6	
1536.6	
1536.62	
1536.63	
1536.64	
1536.64	
1536.66	
1536.67	
1536.67	
1536.69	
1536.7	
1536.71	
1536.71	
1536.73	
1536.74	
1536.74	
1536.76	
1536.77	
1536.78	
1536.78	
1536.8	
1536.81	
1536.81	
1536.83	
1536.84	
1536.85	
1536.85	
1536.87	
1536.88	
1536.88	
1536.9	
1536.91	
1536.92	
1536.92	
1536.94	
1536.95	
1536.95	
1536.97	
1536.98	
1536.99	
1536.99	
1537.01	
1537.02	
1537.02	
1537.04	
1537.05	
1537.06	
1537.06	
1537.08	
1537.09	
1537.09	
1537.11	
1537.12	
1537.13	
1537.13	
1537.15	
1537.16	
1537.16	
1537.18	
1537.19	
1537.2	
1537.2	
1537.22	
1537.23	
1537.23	
1537.25	
1537.26	
1537.27	
1537.27	
1537.29	
1537.3	
1537.3	
1537.32	
1537.33	
1537.34	
1537.34	
1537.36	
1537.37	
1537.37	
1537.39	
1537.4	
1537.41	
1537.41	
1537.43	
1537.44	
1537.44	
1537.46	
1537.47	
1537.48	
1537.48	
1537.5	
1537.51	
1537.51	
1537.53	
1537.54	
1537.55	
1537.55	
1537.57	
1537.58	
1537.58	
1537.6	
1537.61	
1537.62	
1537.62	
1537.64	
1537.65	
1537.65	
1537.67	
1537.68	
1537.69	
1537.69	
1537.71	
1537.72	
1537.72	
1537.74	
1537.75	
1537.76	
1537.76	
1537.78	
1537.79	
1537.79	
1537.81	
1537.82	
1537.83	
1537.83	
1537.85	
1537.86	
1537.86	
1537.88	
1537.89	
1537.9	
1537.9	
1537.92	
1537.93	
1537.93	
1537.95	
1537.96	
1537.97	
1537.97	
1537.99	
1538	
1538	
1538.02	
1538.03	
1538.04	
1538.04	
1538.06	
1538.07	
1538.07	
1538.09	
1538.1	
1538.11	
1538.11	
1538.13	
1538.14	
1538.14	
1538.16	
1538.17	
1538.18	
1538.18	
1538.2	
1538.21	
1538.21	
1538.23	
1538.24	
1538.25	
1538.25	
1538.27	
1538.28	
1538.28	
1538.3	
1538.31	
1538.32	
1538.32	
1538.34	
1538.35	
1538.35	
1538.37	
1538.38	
1538.39	
1538.39	
1538.41	
1538.42	
1538.42	
1538.44	
1538.45	
1538.46	
1538.46	
1538.48	
1538.49	
1538.49	
1538.51	
1538.52	
1538.53	
1538.53	
1538.55	
1538.56	
1538.56	
1538.58	
1538.59	
1538.6	
1538.6	
1538.62	
1538.63	
1538.63	
1538.65	
1538.66	
1538.67	
1538.67	
1538.69	
1538.7	
1538.7	
1538.72	
1538.73	
1538.74	
1538.74	
1538.76	
1538.77	
1538.77	
1538.79	
1538.8	
1538.81	
1538.81	
1538.83	
1538.84	
1538.84	
1538.86	
1538.87	
1538.88	
1538.88	
1538.9	
1538.91	
1538.91	
1538.93	
1538.94	
1538.95	
1538.95	
1538.97	
1538.98	
1538.98	
1539	
1539.01	
1539.02	
1539.02	
1539.04	
1539.05	
1539.05	
