time	joint_joint0	joint_joint1	joint_joint2	joint_joint3	joint_joint4	joint_joint5	joint_joint6	cart_pos_x	cart_pos_y	cart_pos_z	cart_quat_x	cart_quat_y	cart_quat_z	cart_quat_w	force_joint_joint0	force_joint_joint1	force_joint_joint2	force_joint_joint3	force_joint_joint4	force_joint_joint5	force_joint_joint6	cart_force_x	cart_force_y	cart_force_z	cart_trq_x	cart_trq_y	cart_trq_z	
1486249212063	-2.24664	1.63786	-2.17356	1.88118	2.30258	-1.6601	-0.958065	-0.112987	0.718479	0.330974	-0.00614659	-0.933798	0.00855767	-0.357646	1.70574	-2.19914	1.72082	-0.758364	0.521256	1.22601	-0.341375	1.40466	-3.88963	8.74881	0.689169	-1.15532	-0.510354	
1486249213344	-2.24539	1.63741	-2.17278	1.88047	2.30275	-1.65983	-0.958065	-0.11209	0.718203	0.330939	-0.00657817	-0.933666	0.00902483	-0.357972	2.14903	-2.66179	1.85732	-0.579924	0.326966	1.64264	-0.423552	2.07432	-4.22624	9.68439	1.12235	-1.28107	-0.593949	
1486249213363	-2.24539	1.63741	-2.17278	1.88047	2.30275	-1.65983	-0.958065	-0.112092	0.718204	0.330936	-0.00657655	-0.933668	0.00902641	-0.357966	2.14903	-2.66179	1.85732	-0.579924	0.326966	1.64264	-0.423552	2.07432	-4.22624	9.68439	1.12235	-1.28107	-0.593949	
1486249213784	-2.24687	1.63756	-2.1729	1.88056	2.30353	-1.66038	-0.958065	-0.11262	0.718313	0.330434	-0.00617386	-0.934035	0.00892941	-0.357017	3.37188	-3.47551	2.77839	-0.707681	-0.10871	2.35879	-0.388926	1.94574	-6.23511	13.0277	1.74567	-1.33999	-0.52492	
1486249213883	-2.24715	1.63771	-2.17304	1.8806	2.30363	-1.66042	-0.958065	-0.112802	0.718391	0.330354	-0.00603962	-0.934111	0.00882811	-0.356824	3.47181	-3.65019	3.00039	-0.816107	-0.168737	2.41058	-0.349779	1.88005	-6.43	13.7224	1.79927	-1.31963	-0.481939	
1486249214403	-2.24744	1.63794	-2.17317	1.8807	2.30386	-1.66067	-0.958065	-0.112983	0.718475	0.330351	-0.00595207	-0.934208	0.00866082	-0.356574	3.78669	-3.98877	3.27901	-0.949981	-0.335715	2.57466	-0.371733	1.79462	-6.97145	14.7755	1.9846	-1.2694	-0.501276	
1486249215457	-2.24887	1.63891	-2.17497	1.88089	2.30439	-1.66172	-0.958065	-0.114098	0.71912	0.330289	-0.00505919	-0.934547	0.0080851	-0.355711	4.38927	-4.36114	3.53851	-1.06236	-0.606128	2.73119	-0.349106	1.42297	-7.93613	15.7701	2.24592	-1.09706	-0.51172	
1486249215733	-2.24887	1.6389	-2.175	1.88089	2.30442	-1.66172	-0.958065	-0.114118	0.71914	0.330296	-0.00502267	-0.934546	0.00806071	-0.355716	4.33363	-4.30883	3.47468	-0.97976	-0.627218	2.65223	-0.357779	1.58858	-7.81538	15.3089	2.20646	-1.04588	-0.522311	
1486249215803	-2.24887	1.6389	-2.175	1.88089	2.30442	-1.66172	-0.958065	-0.114119	0.719141	0.330297	-0.00502107	-0.934546	0.00805945	-0.355716	4.32575	-4.33426	3.48443	-0.979277	-0.633265	2.63802	-0.356408	1.63741	-7.7721	15.2884	2.20404	-1.03239	-0.52495	
1486249216263	-2.24887	1.6389	-2.17501	1.88089	2.30442	-1.66171	-0.958065	-0.114121	0.719142	0.330297	-0.00501849	-0.934545	0.00805813	-0.355718	4.27484	-4.31737	3.45491	-0.978019	-0.62509	2.59349	-0.354818	1.65638	-7.7064	15.1612	2.17816	-1.01643	-0.527184	
1486249216313	-2.24887	1.6389	-2.17501	1.88089	2.30442	-1.66171	-0.958065	-0.114121	0.719142	0.330297	-0.00501849	-0.934545	0.00805813	-0.355718	4.28619	-4.31407	3.455	-0.972915	-0.626868	2.59086	-0.355352	1.65583	-7.73183	15.1464	2.17645	-1.01306	-0.528567	
1486249216464	-2.24887	1.6389	-2.17501	1.88089	2.30442	-1.66171	-0.958065	-0.114121	0.719142	0.330298	-0.00501799	-0.934545	0.00805794	-0.355719	4.28629	-4.31402	3.4514	-0.973404	-0.627358	2.58469	-0.355158	1.65273	-7.73304	15.13	2.17404	-1.00831	-0.5299	
1486249216936	-2.24887	1.6389	-2.17501	1.88089	2.30442	-1.66171	-0.958065	-0.114121	0.719143	0.330298	-0.0050178	-0.934545	0.00805734	-0.355719	4.2956	-4.30244	3.44602	-0.960028	-0.631142	2.5681	-0.354874	1.66195	-7.75865	15.0584	2.16395	-0.995632	-0.531672	
1486249217134	-2.24887	1.6389	-2.17501	1.88089	2.30442	-1.66171	-0.958066	-0.114121	0.719143	0.330298	-0.0050178	-0.934545	0.00805734	-0.355719	4.2807	-4.29451	3.43825	-0.96034	-0.632825	2.56008	-0.355041	1.65816	-7.73116	15.0192	2.15886	-0.98971	-0.53081	
1486249218211	-2.24887	1.6389	-2.17501	1.8809	2.30442	-1.66171	-0.958066	-0.114121	0.719142	0.330298	-0.00501669	-0.934544	0.00805803	-0.355721	4.27496	-4.27511	3.41575	-0.950718	-0.633374	2.55943	-0.360244	1.65017	-7.71668	14.95	2.15775	-0.988407	-0.534586	
1486249218753	-2.24887	1.6389	-2.17501	1.8809	2.30442	-1.66171	-0.958066	-0.114121	0.719142	0.330299	-0.00501704	-0.934544	0.00805759	-0.355721	4.25768	-4.24795	3.40889	-0.953044	-0.628709	2.55941	-0.362501	1.62216	-7.70129	14.9197	2.14758	-0.991906	-0.531401	
1486249218914	-2.24887	1.6389	-2.17501	1.8809	2.30442	-1.66171	-0.958066	-0.114121	0.719142	0.330299	-0.00501704	-0.934544	0.00805759	-0.355721	4.23989	-4.26324	3.4071	-0.957221	-0.625436	2.554	-0.360196	1.64742	-7.65589	14.9271	2.14888	-0.992657	-0.531694	
1486249219053	-2.24887	1.6389	-2.17501	1.8809	2.30442	-1.66171	-0.958066	-0.114121	0.719141	0.330299	-0.00501692	-0.934544	0.00805814	-0.355721	4.24012	-4.27053	3.4144	-0.95278	-0.629062	2.55386	-0.360878	1.67339	-7.65404	14.9309	2.15023	-0.991758	-0.531877	
1486249219666	-2.24887	1.6389	-2.17501	1.8809	2.30442	-1.66171	-0.958066	-0.114121	0.719141	0.330299	-0.00501692	-0.934544	0.00805814	-0.355721	4.25027	-4.263	3.4043	-0.944834	-0.629817	2.5453	-0.362206	1.67096	-7.6759	14.8835	2.14616	-0.984969	-0.535767	
1486249219714	-2.24887	1.6389	-2.17501	1.8809	2.30442	-1.66171	-0.958066	-0.114121	0.719141	0.330299	-0.00501692	-0.934544	0.00805814	-0.355721	4.23426	-4.26068	3.40376	-0.944499	-0.630904	2.54464	-0.362183	1.68146	-7.64278	14.8724	2.145	-0.985408	-0.533368	
