time	joint_joint0	joint_joint1	joint_joint2	joint_joint3	joint_joint4	joint_joint5	joint_joint6	cart_pos_x	cart_pos_y	cart_pos_z	cart_quat_x	cart_quat_y	cart_quat_z	cart_quat_w	force_joint_joint0	force_joint_joint1	force_joint_joint2	force_joint_joint3	force_joint_joint4	force_joint_joint5	force_joint_joint6	cart_force_x	cart_force_y	cart_force_z	cart_trq_x	cart_trq_y	cart_trq_z	
1486249042916	-2.24805	1.6379	-2.17384	1.88243	2.30165	-1.66004	-0.958082	-0.113471	0.718259	0.33095	-0.0062338	-0.933776	0.00852555	-0.357702	1.71653	-2.21984	1.74091	-0.697063	0.496124	1.19225	-0.33771	1.5921	-3.88162	8.61385	0.683074	-1.12898	-0.510598	
1486249043078	-2.24698	1.63756	-2.17331	1.88194	2.30174	-1.65983	-0.958082	-0.112787	0.718049	0.330985	-0.00657338	-0.933652	0.00887399	-0.358012	1.93346	-2.58803	1.94249	-0.632171	0.33256	1.2338	-0.367913	2.1512	-4.1298	9.01635	0.828643	-1.05198	-0.562453	
1486249043884	-2.24683	1.63742	-2.17318	1.88181	2.30177	-1.65976	-0.958082	-0.112642	0.718001	0.330921	-0.00661066	-0.933629	0.00899408	-0.358067	1.80234	-2.63301	1.8772	-0.560977	0.323808	1.14372	-0.374909	2.49555	-3.80006	8.62767	0.809118	-1.0141	-0.583722	
1486249044084	-2.24683	1.63742	-2.17317	1.8818	2.30177	-1.65976	-0.958082	-0.112639	0.718001	0.330919	-0.00660974	-0.933629	0.00899392	-0.358069	1.78926	-2.62662	1.86382	-0.559171	0.330244	1.14511	-0.373267	2.49437	-3.76524	8.60948	0.809867	-1.02006	-0.582513	
1486249044204	-2.24683	1.63741	-2.17316	1.8818	2.30177	-1.65975	-0.958082	-0.112636	0.718	0.330917	-0.0066108	-0.933629	0.00899772	-0.358068	1.81548	-2.63633	1.87613	-0.559909	0.331145	1.14501	-0.373781	2.49444	-3.82617	8.64471	0.809589	-1.01956	-0.58615	
1486249044875	-2.24801	1.63747	-2.17316	1.88176	2.3026	-1.66028	-0.958082	-0.113029	0.718078	0.330442	-0.0062709	-0.933961	0.00894438	-0.357208	3.24692	-3.3482	2.62977	-0.680515	-0.0538536	2.28563	-0.400983	1.91172	-6.01916	12.5686	1.67973	-1.33785	-0.541887	
1486249044886	-2.24801	1.63747	-2.17316	1.88176	2.3026	-1.66028	-0.958082	-0.113029	0.718078	0.330442	-0.0062709	-0.933961	0.00894438	-0.357208	3.24692	-3.3482	2.62977	-0.680515	-0.0538536	2.28563	-0.400983	1.91172	-6.01916	12.5686	1.67973	-1.33785	-0.541887	
1486249044894	-2.24812	1.63749	-2.17319	1.88176	2.30262	-1.6603	-0.958082	-0.113067	0.71809	0.330416	-0.00624357	-0.933984	0.00893758	-0.357148	3.26393	-3.39182	2.67603	-0.711649	-0.0717803	2.3039	-0.393872	1.88322	-6.04359	12.738	1.69907	-1.33275	-0.532498	
1486249045504	-2.24881	1.63796	-2.17346	1.88177	2.30293	-1.66053	-0.958082	-0.113473	0.718305	0.330264	-0.0059586	-0.934185	0.00869057	-0.356635	3.6589	-3.97075	3.27629	-1.06109	-0.319809	2.50362	-0.362014	1.604	-6.80357	14.7874	1.92647	-1.22849	-0.489327	
1486249045644	-2.24896	1.63807	-2.17356	1.88177	2.30298	-1.66066	-0.958082	-0.113554	0.71835	0.330252	-0.00591188	-0.934225	0.00865601	-0.35653	3.70948	-4.06826	3.33832	-1.12203	-0.345702	2.54825	-0.375562	1.56641	-6.89829	15.1076	1.97172	-1.22878	-0.503151	
1486249046144	-2.2498	1.63872	-2.17439	1.88185	2.30328	-1.66118	-0.958082	-0.114083	0.718664	0.330209	-0.00554557	-0.934431	0.00832561	-0.356004	4.13657	-4.34329	3.58222	-1.25943	-0.478009	2.79448	-0.383424	1.24334	-7.63449	16.3129	2.19283	-1.23559	-0.511137	
1486249046644	-2.25011	1.63884	-2.17513	1.88186	2.30356	-1.66156	-0.958083	-0.114518	0.718941	0.330185	-0.0050736	-0.934526	0.00814143	-0.355765	4.29692	-4.42564	3.65488	-1.16608	-0.616688	2.57825	-0.332911	1.42968	-7.91609	15.8251	2.14119	-0.999306	-0.503818	
1486249047014	-2.2501	1.63884	-2.17514	1.88186	2.30356	-1.66156	-0.958083	-0.114515	0.718941	0.330189	-0.00507238	-0.934524	0.0081405	-0.355771	4.32397	-4.41103	3.62883	-1.15019	-0.638092	2.51742	-0.332281	1.40894	-7.9822	15.6174	2.11679	-0.940978	-0.514462	
1486249047074	-2.2501	1.63884	-2.17514	1.88186	2.30356	-1.66156	-0.958083	-0.114515	0.718941	0.330189	-0.00507257	-0.934524	0.00814097	-0.355772	4.32767	-4.40077	3.62392	-1.147	-0.639074	2.51378	-0.332189	1.39625	-7.99333	15.5899	2.11326	-0.937156	-0.51421	
1486249047144	-2.2501	1.63884	-2.17514	1.88186	2.30356	-1.66156	-0.958083	-0.114515	0.718941	0.330189	-0.00507207	-0.934524	0.00814077	-0.355772	4.28916	-4.40759	3.61776	-1.15673	-0.641896	2.50432	-0.332424	1.40924	-7.91196	15.5684	2.11104	-0.93096	-0.512917	
1486249047234	-2.2501	1.63884	-2.17514	1.88186	2.30356	-1.66156	-0.958083	-0.114515	0.718941	0.33019	-0.00507189	-0.934523	0.00814043	-0.355773	4.30647	-4.39685	3.61238	-1.15152	-0.639968	2.50568	-0.332715	1.39026	-7.94968	15.5542	2.10991	-0.931411	-0.514322	
1486249047284	-2.2501	1.63884	-2.17514	1.88186	2.30356	-1.66156	-0.958083	-0.114515	0.718942	0.33019	-0.0050717	-0.934523	0.00813955	-0.355773	4.32638	-4.40192	3.61216	-1.14604	-0.642835	2.5042	-0.333003	1.39311	-7.98487	15.5495	2.11264	-0.927252	-0.517717	
1486249047334	-2.2501	1.63884	-2.17514	1.88186	2.30356	-1.66156	-0.958083	-0.114515	0.718942	0.33019	-0.0050717	-0.934523	0.00813955	-0.355773	4.30037	-4.40257	3.60621	-1.14825	-0.643471	2.50178	-0.332738	1.4058	-7.92628	15.5319	2.11262	-0.927029	-0.515615	
1486249047344	-2.2501	1.63884	-2.17514	1.88186	2.30356	-1.66156	-0.958083	-0.114515	0.718942	0.33019	-0.0050717	-0.934523	0.00813955	-0.355773	4.30037	-4.40257	3.60621	-1.14825	-0.643471	2.50178	-0.332738	1.4058	-7.92628	15.5319	2.11262	-0.927029	-0.515615	
1486249047354	-2.2501	1.63884	-2.17514	1.88186	2.30356	-1.66156	-0.958083	-0.114515	0.718942	0.33019	-0.0050717	-0.934523	0.00813955	-0.355773	4.31982	-4.40439	3.61126	-1.14391	-0.646903	2.50173	-0.332693	1.40447	-7.96602	15.5351	2.11367	-0.923569	-0.516942	
1486249047564	-2.25009	1.63884	-2.17514	1.88186	2.30356	-1.66156	-0.958083	-0.114514	0.718942	0.330191	-0.00507151	-0.934523	0.00813861	-0.355775	4.31902	-4.39407	3.59614	-1.14023	-0.645737	2.5004	-0.334903	1.39252	-7.96188	15.4975	2.11315	-0.922485	-0.519649	
1486249047604	-2.25009	1.63884	-2.17514	1.88186	2.30356	-1.66156	-0.958083	-0.114514	0.718942	0.330191	-0.00507151	-0.934523	0.00813861	-0.355775	4.31498	-4.40279	3.60151	-1.14173	-0.643962	2.49992	-0.335485	1.4108	-7.95499	15.5144	2.11313	-0.924854	-0.520745	
1486249047696	-2.25009	1.63884	-2.17514	1.88186	2.30356	-1.66156	-0.958083	-0.114514	0.718942	0.330192	-0.00507183	-0.934522	0.00813846	-0.355775	4.30409	-4.38734	3.58844	-1.14482	-0.640932	2.50022	-0.336094	1.38287	-7.93592	15.4889	2.11042	-0.925919	-0.519666	
1486249047724	-2.25009	1.63884	-2.17514	1.88186	2.30356	-1.66156	-0.958083	-0.114514	0.718942	0.330192	-0.00507183	-0.934522	0.00813846	-0.355775	4.32324	-4.38869	3.58463	-1.14164	-0.643657	2.50238	-0.336629	1.37143	-7.96801	15.4864	2.11498	-0.923142	-0.522492	
1486249047878	-2.25009	1.63884	-2.17514	1.88186	2.30356	-1.66156	-0.958083	-0.114514	0.718942	0.330192	-0.00507123	-0.934522	0.00813823	-0.355775	4.31903	-4.40036	3.58447	-1.14327	-0.646238	2.5009	-0.339172	1.3886	-7.95482	15.4896	2.11806	-0.920944	-0.526047	
1486249048124	-2.25009	1.63884	-2.17514	1.88186	2.30356	-1.66156	-0.958083	-0.114514	0.718942	0.330193	-0.0050715	-0.934522	0.00813811	-0.355776	4.29624	-4.40285	3.56812	-1.15378	-0.641494	2.50002	-0.343857	1.38034	-7.90706	15.4804	2.11925	-0.923187	-0.531152	
1486249048154	-2.25009	1.63884	-2.17514	1.88186	2.30356	-1.66156	-0.958083	-0.114514	0.718942	0.330193	-0.0050715	-0.934522	0.00813811	-0.355776	4.31471	-4.40378	3.56989	-1.14889	-0.642214	2.50155	-0.342644	1.37753	-7.94107	15.4847	2.12139	-0.922611	-0.531914	
1486249048204	-2.25009	1.63884	-2.17514	1.88186	2.30356	-1.66156	-0.958083	-0.114513	0.718942	0.330193	-0.00507163	-0.934522	0.0081386	-0.355777	4.31276	-4.39934	3.57075	-1.14491	-0.643601	2.50336	-0.342671	1.38283	-7.93668	15.4768	2.12126	-0.923556	-0.530236	
1486249048474	-2.25009	1.63884	-2.17514	1.88186	2.30356	-1.66156	-0.958083	-0.114513	0.718942	0.330193	-0.00507189	-0.934522	0.00813848	-0.355777	4.32877	-4.36755	3.56228	-1.12797	-0.641851	2.50297	-0.340011	1.36118	-7.97462	15.4199	2.11423	-0.923878	-0.525964	
1486249048554	-2.25009	1.63884	-2.17514	1.88186	2.30356	-1.66156	-0.958083	-0.114513	0.718942	0.330193	-0.00507203	-0.934522	0.00813787	-0.355777	4.3165	-4.37334	3.56003	-1.13375	-0.640734	2.4989	-0.340701	1.36562	-7.95029	15.4202	2.1132	-0.922516	-0.527279	
1486249048664	-2.25009	1.63884	-2.17514	1.88186	2.30356	-1.66156	-0.958083	-0.114512	0.718942	0.330194	-0.00507221	-0.934521	0.00813834	-0.355778	4.31775	-4.39751	3.56856	-1.13192	-0.644707	2.49485	-0.340485	1.40792	-7.94218	15.4375	2.1179	-0.919065	-0.530223	
1486249048874	-2.25009	1.63884	-2.17514	1.88186	2.30356	-1.66156	-0.958083	-0.114512	0.718942	0.330194	-0.00507253	-0.934521	0.0081382	-0.355778	4.29968	-4.38081	3.55838	-1.13321	-0.642747	2.4892	-0.341055	1.39268	-7.91399	15.3969	2.11043	-0.917102	-0.528352	
1486249049614	-2.25008	1.63884	-2.17514	1.88186	2.30356	-1.66156	-0.958083	-0.11451	0.718942	0.330196	-0.00507365	-0.93452	0.0081377	-0.35578	4.30331	-4.37223	3.55428	-1.11656	-0.64538	2.48446	-0.341007	1.41828	-7.91752	15.3468	2.10763	-0.914251	-0.528202	
1486249049864	-2.25008	1.63884	-2.17514	1.88186	2.30356	-1.66156	-0.958083	-0.11451	0.718942	0.330196	-0.00507392	-0.93452	0.00813758	-0.355781	4.28629	-4.38693	3.55726	-1.11433	-0.64289	2.47756	-0.34006	1.46475	-7.87776	15.3456	2.10644	-0.915373	-0.529013	
1486249050024	-2.25008	1.63884	-2.17514	1.88186	2.30356	-1.66156	-0.958083	-0.11451	0.718942	0.330197	-0.00507387	-0.93452	0.00813786	-0.355781	4.294	-4.38972	3.55191	-1.10473	-0.645073	2.47808	-0.339795	1.48107	-7.88042	15.3268	2.11091	-0.914481	-0.530608	
1486249050095	-2.25008	1.63884	-2.17514	1.88186	2.30356	-1.66156	-0.958083	-0.114509	0.718942	0.330197	-0.00507401	-0.93452	0.0081383	-0.355782	4.25821	-4.36642	3.54308	-1.12644	-0.639739	2.47428	-0.339991	1.42	-7.83112	15.3163	2.0994	-0.914008	-0.525121	
1486249050134	-2.25008	1.63884	-2.17514	1.88186	2.30356	-1.66156	-0.958083	-0.11451	0.718942	0.330197	-0.00507387	-0.93452	0.00813786	-0.355781	4.26505	-4.3615	3.54448	-1.12011	-0.641094	2.47615	-0.340153	1.42389	-7.84513	15.3079	2.09932	-0.914565	-0.524471	
1486249050324	-2.25008	1.63884	-2.17514	1.88186	2.30356	-1.66156	-0.958083	-0.114509	0.718942	0.330197	-0.00507413	-0.93452	0.00813774	-0.355782	4.27446	-4.36995	3.54135	-1.12121	-0.640615	2.47415	-0.340503	1.42339	-7.85916	15.3125	2.10199	-0.912444	-0.528325	
1486249050334	-2.25008	1.63884	-2.17514	1.88186	2.30356	-1.66156	-0.958083	-0.114509	0.718942	0.330198	-0.00507445	-0.93452	0.0081376	-0.355782	4.27446	-4.36995	3.54135	-1.12121	-0.640615	2.47415	-0.340503	1.42339	-7.85916	15.3125	2.10199	-0.912444	-0.528325	
1486249050384	-2.25008	1.63884	-2.17514	1.88186	2.30356	-1.66156	-0.958083	-0.114509	0.718942	0.330197	-0.00507433	-0.93452	0.00813815	-0.355782	4.2605	-4.36372	3.542	-1.1239	-0.642367	2.47172	-0.340323	1.41938	-7.83631	15.3007	2.09827	-0.910343	-0.525348	
1486249050434	-2.25008	1.63884	-2.17514	1.88186	2.30356	-1.66156	-0.958083	-0.114509	0.718942	0.330197	-0.00507433	-0.93452	0.00813815	-0.355782	4.28477	-4.36601	3.54438	-1.1117	-0.644749	2.47144	-0.340226	1.43424	-7.88043	15.2912	2.1003	-0.908393	-0.527936	
1486249050484	-2.25008	1.63884	-2.17514	1.88186	2.30356	-1.66156	-0.958083	-0.114509	0.718942	0.330198	-0.00507445	-0.93452	0.0081376	-0.355782	4.26265	-4.37265	3.54221	-1.11583	-0.641232	2.46778	-0.340083	1.45353	-7.8339	15.2912	2.09892	-0.910686	-0.527808	
1486249050535	-2.25008	1.63884	-2.17514	1.88186	2.30356	-1.66156	-0.958083	-0.114509	0.718942	0.330198	-0.00507445	-0.93452	0.0081376	-0.355782	4.28272	-4.36954	3.54755	-1.10732	-0.644854	2.47099	-0.339187	1.45395	-7.87279	15.2908	2.10069	-0.90963	-0.526993	
1486249050584	-2.25007	1.63884	-2.17514	1.88186	2.30356	-1.66156	-0.958083	-0.114508	0.718942	0.330198	-0.00507477	-0.93452	0.00813746	-0.355783	4.27513	-4.35981	3.5427	-1.10767	-0.643922	2.47129	-0.339846	1.44364	-7.86106	15.2752	2.09828	-0.910425	-0.525747	
1486249050614	-2.25007	1.63884	-2.17514	1.88186	2.30356	-1.66156	-0.958083	-0.114508	0.718942	0.330198	-0.00507477	-0.93452	0.00813746	-0.355783	4.25871	-4.3612	3.5409	-1.11256	-0.643191	2.46906	-0.339998	1.44672	-7.82858	15.273	2.09691	-0.910353	-0.524872	
1486249050624	-2.25007	1.63884	-2.17514	1.88186	2.30356	-1.66156	-0.958083	-0.114508	0.718942	0.330198	-0.00507477	-0.93452	0.00813746	-0.355783	4.26034	-4.36801	3.54655	-1.12143	-0.644888	2.46813	-0.339909	1.43447	-7.83592	15.2968	2.09723	-0.907319	-0.5252	
1486249050764	-2.25007	1.63884	-2.17514	1.88186	2.30356	-1.66156	-0.958083	-0.114508	0.718942	0.330198	-0.00507477	-0.93452	0.00813746	-0.355783	4.28858	-4.36156	3.54907	-1.10901	-0.64545	2.46707	-0.339295	1.43539	-7.89562	15.2819	2.0954	-0.90558	-0.526695	
1486249050835	-2.25007	1.63884	-2.17514	1.88186	2.30356	-1.66156	-0.958083	-0.114508	0.718941	0.330198	-0.00507486	-0.934519	0.00813792	-0.355783	4.28967	-4.36267	3.54903	-1.10747	-0.645894	2.46932	-0.339403	1.43919	-7.89458	15.2844	2.09739	-0.906845	-0.52668	
1486249050888	-2.25007	1.63884	-2.17514	1.88186	2.30356	-1.66156	-0.958083	-0.114508	0.718942	0.330198	-0.00507459	-0.93452	0.00813658	-0.355782	4.2787	-4.37499	3.55056	-1.10643	-0.648277	2.46814	-0.338296	1.46698	-7.86098	15.2876	2.10126	-0.906252	-0.52613	
1486249050984	-2.25007	1.63884	-2.17514	1.88186	2.30356	-1.66156	-0.958083	-0.114508	0.718941	0.330198	-0.00507486	-0.934519	0.00813792	-0.355783	4.263	-4.35874	3.54034	-1.10665	-0.643408	2.46789	-0.338234	1.45285	-7.83392	15.261	2.09653	-0.90989	-0.523703	
1486249051014	-2.25007	1.63884	-2.17514	1.88186	2.30356	-1.66156	-0.958083	-0.114508	0.718941	0.330198	-0.00507486	-0.934519	0.00813792	-0.355783	4.23478	-4.36006	3.5381	-1.11595	-0.642208	2.46574	-0.338591	1.45455	-7.77894	15.2617	2.09453	-0.910633	-0.521672	
1486249051044	-2.25007	1.63884	-2.17514	1.88186	2.30356	-1.66156	-0.958083	-0.114507	0.718941	0.330199	-0.00507523	-0.934519	0.00813775	-0.355784	4.27813	-4.34298	3.53762	-1.10266	-0.644691	2.46856	-0.338358	1.42523	-7.87162	15.2416	2.09349	-0.907375	-0.522963	
1486249051054	-2.25007	1.63884	-2.17514	1.88186	2.30356	-1.66156	-0.958083	-0.114507	0.718941	0.330199	-0.00507523	-0.934519	0.00813775	-0.355784	4.27813	-4.34298	3.53762	-1.10266	-0.644691	2.46856	-0.338358	1.42523	-7.87162	15.2416	2.09349	-0.907375	-0.522963	
1486249051074	-2.25007	1.63884	-2.17514	1.88186	2.30356	-1.66156	-0.958083	-0.114508	0.718941	0.330198	-0.00507486	-0.934519	0.00813792	-0.355783	4.28666	-4.36761	3.54605	-1.10192	-0.647017	2.46755	-0.338399	1.45948	-7.87833	15.2711	2.09977	-0.906107	-0.526896	
1486249051094	-2.25007	1.63884	-2.17514	1.88186	2.30356	-1.66156	-0.958083	-0.114508	0.718942	0.330198	-0.00507447	-0.93452	0.00813713	-0.355783	4.24739	-4.36977	3.5422	-1.11232	-0.644045	2.4639	-0.339034	1.46993	-7.80124	15.2679	2.09652	-0.908275	-0.524687	
