time	
161.42	
161.42	
161.436	
161.448	
161.448	
161.462	
161.476	
161.49	
161.49	
161.504	
161.518	
161.518	
161.532	
161.546	
161.56	
161.56	
161.574	
161.588	
161.588	
161.602	
161.616	
161.63	
161.63	
161.644	
161.658	
161.658	
161.672	
161.686	
161.7	
161.7	
161.714	
161.728	
161.728	
161.742	
161.756	
161.77	
161.77	
161.784	
161.798	
161.798	
161.812	
161.826	
161.84	
161.84	
161.854	
161.868	
161.868	
161.882	
161.896	
161.91	
161.91	
161.924	
161.938	
161.938	
161.952	
161.966	
161.98	
161.98	
161.994	
162.008	
162.008	
162.022	
162.036	
162.05	
162.05	
162.064	
162.078	
162.078	
162.092	
162.106	
162.12	
162.12	
162.134	
162.148	
162.148	
162.162	
162.176	
162.19	
162.19	
162.204	
162.218	
162.218	
162.232	
162.246	
162.26	
162.26	
162.274	
162.288	
162.288	
162.302	
162.316	
162.33	
162.33	
162.344	
162.358	
162.358	
162.372	
162.386	
162.4	
162.4	
162.414	
162.428	
162.428	
162.442	
162.456	
162.47	
162.47	
162.484	
162.498	
162.498	
162.512	
162.526	
162.54	
162.54	
162.554	
162.568	
162.568	
162.582	
162.596	
162.61	
162.61	
162.624	
162.638	
162.638	
162.652	
162.666	
162.68	
162.68	
162.694	
162.708	
162.708	
162.722	
162.736	
162.75	
162.75	
162.764	
162.778	
162.778	
162.792	
162.806	
162.82	
162.82	
162.834	
162.848	
162.848	
162.862	
162.876	
162.89	
162.89	
162.904	
162.918	
162.918	
162.932	
162.946	
162.96	
162.96	
162.974	
162.988	
162.988	
163.002	
163.016	
163.03	
163.03	
163.044	
163.058	
163.058	
163.072	
163.086	
163.1	
163.1	
163.114	
163.128	
163.128	
163.142	
163.156	
163.17	
163.17	
163.184	
163.198	
163.198	
163.212	
163.226	
163.24	
163.24	
163.254	
163.268	
163.268	
163.282	
163.296	
163.31	
163.31	
163.324	
163.338	
163.338	
163.352	
163.366	
163.38	
163.38	
163.394	
163.408	
163.408	
163.422	
163.436	
163.45	
163.45	
163.464	
163.478	
163.478	
163.492	
163.506	
163.52	
163.52	
163.534	
163.548	
163.548	
163.562	
163.576	
163.59	
163.59	
163.604	
163.618	
163.618	
163.632	
163.646	
163.66	
163.66	
163.674	
163.688	
163.688	
163.702	
163.716	
163.73	
163.73	
163.744	
163.758	
163.758	
163.772	
163.786	
163.8	
163.8	
163.814	
163.828	
163.828	
163.842	
163.856	
163.87	
163.87	
163.884	
163.898	
163.898	
163.912	
163.927	
163.94	
163.94	
163.954	
163.968	
163.968	
163.982	
163.996	
164.01	
164.01	
164.024	
164.038	
164.038	
164.052	
164.066	
164.08	
164.08	
164.094	
164.108	
164.108	
164.122	
164.136	
164.15	
164.15	
164.164	
164.178	
164.178	
164.192	
164.206	
164.22	
164.22	
164.234	
164.248	
164.248	
164.262	
164.276	
164.29	
164.29	
164.304	
164.318	
164.318	
164.332	
164.346	
164.36	
164.36	
164.374	
164.388	
164.388	
164.402	
164.416	
164.43	
164.43	
164.444	
164.458	
164.458	
164.472	
164.486	
164.5	
164.5	
164.514	
164.528	
164.528	
164.542	
164.556	
164.57	
164.57	
164.584	
164.598	
164.598	
164.612	
164.626	
164.64	
164.64	
164.654	
164.668	
164.668	
164.682	
164.696	
164.71	
164.71	
164.724	
164.738	
164.738	
164.752	
164.766	
164.78	
164.78	
164.794	
164.808	
164.808	
164.822	
164.836	
164.85	
164.85	
164.864	
164.878	
164.878	
164.892	
164.906	
164.92	
164.92	
164.934	
164.948	
164.948	
164.962	
164.976	
164.99	
164.99	
165.004	
165.018	
165.018	
165.032	
165.046	
165.06	
165.06	
165.074	
165.088	
165.088	
165.102	
165.116	
165.13	
165.13	
165.144	
165.158	
165.158	
165.172	
165.186	
165.186	
165.2	
165.214	
165.228	
165.228	
165.242	
165.256	
165.27	
165.27	
165.285	
165.298	
165.298	
165.312	
165.327	
165.34	
165.34	
165.354	
165.368	
165.368	
165.382	
165.396	
165.396	
165.411	
165.424	
165.438	
165.438	
165.452	
165.466	
165.48	
165.48	
165.495	
165.508	
165.508	
165.522	
165.536	
165.55	
165.55	
165.564	
165.579	
165.579	
165.592	
165.606	
165.606	
165.621	
165.634	
165.648	
165.648	
165.663	
165.676	
165.69	
165.69	
165.705	
165.718	
165.718	
165.732	
165.747	
165.76	
165.76	
165.774	
165.789	
165.789	
165.802	
165.816	
165.816	
165.831	
165.844	
165.858	
165.858	
165.873	
165.886	
165.9	
165.9	
165.915	
165.928	
165.928	
165.942	
165.957	
165.97	
165.97	
165.984	
165.999	
165.999	
166.012	
166.026	
166.026	
166.041	
166.054	
166.068	
166.068	
166.083	
166.096	
166.11	
166.11	
166.125	
166.138	
166.138	
166.152	
166.167	
166.18	
166.18	
166.194	
166.209	
166.209	
166.222	
166.236	
166.236	
166.251	
166.264	
166.278	
166.278	
166.293	
166.306	
166.32	
166.32	
166.335	
166.348	
166.348	
166.362	
166.377	
166.39	
166.39	
166.404	
166.419	
166.419	
166.432	
166.446	
166.446	
166.461	
166.474	
166.488	
166.488	
166.503	
166.516	
166.53	
166.53	
166.545	
166.558	
166.558	
166.572	
166.587	
166.6	
166.6	
166.614	
166.629	
166.629	
166.642	
166.656	
166.656	
166.671	
166.684	
166.698	
166.698	
166.713	
166.726	
166.74	
166.74	
166.755	
166.768	
166.768	
166.782	
166.797	
166.81	
166.81	
166.824	
166.839	
166.839	
166.852	
166.866	
166.866	
166.881	
166.894	
166.908	
166.908	
166.923	
166.936	
166.95	
166.95	
166.964	
166.978	
166.978	
166.992	
167.006	
167.02	
167.02	
167.034	
167.048	
167.048	
167.062	
167.076	
