time	
2236.96	
2236.97	
2236.97	
2236.99	
2237	
2237.02	
2237.02	
2237.03	
2237.04	
2237.04	
2237.06	
2237.07	
2237.09	
2237.09	
2237.1	
2237.11	
2237.11	
2237.13	
2237.14	
2237.16	
2237.16	
2237.17	
2237.18	
2237.18	
2237.2	
2237.21	
2237.23	
2237.23	
2237.24	
2237.25	
2237.25	
2237.27	
2237.28	
2237.3	
2237.3	
2237.31	
2237.32	
2237.32	
2237.34	
2237.35	
2237.37	
2237.37	
2237.38	
2237.39	
2237.39	
2237.41	
2237.42	
2237.44	
2237.44	
2237.45	
2237.46	
2237.46	
2237.48	
2237.49	
2237.51	
2237.51	
2237.52	
2237.53	
2237.53	
2237.55	
2237.56	
2237.58	
2237.58	
2237.59	
2237.6	
2237.6	
2237.62	
2237.63	
2237.65	
2237.65	
2237.66	
2237.67	
2237.67	
2237.69	
2237.7	
2237.72	
2237.72	
2237.73	
2237.74	
2237.74	
2237.76	
2237.77	
2237.79	
2237.79	
2237.8	
2237.81	
2237.81	
2237.83	
2237.84	
2237.86	
2237.86	
2237.87	
2237.88	
2237.88	
2237.9	
2237.91	
2237.93	
2237.93	
2237.94	
2237.95	
2237.95	
2237.97	
2237.98	
2238	
2238	
2238.01	
2238.02	
2238.02	
2238.04	
2238.05	
2238.07	
2238.07	
2238.08	
2238.09	
2238.09	
2238.11	
2238.12	
2238.14	
2238.14	
2238.15	
2238.16	
2238.16	
2238.18	
2238.19	
2238.21	
2238.21	
2238.22	
2238.23	
2238.23	
2238.25	
2238.26	
2238.28	
2238.28	
2238.29	
2238.3	
2238.3	
2238.32	
2238.33	
2238.35	
2238.35	
2238.36	
2238.37	
2238.37	
2238.39	
2238.4	
2238.42	
2238.42	
2238.43	
2238.44	
2238.44	
2238.46	
2238.47	
2238.49	
2238.49	
2238.5	
2238.51	
2238.51	
2238.53	
2238.54	
2238.56	
2238.56	
2238.57	
2238.58	
2238.58	
2238.6	
2238.61	
2238.63	
2238.63	
2238.64	
2238.65	
2238.65	
2238.67	
2238.68	
2238.7	
2238.7	
2238.71	
2238.72	
2238.72	
2238.74	
2238.75	
2238.77	
2238.77	
2238.78	
2238.79	
2238.79	
2238.81	
2238.82	
2238.84	
2238.84	
2238.85	
2238.86	
2238.86	
2238.88	
2238.89	
2238.91	
2238.91	
2238.92	
2238.93	
2238.93	
2238.95	
2238.96	
2238.98	
2238.98	
2238.99	
2239	
2239	
2239.02	
2239.03	
2239.05	
2239.05	
2239.06	
2239.07	
2239.07	
2239.09	
2239.1	
2239.12	
2239.12	
2239.13	
2239.14	
2239.14	
2239.16	
2239.17	
2239.17	
2239.19	
2239.2	
2239.21	
2239.21	
2239.23	
2239.24	
2239.26	
2239.26	
2239.27	
2239.28	
2239.28	
2239.3	
2239.31	
2239.33	
2239.33	
2239.34	
2239.35	
2239.35	
2239.37	
2239.38	
2239.4	
2239.4	
2239.41	
2239.42	
2239.42	
2239.44	
2239.45	
2239.47	
2239.47	
2239.48	
2239.49	
2239.49	
2239.51	
2239.52	
2239.54	
2239.54	
2239.55	
2239.56	
2239.56	
2239.58	
2239.59	
2239.61	
2239.61	
2239.62	
2239.63	
2239.63	
2239.65	
2239.66	
2239.68	
2239.68	
2239.69	
2239.7	
2239.7	
2239.72	
2239.73	
2239.75	
2239.75	
2239.76	
2239.77	
2239.77	
2239.79	
2239.8	
2239.82	
2239.82	
2239.83	
2239.84	
2239.84	
2239.86	
2239.87	
2239.89	
2239.89	
2239.9	
2239.91	
2239.91	
2239.93	
2239.94	
2239.96	
2239.96	
2239.97	
2239.98	
2239.98	
2240	
2240.01	
2240.03	
2240.03	
2240.04	
2240.05	
2240.05	
2240.07	
2240.08	
2240.1	
2240.1	
2240.11	
2240.12	
2240.12	
2240.14	
2240.15	
2240.17	
2240.17	
2240.18	
2240.19	
2240.19	
2240.21	
2240.22	
2240.24	
2240.24	
2240.25	
2240.26	
2240.26	
2240.28	
2240.29	
2240.31	
2240.31	
2240.32	
2240.33	
2240.33	
2240.35	
2240.36	
2240.38	
2240.38	
2240.39	
2240.4	
2240.4	
2240.42	
2240.43	
2240.45	
2240.45	
2240.46	
2240.47	
2240.47	
2240.49	
2240.5	
2240.52	
2240.52	
2240.53	
2240.54	
2240.54	
2240.56	
2240.57	
2240.59	
2240.59	
2240.6	
2240.61	
2240.61	
2240.63	
2240.64	
2240.66	
2240.66	
2240.67	
2240.68	
2240.68	
2240.7	
2240.71	
2240.73	
2240.73	
2240.74	
2240.75	
2240.75	
2240.77	
2240.78	
2240.8	
2240.8	
2240.81	
2240.82	
2240.82	
2240.84	
2240.85	
2240.87	
2240.87	
2240.88	
2240.89	
2240.89	
2240.91	
2240.92	
2240.94	
2240.94	
2240.95	
2240.96	
2240.96	
2240.98	
2240.99	
2241.01	
2241.01	
2241.02	
2241.03	
2241.03	
2241.05	
2241.06	
2241.08	
2241.08	
2241.09	
2241.1	
2241.1	
2241.12	
2241.13	
2241.15	
2241.15	
2241.16	
2241.17	
2241.17	
2241.19	
2241.2	
2241.22	
2241.22	
2241.23	
2241.24	
2241.24	
2241.26	
2241.27	
2241.29	
2241.29	
2241.3	
2241.31	
2241.31	
2241.33	
2241.34	
2241.36	
2241.36	
2241.37	
2241.38	
2241.38	
2241.4	
2241.41	
2241.43	
2241.43	
2241.44	
2241.45	
2241.45	
2241.47	
2241.48	
2241.5	
2241.5	
2241.51	
2241.52	
2241.52	
2241.54	
2241.55	
2241.57	
2241.57	
2241.58	
2241.59	
2241.59	
2241.61	
2241.62	
2241.64	
2241.64	
2241.65	
2241.66	
2241.66	
2241.68	
2241.69	
2241.71	
2241.71	
2241.72	
2241.73	
2241.73	
2241.75	
2241.76	
2241.78	
2241.78	
2241.79	
2241.8	
2241.8	
2241.82	
2241.83	
2241.85	
2241.85	
2241.86	
2241.87	
2241.87	
2241.89	
2241.9	
2241.92	
2241.92	
2241.93	
2241.94	
2241.94	
2241.96	
2241.97	
2241.99	
2241.99	
2242	
2242.01	
2242.01	
2242.03	
2242.04	
2242.06	
2242.06	
2242.07	
2242.08	
2242.08	
2242.1	
2242.11	
2242.13	
2242.13	
2242.14	
2242.15	
2242.15	
2242.17	
2242.18	
2242.2	
2242.2	
2242.21	
2242.22	
2242.22	
2242.24	
2242.25	
2242.27	
2242.27	
2242.28	
2242.29	
2242.29	
2242.31	
2242.32	
2242.34	
2242.34	
2242.35	
2242.36	
2242.36	
2242.38	
2242.39	
2242.41	
2242.41	
2242.42	
2242.43	
2242.43	
2242.45	
2242.46	
2242.48	
2242.48	
2242.49	
2242.5	
2242.5	
2242.52	
2242.53	
2242.55	
2242.55	
2242.56	
2242.57	
2242.57	
2242.59	
2242.6	
2242.6	
2242.62	
2242.63	
2242.64	
2242.64	
2242.66	
2242.67	
2242.69	
2242.69	
2242.7	
2242.71	
2242.71	
2242.73	
2242.74	
2242.76	
2242.76	
2242.77	
2242.78	
2242.78	
2242.8	
2242.81	
2242.81	
2242.83	
2242.84	
2242.85	
2242.85	
2242.87	
2242.88	
2242.9	
2242.9	
2242.91	
2242.92	
2242.92	
2242.94	
2242.95	
2242.97	
2242.97	
2242.98	
2242.99	
2242.99	
2243.01	
2243.02	
2243.02	
2243.04	
2243.05	
2243.06	
2243.06	
2243.08	
2243.09	
2243.11	
2243.11	
2243.12	
2243.13	
2243.13	
2243.15	
2243.16	
2243.18	
2243.18	
2243.19	
2243.2	
2243.2	
2243.22	
2243.23	
2243.23	
2243.25	
2243.26	
2243.27	
2243.27	
2243.29	
2243.3	
2243.32	
2243.32	
2243.33	
2243.34	
2243.34	
2243.36	
2243.37	
2243.39	
2243.39	
2243.4	
2243.41	
2243.41	
2243.43	
2243.44	
2243.46	
2243.46	
2243.47	
2243.48	
2243.48	
2243.5	
2243.51	
2243.53	
2243.53	
2243.54	
2243.55	
2243.55	
2243.57	
2243.58	
2243.6	
2243.6	
2243.61	
2243.62	
2243.62	
2243.64	
2243.65	
2243.67	
2243.67	
2243.68	
2243.69	
2243.69	
2243.71	
2243.72	
2243.74	
2243.74	
2243.75	
2243.76	
2243.76	
2243.78	
2243.79	
2243.81	
2243.81	
2243.82	
2243.82	
2243.82	
2243.85	
2243.85	
2243.88	
2243.88	
2243.89	
2243.9	
2243.9	
2243.92	
2243.93	
2243.95	
2243.95	
2243.96	
2243.97	
2243.97	
2243.99	
2244	
2244.02	
2244.02	
2244.03	
2244.04	
2244.04	
2244.06	
2244.07	
2244.09	
2244.09	
2244.1	
2244.11	
2244.11	
2244.13	
2244.14	
2244.16	
2244.16	
2244.17	
2244.18	
2244.18	
2244.2	
2244.21	
2244.23	
2244.23	
2244.24	
2244.25	
2244.25	
2244.27	
2244.28	
2244.3	
2244.3	
2244.31	
2244.32	
2244.32	
2244.34	
2244.35	
2244.37	
2244.37	
2244.38	
2244.39	
2244.39	
2244.41	
2244.42	
2244.44	
2244.44	
2244.45	
2244.46	
2244.46	
2244.48	
2244.49	
2244.51	
2244.51	
2244.52	
2244.53	
2244.53	
2244.55	
2244.56	
2244.58	
2244.58	
2244.59	
2244.6	
2244.6	
2244.62	
2244.63	
2244.65	
2244.65	
2244.66	
2244.67	
2244.67	
2244.69	
2244.7	
2244.72	
2244.72	
2244.73	
2244.74	
2244.74	
2244.76	
2244.77	
2244.79	
2244.79	
2244.8	
2244.81	
2244.81	
2244.83	
2244.84	
2244.86	
2244.86	
2244.87	
2244.88	
2244.88	
2244.9	
2244.91	
2244.93	
2244.93	
2244.94	
2244.95	
2244.95	
2244.97	
2244.98	
2245	
2245	
2245.01	
2245.02	
2245.02	
2245.04	
2245.05	
2245.07	
2245.07	
2245.08	
2245.09	
2245.09	
2245.11	
2245.12	
2245.14	
2245.14	
2245.15	
2245.16	
2245.16	
2245.18	
2245.19	
2245.21	
2245.21	
2245.22	
2245.23	
2245.23	
2245.25	
2245.26	
2245.28	
2245.28	
2245.29	
2245.3	
2245.3	
2245.32	
2245.33	
2245.35	
2245.35	
2245.36	
2245.37	
2245.37	
2245.39	
2245.4	
2245.42	
2245.42	
2245.43	
2245.44	
2245.44	
2245.46	
2245.47	
2245.49	
2245.49	
2245.5	
2245.51	
2245.51	
2245.53	
2245.54	
2245.56	
2245.56	
2245.57	
2245.58	
2245.58	
2245.6	
2245.61	
2245.63	
2245.63	
2245.64	
2245.65	
2245.65	
2245.67	
2245.68	
2245.7	
2245.7	
2245.71	
2245.72	
2245.72	
2245.74	
2245.75	
2245.77	
2245.77	
2245.78	
2245.79	
2245.79	
2245.81	
2245.82	
2245.84	
2245.84	
2245.85	
2245.86	
2245.86	
2245.88	
2245.89	
2245.91	
2245.91	
2245.92	
2245.93	
2245.93	
2245.95	
2245.96	
2245.98	
2245.98	
2245.99	
2246	
2246	
2246.02	
2246.03	
2246.05	
2246.05	
2246.06	
2246.07	
2246.07	
2246.09	
2246.1	
2246.12	
2246.12	
2246.13	
2246.14	
2246.14	
2246.16	
2246.17	
2246.19	
2246.19	
2246.2	
2246.21	
2246.21	
2246.23	
2246.24	
2246.26	
2246.26	
2246.27	
2246.28	
2246.28	
2246.3	
2246.31	
2246.33	
2246.33	
2246.34	
2246.35	
2246.35	
2246.37	
2246.38	
2246.4	
2246.4	
2246.41	
2246.42	
2246.42	
2246.44	
2246.45	
2246.47	
2246.47	
2246.48	
2246.49	
2246.49	
2246.51	
2246.52	
2246.54	
2246.54	
2246.55	
2246.56	
2246.56	
2246.58	
2246.59	
2246.61	
2246.61	
2246.62	
2246.63	
2246.63	
2246.65	
2246.66	
2246.68	
2246.68	
2246.69	
2246.7	
2246.7	
2246.72	
2246.73	
2246.75	
2246.75	
2246.76	
2246.77	
2246.77	
2246.79	
2246.8	
2246.82	
2246.82	
2246.83	
2246.84	
2246.84	
2246.86	
2246.87	
2246.89	
2246.89	
2246.9	
2246.91	
2246.91	
2246.93	
2246.94	
2246.96	
2246.96	
2246.97	
2246.98	
2246.98	
2247	
2247.01	
2247.03	
2247.03	
2247.04	
2247.05	
2247.05	
2247.07	
2247.08	
2247.1	
2247.1	
2247.11	
2247.12	
2247.12	
2247.14	
2247.15	
2247.17	
2247.17	
2247.18	
2247.19	
2247.19	
2247.21	
2247.22	
2247.24	
2247.24	
2247.25	
2247.26	
2247.26	
2247.28	
2247.29	
2247.31	
2247.31	
2247.32	
2247.33	
2247.33	
2247.35	
2247.36	
2247.38	
2247.38	
2247.39	
2247.4	
2247.4	
2247.42	
2247.43	
2247.45	
2247.45	
2247.46	
2247.47	
2247.47	
2247.49	
2247.5	
2247.52	
2247.52	
2247.53	
2247.54	
2247.54	
2247.56	
2247.57	
2247.59	
2247.59	
2247.6	
2247.61	
2247.61	
2247.63	
2247.64	
2247.66	
2247.66	
2247.67	
2247.68	
2247.68	
2247.7	
2247.71	
2247.73	
2247.73	
2247.74	
2247.75	
2247.75	
2247.77	
2247.78	
2247.8	
2247.8	
2247.81	
2247.82	
2247.82	
2247.84	
2247.85	
2247.87	
2247.87	
2247.88	
2247.89	
2247.89	
2247.91	
2247.92	
2247.94	
2247.94	
2247.95	
2247.96	
2247.96	
2247.98	
2247.99	
2248.01	
2248.01	
2248.02	
2248.03	
2248.03	
2248.05	
2248.06	
2248.08	
2248.08	
2248.09	
2248.1	
2248.1	
2248.12	
2248.13	
2248.15	
2248.15	
2248.16	
2248.17	
2248.17	
2248.19	
2248.2	
2248.22	
2248.22	
2248.23	
2248.24	
2248.24	
2248.26	
2248.27	
2248.29	
2248.29	
2248.3	
2248.31	
2248.31	
2248.33	
2248.34	
2248.36	
2248.36	
2248.37	
2248.38	
2248.38	
2248.4	
2248.41	
2248.43	
2248.43	
2248.44	
2248.45	
2248.45	
2248.47	
2248.48	
2248.5	
2248.5	
2248.51	
2248.52	
2248.52	
2248.54	
2248.55	
2248.57	
2248.57	
2248.58	
2248.59	
2248.59	
2248.61	
2248.62	
2248.64	
2248.64	
2248.65	
2248.66	
2248.66	
2248.68	
2248.69	
2248.71	
2248.71	
2248.72	
2248.73	
2248.73	
2248.75	
2248.76	
2248.78	
2248.78	
2248.79	
2248.8	
2248.8	
2248.82	
2248.83	
2248.85	
2248.85	
2248.86	
2248.87	
2248.87	
2248.89	
2248.9	
2248.92	
2248.92	
2248.93	
2248.94	
2248.94	
2248.96	
2248.97	
2248.99	
2248.99	
2249	
2249.01	
2249.01	
2249.03	
2249.04	
2249.06	
2249.06	
2249.07	
2249.08	
2249.08	
2249.1	
2249.11	
2249.13	
2249.13	
2249.14	
2249.15	
2249.15	
2249.17	
2249.18	
2249.2	
2249.2	
2249.21	
2249.22	
2249.22	
2249.24	
2249.25	
2249.27	
2249.27	
2249.28	
2249.29	
2249.29	
2249.31	
2249.32	
2249.34	
2249.34	
2249.35	
2249.36	
2249.36	
2249.38	
2249.39	
2249.41	
2249.41	
2249.42	
2249.43	
2249.43	
2249.45	
2249.46	
2249.48	
2249.48	
2249.49	
2249.5	
2249.5	
2249.52	
2249.53	
2249.55	
2249.55	
2249.56	
2249.57	
2249.57	
2249.59	
2249.6	
2249.62	
2249.62	
2249.63	
2249.64	
2249.64	
2249.66	
2249.67	
2249.69	
2249.69	
2249.7	
2249.71	
2249.71	
2249.73	
2249.74	
2249.76	
2249.76	
2249.77	
2249.78	
2249.78	
2249.8	
2249.81	
2249.83	
2249.83	
2249.84	
2249.85	
2249.85	
2249.87	
2249.88	
2249.9	
2249.9	
2249.91	
2249.92	
