time	joint_joint0	joint_joint1	joint_joint2	joint_joint3	joint_joint4	joint_joint5	joint_joint6	cart_pos_x	cart_pos_y	cart_pos_z	cart_quat_x	cart_quat_y	cart_quat_z	cart_quat_w	force_joint_joint0	force_joint_joint1	force_joint_joint2	force_joint_joint3	force_joint_joint4	force_joint_joint5	force_joint_joint6	cart_force_x	cart_force_y	cart_force_z	cart_trq_x	cart_trq_y	cart_trq_z	
1486227470038	-2.11219	1.63487	-2.13732	1.76094	2.38051	-1.65811	-0.957676	-0.059408	0.732397	0.337245	-0.00725157	-0.934938	0.0128716	-0.354504	0.329451	-1.78372	0.853317	0.702109	0.273307	0.150715	-0.409646	5.47815	-0.42079	1.65651	0.214948	-0.622356	-0.582656	
1486227470455	-2.11219	1.63487	-2.13731	1.76094	2.38051	-1.65811	-0.957678	-0.0594058	0.732393	0.337244	-0.00725494	-0.934938	0.0128738	-0.354504	0.327692	-1.76501	0.838668	0.703812	0.274509	0.154062	-0.41137	5.44853	-0.415805	1.62847	0.215107	-0.623616	-0.58282	
1486227470654	-2.11219	1.63487	-2.13731	1.76095	2.38051	-1.65811	-0.957678	-0.0594049	0.732391	0.337246	-0.00725712	-0.934937	0.0128723	-0.354505	0.330833	-1.77163	0.841522	0.70649	0.274854	0.152311	-0.411086	5.46519	-0.419659	1.63054	0.215315	-0.623499	-0.583961	
1486227470754	-2.11233	1.63487	-2.13731	1.76096	2.38079	-1.65821	-0.957678	-0.0594655	0.732413	0.337175	-0.00718885	-0.935002	0.0128053	-0.354337	0.715332	-1.86691	0.940245	0.795148	0.198979	0.353282	-0.403668	5.43695	-1.01055	2.09325	0.377896	-0.674843	-0.577122	
1486227470856	-2.11375	1.63489	-2.13732	1.76103	2.38108	-1.65873	-0.957678	-0.0599518	0.732472	0.336564	-0.00688693	-0.935319	0.0129442	-0.353501	1.33891	-2.17631	1.2153	0.731096	0.0971313	0.824032	-0.393819	5.0887	-2.07327	3.7543	0.72432	-0.839987	-0.55796	
1486227471108	-2.11608	1.63516	-2.13748	1.76186	2.38134	-1.65937	-0.957679	-0.060796	0.73251	0.335922	-0.00655347	-0.935704	0.0128427	-0.352492	2.25102	-2.85389	1.94867	0.325001	-0.0742905	1.56515	-0.335393	4.20672	-3.91493	7.36427	1.22924	-1.07872	-0.464028	
1486227471744	-2.11759	1.63643	-2.13813	1.76229	2.38167	-1.66018	-0.957684	-0.0617555	0.733021	0.33579	-0.00607388	-0.936067	0.0122571	-0.351555	3.09946	-3.30284	2.40062	0.0601547	-0.2714	2.14092	-0.304302	3.31276	-5.53167	9.84763	1.65809	-1.1898	-0.414176	
1486227472344	-2.11932	1.63782	-2.13984	1.76356	2.38195	-1.66224	-0.957686	-0.0631541	0.733602	0.335958	-0.00547616	-0.936463	0.0116083	-0.350533	3.96081	-4.18259	3.07101	-0.521196	-0.430499	2.86885	-0.323691	2.3569	-7.36662	13.7682	2.2031	-1.40138	-0.433134	
1486227472474	-2.11978	1.6382	-2.13994	1.76376	2.38202	-1.6625	-0.957688	-0.0634049	0.733703	0.335942	-0.00541425	-0.936568	0.0114334	-0.350258	4.11844	-4.36488	3.2198	-0.653262	-0.457286	3.00081	-0.335908	2.17529	-7.74822	14.5686	2.29526	-1.44085	-0.44391	
1486227473009	-2.1198	1.63819	-2.13994	1.76375	2.38209	-1.6625	-0.95769	-0.0634163	0.733712	0.335916	-0.00538582	-0.936582	0.0114207	-0.350222	4.14487	-4.19979	3.04141	-0.384065	-0.514631	2.81495	-0.335422	2.55111	-7.60668	13.3614	2.21998	-1.30524	-0.464973	
1486227474364	-2.1198	1.63819	-2.13994	1.76374	2.3821	-1.66249	-0.957696	-0.0634161	0.733714	0.335913	-0.00537898	-0.936583	0.0114204	-0.350218	4.14213	-4.14606	2.97522	-0.305266	-0.527815	2.7728	-0.343915	2.6606	-7.54138	13.0082	2.20474	-1.27601	-0.477475	
1486227474444	-2.1198	1.63819	-2.13994	1.76374	2.3821	-1.66249	-0.957698	-0.0634157	0.733714	0.335913	-0.00537811	-0.936584	0.0114205	-0.350217	4.14018	-4.14931	2.96632	-0.30696	-0.527069	2.77224	-0.344573	2.65687	-7.53111	13.0027	2.20774	-1.27492	-0.480156	
1486227474456	-2.1198	1.63819	-2.13994	1.76374	2.3821	-1.66249	-0.957698	-0.0634157	0.733714	0.335913	-0.00537811	-0.936584	0.0114205	-0.350217	4.13709	-4.17263	2.97929	-0.311783	-0.529883	2.76983	-0.345085	2.68868	-7.52586	13.0354	2.20985	-1.27299	-0.482001	
1486227475504	-2.1198	1.63819	-2.13994	1.76374	2.3821	-1.66249	-0.957705	-0.0634154	0.733714	0.335911	-0.00537402	-0.936584	0.0114227	-0.350216	4.13764	-4.1079	2.95136	-0.28102	-0.520094	2.75498	-0.344459	2.67256	-7.53086	12.8813	2.18779	-1.27254	-0.47884	
1486227476455	-2.1198	1.63819	-2.13994	1.76373	2.3821	-1.66249	-0.95771	-0.0634151	0.733714	0.33591	-0.00537062	-0.936584	0.0114254	-0.350215	4.08518	-4.11259	2.93717	-0.27617	-0.520154	2.74008	-0.347905	2.73659	-7.41524	12.8161	2.18325	-1.26917	-0.481229	
1486227476584	-2.1198	1.63819	-2.13994	1.76373	2.3821	-1.66249	-0.95771	-0.0634151	0.733714	0.33591	-0.00537062	-0.936584	0.0114254	-0.350215	4.11404	-4.09589	2.93799	-0.261005	-0.521205	2.74367	-0.346615	2.72669	-7.46979	12.7921	2.18194	-1.26988	-0.479587	
1486227476806	-2.1198	1.63819	-2.13994	1.76373	2.3821	-1.66249	-0.957712	-0.063415	0.733714	0.335909	-0.00536953	-0.936584	0.0114262	-0.350215	4.12643	-4.10063	2.9334	-0.253486	-0.525575	2.74241	-0.347975	2.73875	-7.48303	12.7735	2.18583	-1.26528	-0.483165	
1486227476855	-2.1198	1.63819	-2.13994	1.76373	2.3821	-1.66249	-0.957713	-0.063415	0.733714	0.335909	-0.00536872	-0.936584	0.0114265	-0.350215	4.12586	-4.10756	2.93732	-0.263425	-0.528161	2.73998	-0.345649	2.72093	-7.48563	12.7938	2.18614	-1.26016	-0.481584	
