time	joint_joint0	joint_joint1	joint_joint2	joint_joint3	joint_joint4	joint_joint5	joint_joint6	cart_pos_x	cart_pos_y	cart_pos_z	cart_quat_x	cart_quat_y	cart_quat_z	cart_quat_w	force_joint_joint0	force_joint_joint1	force_joint_joint2	force_joint_joint3	force_joint_joint4	force_joint_joint5	force_joint_joint6	cart_force_x	cart_force_y	cart_force_z	cart_trq_x	cart_trq_y	cart_trq_z	
1486256947467	-2.24844	1.63904	-2.17529	1.88287	2.30032	-1.66152	-0.958032	-0.113973	0.718521	0.331338	-0.00628717	-0.933825	0.00868481	-0.357569	1.09322	-1.5105	1.14644	-0.403345	0.445473	0.782397	-0.382678	1.59271	-2.74833	5.66308	0.374522	-0.869238	-0.497437	
1486256947908	-2.2467	1.63716	-2.17309	1.88182	2.30226	-1.65955	-0.958034	-0.112555	0.717966	0.330885	-0.00656297	-0.93362	0.00886154	-0.358096	1.73417	-2.6449	1.85793	-0.577838	0.164235	1.05834	-0.437395	2.49959	-3.6928	8.19833	0.801707	-0.839183	-0.620899	
1486256948107	-2.24669	1.63716	-2.17308	1.88181	2.30229	-1.65955	-0.958034	-0.112551	0.717965	0.33088	-0.00655952	-0.933622	0.00885957	-0.358089	1.73847	-2.64362	1.83953	-0.566301	0.172076	1.04778	-0.434885	2.51599	-3.69036	8.14811	0.799241	-0.838583	-0.624982	
1486256948307	-2.24669	1.63715	-2.17307	1.88181	2.30231	-1.65955	-0.958036	-0.112546	0.717964	0.330877	-0.00655867	-0.933624	0.00885929	-0.358084	1.7372	-2.6359	1.83192	-0.556159	0.180783	1.04201	-0.433456	2.53405	-3.68943	8.11651	0.793178	-0.843083	-0.625838	
1486256948437	-2.24668	1.63715	-2.17306	1.88181	2.30232	-1.65955	-0.958036	-0.112544	0.717963	0.330876	-0.00655814	-0.933625	0.0088563	-0.358081	1.73995	-2.61788	1.8237	-0.546182	0.183144	1.04217	-0.432941	2.52778	-3.6967	8.07889	0.789496	-0.845078	-0.624181	
1486256948807	-2.24668	1.63715	-2.17306	1.88177	2.3024	-1.65956	-0.958036	-0.112544	0.717975	0.330858	-0.00653779	-0.933639	0.00884841	-0.358048	1.97731	-2.78558	1.98594	-0.552158	0.110193	1.33448	-0.441971	2.53505	-3.97482	8.98348	1.00418	-0.963502	-0.605151	
1486256949107	-2.24699	1.63716	-2.17307	1.88176	2.30254	-1.65983	-0.958037	-0.112641	0.717989	0.330748	-0.00646764	-0.93372	0.0088659	-0.357837	2.76273	-3.10064	2.37466	-0.664371	0.0221207	2.03185	-0.401557	1.96606	-5.17412	11.447	1.47877	-1.26232	-0.53304	
1486256949689	-2.24797	1.63773	-2.17353	1.88199	2.30273	-1.66054	-0.958042	-0.113197	0.718182	0.330591	-0.00621158	-0.933997	0.00871699	-0.357121	3.26206	-3.85414	3.30699	-1.29672	-0.162191	2.52093	-0.245032	1.14568	-6.09633	15.285	1.84527	-1.35312	-0.339244	
1486256949940	-2.24819	1.63803	-2.17383	1.88237	2.30275	-1.66092	-0.958046	-0.113429	0.718241	0.330746	-0.0062	-0.934051	0.00849153	-0.356986	3.35625	-4.00684	3.43849	-1.47831	-0.199325	2.64863	-0.263964	0.853959	-6.30554	16.0883	1.93753	-1.37602	-0.346796	
1486256950057	-2.24847	1.63821	-2.1741	1.88262	2.30276	-1.66122	-0.958046	-0.113593	0.718278	0.33078	-0.00615686	-0.934099	0.00840558	-0.356863	3.49228	-4.11066	3.54352	-1.58859	-0.211137	2.76549	-0.262052	0.622454	-6.57122	16.7429	2.0163	-1.41617	-0.343096	
1486256950537	-2.24917	1.63826	-2.17508	1.88287	2.30277	-1.66212	-0.958051	-0.114179	0.718472	0.330696	-0.00573164	-0.934254	0.00841969	-0.356463	3.74131	-4.0369	3.43801	-1.7493	-0.129293	2.99748	-0.23287	-0.259894	-6.98029	17.435	2.14845	-1.5446	-0.328055	
1486256953108	-2.24913	1.63833	-2.17512	1.88298	2.30283	-1.66183	-0.958061	-0.114175	0.718493	0.330786	-0.00571807	-0.934203	0.00824146	-0.3566	2.96993	-4.14194	3.5082	-1.80403	-0.200951	2.18804	-0.267107	0.715793	-5.95331	15.7956	1.6568	-1.08299	-0.391587	
1486256953538	-2.24908	1.63833	-2.17512	1.88298	2.30283	-1.66175	-0.958063	-0.114153	0.718497	0.33081	-0.00571987	-0.934184	0.00821565	-0.356652	2.93491	-4.12906	3.49908	-1.7916	-0.205181	2.14403	-0.272067	0.77197	-5.91028	15.649	1.62783	-1.05802	-0.397168	
1486256953741	-2.24905	1.63833	-2.17512	1.88298	2.30283	-1.66172	-0.958063	-0.114145	0.718498	0.330819	-0.00572148	-0.934177	0.00820542	-0.356671	2.92807	-4.11043	3.4886	-1.78064	-0.207391	2.12539	-0.269079	0.773281	-5.90164	15.563	1.61536	-1.04559	-0.394795	
1486256953988	-2.24903	1.63833	-2.17512	1.88298	2.30283	-1.66166	-0.958063	-0.114135	0.718501	0.33083	-0.00571862	-0.934165	0.00818611	-0.356702	2.91094	-4.12491	3.4849	-1.77239	-0.210156	2.0954	-0.272598	0.839769	-5.87251	15.4896	1.60294	-1.02917	-0.403315	
1486256954128	-2.249	1.63833	-2.17512	1.88298	2.30283	-1.66163	-0.958063	-0.114125	0.718502	0.330841	-0.00572141	-0.934157	0.00817664	-0.356723	2.91122	-4.08487	3.46148	-1.75725	-0.200651	2.08538	-0.275772	0.820101	-5.89205	15.3912	1.5868	-1.02971	-0.405818	
1486256954188	-2.249	1.63833	-2.17512	1.88298	2.30283	-1.66162	-0.958063	-0.114121	0.718502	0.330846	-0.00572287	-0.934154	0.00817274	-0.356732	2.90022	-4.09629	3.46228	-1.75356	-0.201818	2.08073	-0.274381	0.854884	-5.85986	15.3837	1.58826	-1.0284	-0.405757	
1486256954489	-2.24894	1.63833	-2.17512	1.88297	2.30283	-1.66157	-0.958065	-0.114103	0.718503	0.330866	-0.00572749	-0.934139	0.00815606	-0.356769	2.87501	-4.07671	3.45052	-1.74412	-0.204141	2.05322	-0.277442	0.876583	-5.82821	15.2706	1.56798	-1.01256	-0.407744	
1486256954588	-2.24893	1.63833	-2.17512	1.88297	2.30283	-1.66155	-0.958065	-0.114097	0.718505	0.330873	-0.0057276	-0.934133	0.00814641	-0.356787	2.88781	-4.07433	3.44143	-1.73156	-0.205518	2.04596	-0.278562	0.891215	-5.84867	15.2247	1.56671	-1.00707	-0.412226	
1486256954911	-2.24889	1.63833	-2.17512	1.88297	2.30284	-1.6615	-0.958065	-0.114082	0.718506	0.33089	-0.00573146	-0.93412	0.00813024	-0.35682	2.84049	-4.06294	3.43089	-1.72858	-0.204786	2.01424	-0.276882	0.924631	-5.76654	15.1225	1.54565	-0.992411	-0.409933	
