time	joint_joint0	joint_joint1	joint_joint2	joint_joint3	joint_joint4	joint_joint5	joint_joint6	cart_pos_x	cart_pos_y	cart_pos_z	cart_quat_x	cart_quat_y	cart_quat_z	cart_quat_w	force_joint_joint0	force_joint_joint1	force_joint_joint2	force_joint_joint3	force_joint_joint4	force_joint_joint5	force_joint_joint6	cart_force_x	cart_force_y	cart_force_z	cart_trq_x	cart_trq_y	cart_trq_z	
1486226969082	-2.11209	1.63576	-2.13752	1.76049	2.38026	-1.65818	-0.957679	-0.059542	0.73274	0.337426	-0.00716817	-0.934979	0.0126769	-0.354404	0.140905	-1.27071	0.458394	0.693966	0.467224	0.169691	-0.396965	4.70975	-0.105033	1.02035	0.12861	-0.737966	-0.560681	
1486226969370	-2.11209	1.63487	-2.13737	1.7609	2.38047	-1.65817	-0.957679	-0.0593901	0.732405	0.337281	-0.00725567	-0.934925	0.0129001	-0.354537	0.357143	-1.79091	0.862225	0.723022	0.307503	0.167701	-0.399472	5.53253	-0.464707	1.72261	0.217863	-0.660933	-0.580856	
1486226969430	-2.11209	1.63487	-2.13737	1.7609	2.38047	-1.65817	-0.957679	-0.05939	0.732405	0.337281	-0.00725522	-0.934925	0.0129	-0.354536	0.353085	-1.7788	0.856089	0.722657	0.307047	0.17237	-0.397709	5.52475	-0.461916	1.70839	0.221032	-0.662508	-0.57875	
1486226970021	-2.11209	1.63486	-2.13737	1.76091	2.38047	-1.65817	-0.957681	-0.059389	0.732401	0.337282	-0.00725852	-0.934925	0.0129005	-0.354537	0.311465	-1.78456	0.847215	0.709162	0.295455	0.168573	-0.397902	5.50151	-0.361086	1.70161	0.224619	-0.652191	-0.57339	
1486226970031	-2.11209	1.63486	-2.13737	1.76091	2.38047	-1.65817	-0.957681	-0.059389	0.732401	0.337282	-0.00725852	-0.934925	0.0129005	-0.354537	0.311465	-1.78456	0.847215	0.709162	0.295455	0.168573	-0.397902	5.50151	-0.361086	1.70161	0.224619	-0.652191	-0.57339	
1486226970232	-2.11209	1.63486	-2.13736	1.76091	2.38047	-1.65817	-0.957681	-0.0593885	0.7324	0.337282	-0.00725937	-0.934925	0.0129008	-0.354537	0.327303	-1.77593	0.845675	0.723956	0.289868	0.169859	-0.397751	5.51015	-0.381858	1.66883	0.226226	-0.649375	-0.572549	
1486226970252	-2.11209	1.63486	-2.13736	1.76091	2.38047	-1.65817	-0.957681	-0.0593885	0.7324	0.337282	-0.00725937	-0.934925	0.0129008	-0.354537	0.327303	-1.77593	0.845675	0.723956	0.289868	0.169859	-0.397751	5.51015	-0.381858	1.66883	0.226226	-0.649375	-0.572549	
1486226970560	-2.11209	1.63486	-2.13736	1.76092	2.38047	-1.65817	-0.957681	-0.0593874	0.732399	0.337282	-0.0072616	-0.934925	0.0129008	-0.354537	0.337013	-1.77724	0.842239	0.718499	0.294627	0.171799	-0.397366	5.48834	-0.404511	1.68716	0.227221	-0.651419	-0.57477	
1486226971542	-2.11749	1.63639	-2.13795	1.76213	2.38153	-1.66017	-0.957683	-0.0616558	0.732974	0.335754	-0.0061628	-0.936064	0.0123882	-0.351558	3.03129	-3.08028	2.2735	0.166311	-0.196512	2.10832	-0.278504	3.28078	-5.36377	9.36207	1.59579	-1.23332	-0.385608	
1486226971561	-2.11753	1.63639	-2.13797	1.76215	2.38153	-1.66017	-0.957683	-0.0616781	0.732979	0.335745	-0.00614782	-0.936068	0.0123791	-0.351548	3.02051	-3.10214	2.28061	0.146307	-0.199304	2.11139	-0.279653	3.27013	-5.34784	9.42101	1.60168	-1.23173	-0.387069	
1486226971621	-2.11761	1.63641	-2.13806	1.76222	2.38156	-1.66018	-0.957683	-0.0616983	0.732984	0.335743	-0.00613393	-0.93607	0.0123668	-0.351544	3.09081	-3.20929	2.34277	0.110039	-0.22556	2.1418	-0.282716	3.28241	-5.48265	9.68709	1.64126	-1.2251	-0.396686	
1486226971646	-2.11763	1.63641	-2.13808	1.76224	2.38159	-1.6602	-0.957683	-0.0617482	0.733006	0.335745	-0.00609167	-0.936077	0.0123264	-0.351527	3.10308	-3.23014	2.35167	0.0983793	-0.230967	2.15311	-0.283184	3.26841	-5.50357	9.75309	1.65329	-1.22562	-0.397987	
1486226972141	-2.11893	1.63719	-2.13986	1.76318	2.38185	-1.66189	-0.957684	-0.0629017	0.733506	0.335834	-0.00541962	-0.936348	0.0119344	-0.350829	3.77423	-3.96865	2.84375	-0.33556	-0.386386	2.68972	-0.312439	2.63833	-6.87144	12.6832	2.09338	-1.34936	-0.437968	
1486226972390	-2.11979	1.63809	-2.13999	1.76368	2.38196	-1.66245	-0.957684	-0.0633982	0.733702	0.335882	-0.00537136	-0.936558	0.01152	-0.350282	4.02182	-4.30993	3.14845	-0.630428	-0.408381	2.93367	-0.323949	2.23516	-7.55237	14.3095	2.24565	-1.44164	-0.444458	
1486226972710	-2.11983	1.63808	-2.13999	1.76366	2.38203	-1.66245	-0.957686	-0.0634103	0.733709	0.335855	-0.00534335	-0.93657	0.01151	-0.35025	4.15332	-4.20581	3.02041	-0.370596	-0.483212	2.76183	-0.321613	2.59958	-7.62358	13.2608	2.18914	-1.29433	-0.472861	
1486226972812	-2.11983	1.63808	-2.13999	1.76366	2.38203	-1.66245	-0.957686	-0.0634104	0.73371	0.335855	-0.00534153	-0.936571	0.0115092	-0.350249	4.15358	-4.18418	2.99794	-0.35572	-0.487645	2.75169	-0.320817	2.592	-7.60823	13.169	2.18587	-1.28389	-0.472923	
1486226973010	-2.11983	1.63808	-2.13999	1.76366	2.38204	-1.66245	-0.957686	-0.0634105	0.73371	0.335854	-0.00534079	-0.936571	0.0115077	-0.350248	4.13779	-4.16252	2.97049	-0.334941	-0.484616	2.74155	-0.324316	2.62143	-7.56079	13.063	2.18061	-1.28227	-0.477016	
1486226973052	-2.11983	1.63808	-2.13999	1.76366	2.38204	-1.66245	-0.957686	-0.0634105	0.73371	0.335854	-0.00534079	-0.936571	0.0115077	-0.350248	4.14404	-4.18118	2.97645	-0.338794	-0.488128	2.74061	-0.324511	2.63438	-7.56963	13.0873	2.18495	-1.27858	-0.479695	
1486226973132	-2.11983	1.63808	-2.13999	1.76366	2.38204	-1.66245	-0.957686	-0.0634104	0.73371	0.335853	-0.00533959	-0.936572	0.0115072	-0.350246	4.11787	-4.15775	2.95836	-0.326813	-0.48704	2.73596	-0.323746	2.644	-7.50621	13.0137	2.1808	-1.27916	-0.475876	
1486226973210	-2.11983	1.63808	-2.13999	1.76366	2.38204	-1.66245	-0.957686	-0.0634105	0.73371	0.335853	-0.00533924	-0.936572	0.0115065	-0.350246	4.13071	-4.16794	2.96502	-0.317746	-0.487237	2.73524	-0.324004	2.6777	-7.52621	13.0158	2.18208	-1.28009	-0.478317	
1486226973530	-2.11983	1.63808	-2.13999	1.76366	2.38205	-1.66245	-0.957688	-0.0634106	0.733711	0.335853	-0.00533746	-0.936572	0.0115058	-0.350245	4.10751	-4.14102	2.93634	-0.300634	-0.489198	2.72689	-0.327768	2.6911	-7.46422	12.9063	2.17803	-1.27557	-0.479836	
1486226974726	-2.11983	1.63808	-2.13999	1.76366	2.38205	-1.66245	-0.957691	-0.0634093	0.733711	0.335851	-0.00533549	-0.936573	0.0115081	-0.350244	4.05977	-4.10024	2.92005	-0.256009	-0.500333	2.70816	-0.328665	2.78429	-7.34323	12.7179	2.16439	-1.2676	-0.471315	
1486226975770	-2.11983	1.63807	-2.13999	1.76365	2.38205	-1.66245	-0.957698	-0.0634092	0.733711	0.33585	-0.0053308	-0.936573	0.0115092	-0.350242	4.06787	-4.08885	2.91404	-0.230603	-0.499064	2.69894	-0.331427	2.83461	-7.3513	12.6427	2.15732	-1.26647	-0.475195	
1486226976020	-2.11983	1.63807	-2.13999	1.76365	2.38205	-1.66245	-0.957702	-0.0634091	0.733711	0.335849	-0.00532974	-0.936574	0.0115099	-0.350242	4.07732	-4.06997	2.90674	-0.2167	-0.500844	2.69872	-0.33307	2.83342	-7.36612	12.5949	2.15468	-1.26547	-0.475238	
1486226976150	-2.11983	1.63807	-2.13999	1.76365	2.38205	-1.66245	-0.957702	-0.0634091	0.733711	0.335849	-0.0053289	-0.936574	0.0115102	-0.350242	4.05862	-4.06852	2.90684	-0.228039	-0.497515	2.69642	-0.334669	2.82219	-7.3422	12.6058	2.15024	-1.26674	-0.475126	
1486226976860	-2.11983	1.63807	-2.13999	1.76365	2.38205	-1.66245	-0.957707	-0.0634089	0.733711	0.335848	-0.00532575	-0.936574	0.0115117	-0.350241	4.04061	-4.06594	2.89166	-0.215536	-0.497106	2.69184	-0.332564	2.85523	-7.28367	12.5543	2.15253	-1.26656	-0.474218	
1486226976972	-2.11983	1.63807	-2.13999	1.76365	2.38205	-1.66245	-0.957708	-0.0634089	0.733711	0.335848	-0.00532494	-0.936574	0.011512	-0.350241	4.06529	-4.08168	2.89493	-0.207667	-0.500678	2.6879	-0.335306	2.88296	-7.32635	12.5507	2.15511	-1.261	-0.481538	
