time	
49.14	
49.154	
49.154	
49.168	
49.182	
49.182	
49.196	
49.21	
49.224	
49.224	
49.238	
49.2521	
49.2521	
49.266	
49.28	
49.294	
49.294	
49.308	
49.322	
49.322	
49.336	
49.35	
49.364	
49.364	
49.378	
49.392	
49.392	
49.406	
49.42	
49.434	
49.434	
49.448	
49.462	
49.462	
49.476	
49.49	
49.504	
49.504	
49.518	
49.532	
49.532	
49.546	
49.56	
49.574	
49.574	
49.588	
49.602	
49.602	
49.616	
49.63	
49.644	
49.644	
49.658	
49.672	
49.672	
49.686	
49.7	
49.714	
49.714	
49.728	
49.742	
49.742	
49.756	
49.77	
49.784	
49.784	
49.798	
49.812	
49.812	
49.826	
49.84	
49.854	
49.854	
49.8681	
49.882	
49.882	
49.896	
49.91	
49.924	
49.924	
49.938	
49.952	
49.952	
49.9661	
49.98	
49.994	
49.994	
50.008	
50.022	
50.022	
50.036	
50.05	
50.064	
50.064	
50.078	
50.092	
50.092	
50.106	
50.12	
50.134	
50.134	
50.148	
50.162	
50.162	
50.176	
50.19	
50.204	
50.204	
50.218	
50.232	
50.232	
50.246	
50.26	
50.274	
50.274	
50.288	
50.302	
50.302	
50.316	
50.33	
50.344	
50.344	
50.358	
50.372	
50.372	
50.386	
50.4	
50.414	
50.414	
50.428	
50.442	
50.442	
50.456	
50.47	
50.484	
50.484	
50.498	
50.512	
50.512	
50.526	
50.54	
50.554	
50.554	
50.568	
50.582	
50.582	
50.596	
50.61	
50.624	
50.624	
50.638	
50.652	
50.652	
50.666	
50.68	
50.694	
50.694	
50.708	
50.722	
50.722	
50.736	
50.75	
50.764	
50.764	
50.778	
50.792	
50.792	
50.806	
50.82	
50.834	
50.834	
50.848	
50.862	
50.862	
50.876	
50.89	
50.904	
50.904	
50.918	
50.932	
50.932	
50.946	
50.96	
50.974	
50.974	
50.988	
51.002	
51.002	
51.0161	
51.03	
51.044	
51.044	
51.058	
51.072	
51.072	
51.0861	
51.1	
51.114	
51.114	
51.128	
51.1421	
51.1421	
51.156	
51.17	
51.184	
51.184	
51.198	
51.212	
51.212	
51.226	
51.24	
51.254	
51.254	
51.268	
51.282	
51.282	
51.296	
51.31	
51.324	
51.324	
51.338	
51.352	
51.352	
51.3665	
51.38	
51.3941	
51.3941	
51.408	
51.422	
51.422	
51.436	
51.45	
51.464	
51.464	
51.478	
51.492	
51.492	
51.506	
51.52	
51.534	
51.534	
51.548	
51.562	
51.562	
51.576	
51.59	
51.604	
51.604	
51.618	
51.632	
51.632	
51.646	
51.66	
51.674	
51.674	
51.688	
51.702	
51.702	
51.716	
51.73	
51.744	
51.744	
51.758	
51.772	
51.772	
51.786	
51.8	
51.814	
51.814	
51.828	
51.842	
51.842	
51.856	
51.8701	
51.884	
51.884	
51.898	
51.912	
51.912	
51.926	
51.94	
51.954	
51.954	
51.968	
51.982	
51.982	
51.996	
52.01	
52.024	
52.024	
52.038	
52.052	
52.052	
52.066	
52.08	
52.094	
52.094	
52.108	
52.122	
52.122	
52.136	
52.15	
52.164	
52.164	
52.178	
52.192	
52.192	
52.206	
52.22	
52.234	
52.234	
52.248	
52.262	
52.262	
52.276	
52.29	
52.304	
52.304	
52.318	
52.332	
52.332	
52.346	
52.36	
52.374	
52.374	
52.388	
52.402	
52.402	
52.416	
52.43	
52.444	
52.444	
52.458	
52.472	
52.472	
52.486	
52.5	
52.514	
52.514	
52.528	
52.542	
52.542	
52.556	
52.57	
52.584	
52.584	
52.598	
52.612	
52.612	
52.626	
52.64	
52.654	
52.654	
52.668	
52.682	
52.682	
52.696	
52.71	
52.724	
52.724	
52.7381	
52.752	
52.752	
52.766	
52.78	
52.794	
52.794	
52.808	
52.822	
52.822	
52.836	
52.85	
52.864	
52.864	
52.878	
52.892	
52.892	
52.906	
52.92	
52.934	
52.934	
52.948	
52.962	
52.962	
52.976	
52.99	
53.004	
53.004	
53.018	
53.032	
53.032	
53.046	
53.06	
53.074	
53.074	
53.088	
53.102	
53.102	
53.116	
53.13	
53.144	
53.144	
53.1581	
53.172	
53.172	
53.186	
53.2	
53.214	
53.214	
53.228	
53.242	
53.242	
53.256	
53.27	
53.284	
53.284	
53.298	
53.312	
53.312	
53.326	
53.34	
53.354	
53.354	
53.368	
53.382	
53.382	
53.396	
53.41	
53.424	
53.424	
53.438	
53.452	
53.452	
53.466	
53.48	
53.494	
53.494	
53.508	
53.522	
53.522	
53.536	
53.55	
53.564	
53.564	
53.578	
53.592	
53.592	
53.606	
53.62	
53.634	
53.634	
53.648	
53.662	
53.662	
53.676	
53.69	
53.704	
53.704	
53.718	
53.732	
53.732	
53.746	
53.76	
53.774	
53.774	
53.788	
53.802	
53.802	
53.816	
53.83	
53.844	
53.844	
53.858	
53.872	
53.872	
53.886	
53.9	
53.914	
53.914	
53.928	
53.942	
53.942	
53.9565	
53.97	
53.984	
53.984	
53.998	
54.012	
54.012	
54.026	
54.04	
54.054	
54.054	
54.068	
54.082	
54.082	
54.096	
54.11	
54.124	
54.124	
54.138	
54.152	
54.152	
54.166	
54.18	
54.194	
54.194	
54.208	
54.222	
54.222	
54.236	
54.25	
54.264	
54.264	
54.278	
54.292	
54.292	
54.306	
54.32	
54.334	
54.334	
54.348	
54.362	
54.362	
54.376	
54.39	
54.404	
54.404	
54.418	
54.432	
54.432	
54.446	
54.46	
54.474	
54.474	
54.488	
54.502	
54.502	
54.516	
54.53	
54.544	
54.544	
54.558	
54.572	
54.572	
54.586	
54.6	
54.614	
54.614	
54.628	
54.642	
54.642	
54.656	
54.67	
54.684	
54.684	
54.698	
54.712	
54.712	
54.726	
54.74	
54.754	
54.754	
54.768	
54.782	
54.782	
54.796	
54.81	
54.824	
54.824	
54.838	
54.852	
54.852	
54.866	
54.88	
54.894	
54.894	
54.908	
54.922	
54.922	
54.936	
54.95	
54.964	
54.964	
54.978	
54.992	
54.992	
55.006	
55.02	
55.034	
55.034	
55.048	
55.062	
55.062	
55.076	
55.09	
55.104	
55.104	
55.118	
55.132	
55.132	
55.146	
55.16	
55.174	
55.174	
55.188	
55.202	
55.202	
55.216	
55.23	
55.244	
55.244	
55.258	
55.272	
55.272	
55.286	
55.3	
55.314	
55.314	
55.328	
55.342	
55.342	
55.356	
55.37	
55.384	
55.384	
55.398	
55.412	
55.412	
55.426	
55.4401	
55.454	
55.454	
55.468	
55.482	
55.482	
55.496	
55.51	
55.524	
55.524	
55.538	
55.552	
55.552	
55.566	
55.58	
55.594	
55.594	
55.608	
55.622	
55.622	
55.636	
55.65	
55.664	
55.664	
55.678	
55.692	
55.692	
55.706	
55.72	
55.734	
55.734	
55.748	
55.762	
55.762	
55.776	
55.79	
55.804	
55.804	
55.818	
55.832	
55.832	
55.846	
55.86	
55.874	
55.874	
55.888	
55.902	
55.902	
55.916	
55.93	
55.944	
55.944	
55.958	
55.972	
55.972	
55.986	
56	
56.014	
56.014	
56.028	
56.042	
56.042	
56.056	
56.07	
56.084	
56.084	
56.098	
56.112	
56.112	
56.126	
56.14	
56.154	
56.154	
56.168	
56.182	
56.182	
56.196	
56.21	
56.224	
56.224	
56.238	
56.252	
56.252	
56.266	
56.28	
56.294	
56.294	
56.308	
56.322	
56.322	
56.336	
56.355	
56.364	
56.364	
56.378	
56.392	
56.392	
56.406	
56.42	
56.434	
56.434	
56.448	
56.462	
56.462	
56.476	
56.49	
56.504	
56.504	
56.518	
56.532	
56.532	
56.546	
56.56	
56.574	
56.574	
56.588	
56.602	
56.602	
56.616	
56.63	
56.644	
56.644	
56.658	
56.672	
56.672	
56.686	
56.7	
56.714	
56.714	
56.728	
56.742	
56.742	
56.756	
56.77	
56.784	
56.784	
56.798	
56.812	
56.812	
56.826	
56.8401	
56.854	
56.854	
56.868	
56.882	
56.882	
56.896	
56.91	
56.924	
56.924	
56.938	
56.952	
56.952	
56.966	
56.98	
56.994	
56.994	
57.008	
57.022	
57.022	
57.036	
57.05	
57.064	
57.064	
57.078	
57.092	
57.092	
57.106	
57.12	
57.134	
57.134	
57.148	
57.162	
57.162	
57.176	
57.19	
57.204	
57.204	
57.218	
57.232	
57.232	
57.246	
57.26	
57.274	
57.274	
57.288	
57.302	
57.302	
57.316	
57.33	
57.345	
57.345	
57.358	
57.372	
57.372	
57.386	
57.4	
57.414	
57.414	
57.428	
57.442	
57.442	
57.456	
57.47	
57.484	
57.484	
57.498	
57.512	
57.512	
57.526	
57.54	
57.554	
57.554	
57.568	
57.582	
57.582	
57.596	
57.61	
57.624	
57.624	
57.638	
57.652	
57.652	
57.666	
57.68	
57.694	
57.694	
57.708	
57.722	
57.722	
57.736	
57.75	
57.764	
57.764	
57.778	
57.792	
57.792	
57.806	
57.82	
57.834	
57.834	
57.848	
57.862	
57.862	
57.876	
57.89	
57.904	
57.904	
57.918	
57.932	
57.932	
57.946	
57.96	
57.974	
57.974	
57.988	
58.002	
58.002	
58.016	
58.03	
58.044	
58.044	
58.058	
58.072	
58.072	
58.086	
58.1	
58.114	
58.114	
58.128	
58.142	
58.142	
58.156	
58.17	
58.184	
58.184	
58.198	
58.212	
58.212	
58.226	
58.24	
58.254	
58.254	
58.268	
58.282	
58.282	
58.296	
58.31	
58.324	
58.324	
58.338	
58.352	
58.352	
58.366	
58.38	
58.394	
58.394	
58.408	
58.422	
58.422	
58.436	
58.45	
58.464	
58.464	
58.478	
58.492	
58.492	
58.506	
58.52	
58.534	
58.534	
58.548	
58.562	
58.562	
58.576	
58.59	
58.604	
58.604	
58.618	
58.632	
58.632	
58.646	
58.66	
58.674	
58.674	
58.688	
58.702	
58.702	
58.716	
58.73	
58.744	
58.744	
58.758	
58.772	
58.772	
58.786	
58.8	
58.814	
58.814	
58.828	
58.842	
58.842	
58.856	
58.87	
58.884	
58.884	
58.898	
58.912	
58.912	
58.926	
58.94	
58.954	
58.954	
58.968	
58.982	
58.982	
58.9961	
59.01	
59.024	
59.024	
59.038	
59.052	
59.052	
59.066	
59.08	
59.094	
59.094	
59.108	
59.122	
59.122	
59.136	
59.15	
59.164	
59.164	
59.178	
59.192	
59.192	
59.206	
59.22	
59.234	
59.234	
59.248	
59.262	
59.262	
59.276	
59.29	
59.304	
59.304	
59.318	
59.332	
59.332	
59.346	
59.36	
59.374	
59.374	
59.388	
59.402	
59.402	
59.416	
59.43	
59.444	
59.444	
59.458	
59.472	
59.472	
59.486	
59.5	
59.514	
59.514	
59.528	
59.542	
59.542	
59.556	
59.57	
59.584	
59.584	
59.598	
59.612	
59.612	
59.626	
59.64	
59.654	
59.654	
59.668	
59.682	
59.682	
59.696	
59.71	
59.724	
59.724	
59.738	
59.752	
59.752	
59.766	
59.78	
59.794	
59.794	
59.808	
59.822	
59.822	
59.836	
59.85	
59.864	
59.864	
59.878	
59.892	
59.892	
59.906	
59.92	
59.934	
59.934	
59.948	
59.962	
59.962	
59.976	
59.99	
60.004	
60.004	
60.018	
60.032	
60.032	
60.046	
60.06	
60.074	
60.074	
60.088	
60.102	
60.102	
60.116	
60.13	
60.144	
60.144	
60.158	
60.172	
60.172	
60.186	
60.2	
60.214	
60.214	
60.228	
60.242	
60.242	
60.256	
60.27	
60.284	
60.284	
60.298	
60.312	
60.312	
60.326	
60.34	
60.354	
60.354	
60.368	
60.3821	
60.3821	
60.396	
60.41	
60.424	
60.424	
60.438	
60.452	
60.452	
60.466	
60.48	
60.494	
60.494	
60.508	
60.522	
60.522	
60.536	
60.55	
60.564	
60.564	
60.578	
60.592	
60.592	
60.606	
60.62	
60.634	
60.634	
60.648	
60.662	
60.662	
60.676	
60.69	
60.704	
60.704	
60.718	
60.732	
60.732	
60.746	
60.76	
60.774	
60.774	
60.788	
60.802	
60.802	
60.816	
60.83	
60.844	
60.844	
60.858	
60.872	
60.872	
60.886	
60.9	
60.914	
60.914	
60.928	
60.942	
60.942	
60.956	
60.97	
60.984	
60.984	
60.998	
61.012	
61.012	
61.026	
61.04	
61.054	
61.054	
61.068	
61.082	
61.082	
61.096	
61.11	
61.124	
61.124	
61.1381	
61.152	
61.152	
61.166	
61.18	
61.194	
61.194	
61.208	
61.222	
61.222	
61.236	
61.25	
61.264	
61.264	
61.278	
61.292	
61.292	
61.306	
61.32	
61.334	
61.334	
61.348	
61.362	
61.362	
61.376	
61.39	
61.404	
61.404	
61.418	
61.432	
61.432	
61.446	
61.46	
61.474	
61.474	
61.488	
61.502	
61.502	
61.516	
61.53	
61.544	
61.544	
61.558	
61.572	
61.572	
61.586	
61.6	
61.614	
61.614	
61.628	
61.6421	
61.6421	
61.656	
61.67	
61.684	
61.684	
61.698	
61.712	
61.712	
61.726	
61.74	
61.754	
61.754	
61.768	
61.782	
61.782	
61.796	
61.81	
61.824	
61.824	
61.838	
61.852	
61.852	
61.866	
61.88	
61.894	
61.894	
61.908	
61.922	
61.922	
61.936	
61.95	
61.964	
61.964	
61.978	
61.992	
61.992	
62.006	
62.02	
62.034	
62.034	
62.048	
62.062	
62.062	
62.076	
62.09	
62.104	
62.104	
