time	joint_joint0	joint_joint1	joint_joint2	joint_joint3	joint_joint4	joint_joint5	joint_joint6	cart_pos_x	cart_pos_y	cart_pos_z	cart_quat_x	cart_quat_y	cart_quat_z	cart_quat_w	force_joint_joint0	force_joint_joint1	force_joint_joint2	force_joint_joint3	force_joint_joint4	force_joint_joint5	force_joint_joint6	cart_force_x	cart_force_y	cart_force_z	cart_trq_x	cart_trq_y	cart_trq_z	
1486255203381	-2.11233	1.63426	-2.13737	1.7607	2.38071	-1.65812	-0.957788	-0.0593659	0.732314	0.336923	-0.00703028	-0.93497	0.0132068	-0.354411	0.517132	-1.47736	0.796931	0.829514	0.185838	0.155591	-0.335644	5.02741	-0.68792	1.13961	0.200615	-0.53808	-0.479395	
1486255203389	-2.11233	1.63426	-2.13737	1.7607	2.38071	-1.65812	-0.957788	-0.0593659	0.732314	0.336923	-0.00703028	-0.93497	0.0132068	-0.354411	0.529175	-1.47626	0.799433	0.834524	0.182929	0.157408	-0.336326	5.02925	-0.709867	1.13626	0.201826	-0.536924	-0.479892	
1486255203571	-2.11233	1.63426	-2.13736	1.76071	2.38071	-1.65812	-0.957788	-0.0593649	0.732312	0.336924	-0.0070339	-0.93497	0.0132061	-0.35441	0.565524	-1.4699	0.790044	0.83493	0.178275	0.160421	-0.336241	4.97834	-0.777152	1.1307	0.206759	-0.529203	-0.483135	
1486255203581	-2.11233	1.63426	-2.13736	1.76071	2.38071	-1.65812	-0.957788	-0.0593648	0.732311	0.336925	-0.00703401	-0.93497	0.0132052	-0.354411	0.565524	-1.4699	0.790044	0.83493	0.178275	0.160421	-0.336241	4.97834	-0.777152	1.1307	0.206759	-0.529203	-0.483135	
1486255203591	-2.11233	1.63426	-2.13736	1.76071	2.38071	-1.65812	-0.957788	-0.0593648	0.732311	0.336925	-0.00703401	-0.93497	0.0132052	-0.354411	0.524004	-1.4892	0.796528	0.819744	0.17926	0.157016	-0.336515	5.00682	-0.699051	1.16227	0.206854	-0.531136	-0.481653	
1486255204759	-2.11438	1.63441	-2.13737	1.76168	2.38129	-1.65854	-0.957788	-0.060116	0.732299	0.336381	-0.00674344	-0.93532	0.012905	-0.353504	1.45762	-2.40711	1.6306	0.385738	-0.0687877	0.894585	-0.300262	4.42055	-2.52837	5.02924	0.770973	-0.721128	-0.420412	
1486255205021	-2.11438	1.6344	-2.13737	1.76167	2.38129	-1.65854	-0.957788	-0.0601129	0.732297	0.336373	-0.0067406	-0.93532	0.0129147	-0.353502	1.39245	-2.12553	1.37246	0.600978	-0.0292387	0.804967	-0.308154	4.54328	-2.26139	3.99593	0.70594	-0.707764	-0.434845	
1486255206501	-2.1144	1.63439	-2.13737	1.76163	2.38129	-1.65855	-0.957788	-0.0601141	0.732304	0.336349	-0.00672626	-0.935327	0.0129358	-0.353484	1.51247	-2.11224	1.3502	0.64391	-0.0527488	0.837129	-0.275764	4.44597	-2.39435	3.98026	0.750538	-0.696148	-0.413519	
1486255206769	-2.1144	1.63439	-2.13737	1.76162	2.38129	-1.65854	-0.957788	-0.0601141	0.732305	0.336348	-0.00672556	-0.935328	0.0129376	-0.353482	1.47134	-2.11709	1.34712	0.625972	-0.046084	0.832794	-0.27705	4.44506	-2.32527	3.9978	0.746187	-0.699761	-0.41321	
1486255206989	-2.1144	1.63439	-2.13737	1.76162	2.38129	-1.65854	-0.957788	-0.0601138	0.732306	0.336347	-0.00672478	-0.935328	0.0129379	-0.353482	1.45886	-2.1222	1.35189	0.619041	-0.0507722	0.83118	-0.275592	4.44292	-2.30146	4.00817	0.746714	-0.695799	-0.410002	
1486255208579	-2.1144	1.63439	-2.13737	1.76161	2.38129	-1.65855	-0.957788	-0.060113	0.732307	0.336344	-0.00672267	-0.935328	0.0129412	-0.35348	1.44215	-2.11124	1.35159	0.608263	-0.0449855	0.831106	-0.277395	4.41921	-2.28698	4.01729	0.739982	-0.700038	-0.408794	
