time	joint_joint0	joint_joint1	joint_joint2	joint_joint3	joint_joint4	joint_joint5	joint_joint6	cart_pos_x	cart_pos_y	cart_pos_z	cart_quat_x	cart_quat_y	cart_quat_z	cart_quat_w	force_joint_joint0	force_joint_joint1	force_joint_joint2	force_joint_joint3	force_joint_joint4	force_joint_joint5	force_joint_joint6	cart_force_x	cart_force_y	cart_force_z	cart_trq_x	cart_trq_y	cart_trq_z	
1486258275145	-2.25095	1.63834	-2.17516	1.88489	2.30193	-1.6622	-0.957926	-0.114786	0.718074	0.330749	-0.00607325	-0.934269	0.00817157	-0.356424	3.18982	-4.03786	3.43152	-1.70419	-0.125865	2.36559	-0.279687	0.603237	-6.3116	15.9578	1.73611	-1.2364	-0.407034	
1486258275175	-2.25095	1.63834	-2.17516	1.88489	2.30194	-1.6622	-0.957926	-0.114786	0.718074	0.330749	-0.0060729	-0.934269	0.00817087	-0.356424	3.15864	-4.03291	3.42581	-1.70795	-0.124785	2.36353	-0.280293	0.611097	-6.24924	15.9388	1.73318	-1.23793	-0.404232	
1486258275256	-2.25095	1.63834	-2.17516	1.88489	2.30194	-1.6622	-0.957926	-0.114786	0.718074	0.33075	-0.00607266	-0.934269	0.00816927	-0.356424	3.17153	-4.03833	3.43158	-1.70648	-0.128737	2.36073	-0.280189	0.613828	-6.27615	15.9426	1.73345	-1.23275	-0.405602	
1486258275625	-2.25095	1.63834	-2.17516	1.8849	2.30196	-1.66218	-0.957926	-0.114785	0.718076	0.330751	-0.00606804	-0.934268	0.00815579	-0.356428	3.12338	-4.03499	3.42182	-1.69617	-0.121934	2.34532	-0.279865	0.680816	-6.1782	15.8752	1.72249	-1.23519	-0.404015	
1486258275708	-2.25094	1.63834	-2.17516	1.8849	2.30196	-1.66217	-0.957926	-0.114785	0.718076	0.330752	-0.00606687	-0.934267	0.00815233	-0.35643	3.11987	-4.01741	3.41599	-1.69512	-0.119099	2.34373	-0.280629	0.661231	-6.18191	15.8494	1.71601	-1.23578	-0.402748	
1486258275835	-2.25094	1.63834	-2.17516	1.8849	2.30197	-1.66216	-0.957926	-0.114785	0.718077	0.330752	-0.00606539	-0.934267	0.00814878	-0.356431	3.11736	-4.02261	3.41513	-1.69514	-0.122897	2.34061	-0.27889	0.665824	-6.16916	15.8423	1.71799	-1.23103	-0.401896	
1486258276077	-2.25094	1.63834	-2.17516	1.8849	2.30198	-1.66215	-0.957928	-0.114784	0.718078	0.330754	-0.00606187	-0.934265	0.00813988	-0.356434	3.10516	-4.01322	3.40367	-1.69805	-0.116281	2.33427	-0.278064	0.652462	-6.14915	15.8166	1.71193	-1.2315	-0.401965	
1486258276846	-2.25094	1.63834	-2.17516	1.88491	2.30201	-1.6621	-0.957928	-0.114783	0.718082	0.330756	-0.00605209	-0.934262	0.00811443	-0.356445	3.07802	-3.98932	3.38763	-1.68953	-0.110017	2.30385	-0.278019	0.667622	-6.11645	15.7027	1.68756	-1.22	-0.402909	
1486258277055	-2.25094	1.63834	-2.17516	1.88491	2.30202	-1.66209	-0.957928	-0.114782	0.718083	0.330757	-0.00604976	-0.93426	0.0081077	-0.356449	3.07929	-3.98802	3.39004	-1.68657	-0.110458	2.29951	-0.278378	0.676287	-6.12398	15.6916	1.68392	-1.21774	-0.403412	
