time	joint_joint0	joint_joint1	joint_joint2	joint_joint3	joint_joint4	joint_joint5	joint_joint6	cart_pos_x	cart_pos_y	cart_pos_z	cart_quat_x	cart_quat_y	cart_quat_z	cart_quat_w	force_joint_joint0	force_joint_joint1	force_joint_joint2	force_joint_joint3	force_joint_joint4	force_joint_joint5	force_joint_joint6	cart_force_x	cart_force_y	cart_force_z	cart_trq_x	cart_trq_y	cart_trq_z	
1486228802671	-2.11229	1.63483	-2.13726	1.76092	2.38044	-1.65816	-0.957698	-0.0594146	0.732369	0.33718	-0.00725867	-0.934956	0.0129595	-0.354452	0.335306	-1.7382	0.788878	0.714714	0.348909	0.166617	-0.42388	5.46188	-0.455435	1.63375	0.20243	-0.684595	-0.610158	
1486228802702	-2.11229	1.63483	-2.13725	1.76093	2.38044	-1.65816	-0.957698	-0.0594151	0.73237	0.33718	-0.00725752	-0.934957	0.0129564	-0.35445	0.342336	-1.77485	0.822256	0.704746	0.33836	0.163396	-0.424781	5.5009	-0.480085	1.70072	0.20391	-0.677094	-0.610992	
1486228807204	-2.1198	1.63794	-2.13994	1.76371	2.38194	-1.66252	-0.957734	-0.0633707	0.733639	0.335837	-0.00537611	-0.936559	0.011621	-0.350275	4.10735	-4.13225	2.97813	-0.372777	-0.443934	2.7894	-0.345015	2.54574	-7.5762	13.2274	2.17634	-1.34226	-0.484563	
1486228807213	-2.1198	1.63794	-2.13994	1.76371	2.38194	-1.66252	-0.957734	-0.0633707	0.733639	0.335837	-0.00537611	-0.936559	0.011621	-0.350275	4.10735	-4.13225	2.97813	-0.372777	-0.443934	2.7894	-0.345015	2.54574	-7.5762	13.2274	2.17634	-1.34226	-0.484563	
1486228807431	-2.1198	1.63794	-2.13994	1.76371	2.38194	-1.66252	-0.957734	-0.0633707	0.733639	0.335837	-0.00537611	-0.936559	0.011621	-0.350275	4.10899	-4.12325	2.96815	-0.362248	-0.439825	2.78531	-0.347263	2.56043	-7.57616	13.1867	2.17277	-1.34358	-0.488147	
1486228807675	-2.1198	1.63794	-2.13994	1.76371	2.38195	-1.66252	-0.957736	-0.0633705	0.733639	0.335836	-0.00537447	-0.93656	0.0116215	-0.350275	4.11185	-4.11683	2.96501	-0.350471	-0.448725	2.78441	-0.345599	2.57015	-7.5666	13.1486	2.17547	-1.33742	-0.484923	
1486228808363	-2.1198	1.63794	-2.13994	1.76371	2.38195	-1.66252	-0.957739	-0.0633703	0.733639	0.335835	-0.00537256	-0.93656	0.011623	-0.350274	4.11589	-4.09511	2.95686	-0.32065	-0.457044	2.76949	-0.34741	2.61391	-7.56262	13.033	2.16601	-1.3261	-0.4851	
1486228808509	-2.1198	1.63794	-2.13994	1.76371	2.38195	-1.66252	-0.957739	-0.0633703	0.733639	0.335835	-0.00537256	-0.93656	0.011623	-0.350274	4.09299	-4.08434	2.94602	-0.325809	-0.449514	2.76465	-0.345349	2.60057	-7.52086	13.0148	2.16053	-1.32872	-0.482828	
1486228808723	-2.1198	1.63794	-2.13994	1.76371	2.38195	-1.66252	-0.957741	-0.0633703	0.733639	0.335835	-0.0053718	-0.93656	0.0116233	-0.350274	4.10228	-4.08477	2.94995	-0.318601	-0.451438	2.76462	-0.34582	2.61524	-7.537	13.0074	2.16043	-1.32821	-0.483328	
1486228810223	-2.1198	1.63793	-2.13994	1.76371	2.38195	-1.66252	-0.957744	-0.0633696	0.733639	0.335833	-0.00536902	-0.93656	0.0116243	-0.350273	4.10269	-4.03713	2.92816	-0.288359	-0.453295	2.7462	-0.346632	2.62135	-7.53369	12.8543	2.14306	-1.31773	-0.481707	
