time	
492.366	
492.366	
492.38	
492.394	
492.408	
492.408	
492.422	
492.436	
492.436	
492.45	
492.464	
492.478	
492.478	
492.492	
492.506	
492.506	
492.52	
492.534	
492.548	
492.548	
492.562	
492.576	
492.576	
492.59	
492.604	
492.618	
492.618	
492.632	
492.646	
492.646	
492.66	
492.674	
492.688	
492.688	
492.702	
492.716	
492.716	
492.73	
492.744	
492.758	
492.758	
492.772	
492.786	
492.786	
492.8	
492.814	
492.828	
492.828	
492.842	
492.856	
492.856	
492.87	
492.884	
492.898	
492.898	
492.912	
492.926	
492.926	
492.94	
492.954	
492.968	
492.968	
492.982	
492.996	
492.996	
493.01	
493.024	
493.038	
493.038	
493.052	
493.066	
493.066	
493.08	
493.094	
493.108	
493.108	
493.122	
493.136	
493.136	
493.15	
493.164	
493.178	
493.178	
493.192	
493.206	
493.206	
493.22	
493.234	
493.248	
493.248	
493.262	
493.276	
493.276	
493.29	
493.304	
493.318	
493.318	
493.332	
493.346	
493.346	
493.36	
493.374	
493.388	
493.388	
493.402	
493.416	
493.416	
493.43	
493.444	
493.458	
493.458	
493.472	
493.486	
493.486	
493.5	
493.514	
493.528	
493.528	
493.542	
493.556	
493.556	
493.57	
493.584	
493.598	
493.598	
493.612	
493.626	
493.626	
493.64	
493.654	
493.668	
493.668	
493.682	
493.696	
493.696	
493.71	
493.724	
493.738	
493.738	
493.752	
493.766	
493.766	
493.78	
493.794	
493.808	
493.808	
493.822	
493.836	
493.836	
493.85	
493.864	
493.878	
493.878	
493.892	
493.906	
493.906	
493.92	
493.934	
493.948	
493.948	
493.962	
493.976	
493.976	
493.99	
494.004	
494.018	
494.018	
494.032	
494.046	
494.046	
494.06	
494.074	
494.088	
494.088	
494.102	
494.116	
494.116	
494.13	
494.144	
494.158	
494.158	
494.172	
494.186	
494.186	
494.2	
494.214	
494.228	
494.228	
494.242	
494.256	
494.256	
494.27	
494.284	
494.298	
494.298	
494.312	
494.326	
494.326	
494.34	
494.354	
494.368	
494.368	
494.382	
494.397	
494.397	
494.41	
494.424	
494.438	
494.438	
494.452	
494.466	
494.466	
494.48	
494.494	
494.508	
494.508	
494.522	
494.536	
494.536	
494.55	
494.564	
494.564	
494.578	
494.592	
494.606	
494.606	
494.62	
494.634	
494.648	
494.648	
494.662	
494.676	
494.676	
494.69	
494.704	
494.718	
494.718	
494.732	
494.746	
494.746	
494.76	
494.774	
494.788	
494.788	
494.802	
494.816	
494.816	
494.83	
494.844	
494.858	
494.858	
494.872	
494.886	
494.886	
494.9	
494.914	
494.928	
494.928	
494.942	
494.956	
494.956	
494.97	
494.984	
494.998	
494.998	
495.012	
495.026	
495.026	
495.04	
495.054	
495.068	
495.068	
495.082	
495.096	
495.096	
495.11	
495.124	
495.138	
495.138	
495.152	
495.166	
495.166	
495.18	
495.194	
495.208	
495.208	
495.222	
495.236	
495.236	
495.25	
495.264	
495.264	
495.279	
495.292	
495.306	
495.306	
495.32	
495.334	
495.348	
495.348	
495.362	
495.376	
495.376	
495.39	
495.404	
495.418	
495.418	
495.432	
495.446	
495.446	
495.46	
495.474	
495.488	
495.488	
495.502	
495.516	
495.516	
495.53	
495.544	
495.558	
495.558	
495.572	
495.586	
495.586	
495.6	
495.614	
495.628	
495.628	
495.642	
495.656	
495.656	
495.67	
495.684	
495.698	
495.698	
495.712	
495.726	
495.726	
495.74	
495.754	
495.768	
495.768	
495.782	
495.796	
495.796	
495.81	
495.824	
495.838	
495.838	
495.852	
495.866	
495.866	
495.88	
495.894	
495.908	
495.908	
495.922	
495.936	
495.936	
495.95	
495.964	
495.964	
495.978	
495.992	
496.006	
496.006	
496.02	
496.034	
496.048	
496.048	
496.062	
496.076	
496.076	
496.09	
496.104	
496.118	
496.118	
496.132	
496.146	
496.146	
496.16	
496.174	
496.188	
496.188	
496.202	
496.216	
496.216	
496.23	
496.244	
496.258	
496.258	
496.272	
496.286	
496.286	
496.3	
496.314	
496.328	
496.328	
496.342	
496.356	
496.356	
496.37	
496.384	
496.398	
496.398	
496.412	
496.426	
496.426	
496.44	
496.454	
496.468	
496.468	
496.482	
496.496	
496.496	
496.51	
496.524	
496.538	
496.538	
496.552	
496.566	
496.566	
496.58	
496.594	
496.608	
496.608	
496.622	
496.636	
496.636	
496.65	
496.664	
496.678	
496.678	
496.692	
496.706	
496.706	
496.72	
496.734	
496.748	
496.748	
496.762	
496.776	
496.776	
496.79	
496.804	
496.818	
496.818	
496.832	
496.846	
496.846	
496.86	
496.874	
496.888	
496.888	
496.902	
496.916	
496.916	
496.93	
496.944	
496.958	
496.958	
496.972	
496.986	
496.986	
497	
497.014	
497.028	
497.028	
497.042	
497.056	
497.056	
497.07	
497.084	
497.098	
497.098	
497.112	
497.126	
497.126	
497.14	
497.154	
497.168	
497.168	
497.182	
497.196	
497.196	
497.21	
497.224	
497.238	
497.238	
497.252	
497.266	
497.266	
497.28	
497.294	
497.308	
497.308	
497.322	
497.336	
497.336	
497.35	
497.364	
497.378	
497.378	
497.392	
497.406	
497.406	
497.42	
497.434	
497.448	
497.448	
497.462	
497.476	
497.476	
497.49	
497.504	
497.518	
497.518	
497.532	
497.546	
497.546	
497.56	
497.574	
497.588	
497.588	
497.602	
497.616	
497.616	
497.63	
497.644	
497.658	
497.658	
497.672	
497.686	
497.686	
497.7	
497.714	
497.728	
497.728	
497.742	
497.756	
497.756	
497.77	
497.784	
497.798	
497.798	
497.812	
497.826	
497.826	
497.84	
497.854	
497.868	
497.868	
497.882	
497.896	
497.896	
497.91	
