time	joint_joint0	joint_joint1	joint_joint2	joint_joint3	joint_joint4	joint_joint5	joint_joint6	cart_pos_x	cart_pos_y	cart_pos_z	cart_quat_x	cart_quat_y	cart_quat_z	cart_quat_w	force_joint_joint0	force_joint_joint1	force_joint_joint2	force_joint_joint3	force_joint_joint4	force_joint_joint5	force_joint_joint6	cart_force_x	cart_force_y	cart_force_z	cart_trq_x	cart_trq_y	cart_trq_z	
1486254865782	-2.11239	1.63573	-2.1376	1.7594	2.38007	-1.65878	-0.957785	-0.0596245	0.732921	0.3369	-0.00685527	-0.935191	0.013331	-0.353826	0.389355	-0.805747	0.461172	0.737159	0.293577	0.172644	-0.347438	3.77603	-0.681415	0.480959	0.0618697	-0.568036	-0.430405	
1486254865869	-2.11239	1.63527	-2.13757	1.75988	2.38037	-1.65844	-0.957787	-0.0595914	0.732837	0.336914	-0.00688495	-0.935149	0.013307	-0.353937	0.381325	-0.888585	0.48104	0.777685	0.330599	0.194127	-0.349649	4.04481	-0.61603	0.582746	0.0841688	-0.624732	-0.446479	
1486254866101	-2.11242	1.63427	-2.13737	1.7606	2.38069	-1.65819	-0.957787	-0.0593926	0.732335	0.336855	-0.00699876	-0.935	0.0132676	-0.354329	0.544646	-1.48497	0.835721	0.866262	0.197402	0.193513	-0.367639	5.18143	-0.770528	1.20127	0.203762	-0.584509	-0.500549	
1486254866119	-2.11242	1.63427	-2.13737	1.76061	2.38069	-1.65819	-0.957787	-0.0593925	0.732334	0.336856	-0.00700008	-0.935	0.0132672	-0.354329	0.543251	-1.48408	0.835273	0.865661	0.194418	0.191655	-0.367508	5.17781	-0.767183	1.19383	0.203463	-0.580967	-0.499918	
1486254866219	-2.11242	1.63427	-2.13736	1.76062	2.38069	-1.65819	-0.957787	-0.0593911	0.73233	0.336859	-0.00700624	-0.935	0.0132646	-0.35433	0.570367	-1.48385	0.835608	0.870873	0.188724	0.193206	-0.367706	5.16425	-0.816148	1.18928	0.206727	-0.575278	-0.501779	
1486254866749	-2.11242	1.63427	-2.13733	1.76065	2.38069	-1.65819	-0.957787	-0.059383	0.732314	0.336865	-0.00702907	-0.935	0.013258	-0.354331	0.57079	-1.51443	0.844751	0.854325	0.185341	0.188169	-0.370453	5.17195	-0.824269	1.23694	0.209557	-0.568188	-0.508158	
1486254866931	-2.11241	1.63427	-2.13731	1.76065	2.38069	-1.65819	-0.957787	-0.0593789	0.732308	0.336867	-0.00703766	-0.935	0.0132569	-0.35433	0.573489	-1.50117	0.850389	0.851034	0.184981	0.190214	-0.369953	5.14493	-0.842706	1.24229	0.204921	-0.568674	-0.504318	
1486254867150	-2.11241	1.63427	-2.13728	1.76067	2.38069	-1.65819	-0.957787	-0.0593729	0.7323	0.336868	-0.00705026	-0.935001	0.0132552	-0.354327	0.579851	-1.50307	0.860043	0.844807	0.190028	0.185362	-0.369956	5.13868	-0.873722	1.26236	0.197239	-0.569003	-0.505393	
1486254867189	-2.11241	1.63427	-2.13727	1.76067	2.38069	-1.65819	-0.957787	-0.0593703	0.732297	0.336868	-0.00705547	-0.935002	0.0132561	-0.354325	0.580161	-1.51874	0.86923	0.843859	0.187218	0.183298	-0.370866	5.16489	-0.874091	1.27931	0.19853	-0.567042	-0.507188	
1486254867329	-2.11241	1.63427	-2.13719	1.76068	2.38069	-1.65819	-0.957787	-0.0593523	0.732276	0.336865	-0.00708812	-0.935006	0.0132578	-0.354312	0.561261	-1.57987	0.92332	0.829367	0.180803	0.174719	-0.372364	5.27004	-0.857216	1.38331	0.195475	-0.565311	-0.507936	
1486254867354	-2.11241	1.63427	-2.13716	1.76069	2.38069	-1.65819	-0.957787	-0.0593451	0.732268	0.336863	-0.00710099	-0.935008	0.0132582	-0.354307	0.560369	-1.57264	0.936712	0.828166	0.181495	0.171757	-0.373036	5.27077	-0.874291	1.3881	0.186434	-0.565817	-0.505357	
1486254867419	-2.11241	1.63427	-2.13707	1.76071	2.38077	-1.6582	-0.957787	-0.0593257	0.732246	0.33686	-0.00713534	-0.935013	0.0132583	-0.354293	0.648341	-1.61131	0.974495	0.853597	0.156657	0.208079	-0.374009	5.31582	-1.01231	1.48686	0.219971	-0.569699	-0.506466	
1486254867752	-2.11406	1.63429	-2.137	1.76144	2.38103	-1.65847	-0.957787	-0.0598602	0.7322	0.336346	-0.00692878	-0.935283	0.0131531	-0.353588	1.22003	-2.20519	1.42964	0.528053	0.0666014	0.87115	-0.373506	4.77827	-2.06649	4.3941	0.696415	-0.847102	-0.482418	
1486254868430	-2.11446	1.6343	-2.13699	1.76169	2.38103	-1.65872	-0.957787	-0.0600206	0.73214	0.336276	-0.00695254	-0.935353	0.0131459	-0.353403	1.30096	-2.0804	1.35583	0.480741	0.102769	0.870555	-0.330528	4.31717	-2.25549	4.37734	0.678575	-0.836723	-0.452928	
1486254868931	-2.11446	1.6343	-2.13698	1.76168	2.38103	-1.65872	-0.957787	-0.0600176	0.732139	0.336271	-0.00695447	-0.935355	0.0131507	-0.353397	1.43728	-2.10912	1.3941	0.583947	0.0504783	0.907245	-0.298649	4.45325	-2.37965	4.34363	0.733183	-0.825915	-0.424816	
1486254869019	-2.11446	1.6343	-2.13698	1.76167	2.38103	-1.65872	-0.957787	-0.0600172	0.73214	0.33627	-0.00695383	-0.935355	0.0131522	-0.353396	1.47914	-2.07096	1.37028	0.627674	0.0373855	0.912382	-0.298072	4.45186	-2.42366	4.22023	0.739864	-0.818592	-0.423168	
1486254869151	-2.11446	1.6343	-2.13697	1.76167	2.38103	-1.65872	-0.957787	-0.0600159	0.732139	0.336267	-0.00695428	-0.935356	0.0131541	-0.353394	1.50645	-1.99768	1.30303	0.697386	0.0329835	0.868093	-0.306617	4.49042	-2.44686	3.87805	0.714064	-0.788814	-0.437837	
1486254869299	-2.11446	1.6343	-2.13697	1.76166	2.38103	-1.65872	-0.957787	-0.0600137	0.732139	0.336263	-0.00695418	-0.935358	0.0131588	-0.35339	1.51029	-1.98972	1.30244	0.69754	0.0358495	0.857862	-0.308867	4.48567	-2.46935	3.85281	0.703659	-0.78433	-0.440919	
1486254869419	-2.11446	1.6343	-2.13697	1.76165	2.38103	-1.65872	-0.957787	-0.0600133	0.73214	0.336262	-0.00695372	-0.935358	0.0131601	-0.353389	1.51968	-1.98049	1.30565	0.69166	0.0349543	0.858838	-0.309135	4.45077	-2.50077	3.86174	0.700269	-0.782167	-0.439687	
1486254869669	-2.11446	1.6343	-2.13697	1.76164	2.38103	-1.65872	-0.957787	-0.0600128	0.732141	0.336259	-0.00695246	-0.935359	0.0131622	-0.353387	1.52148	-1.99562	1.32046	0.677529	0.0335172	0.859092	-0.308028	4.44089	-2.51646	3.91422	0.700349	-0.780335	-0.438792	
1486254870550	-2.11446	1.6343	-2.13696	1.76163	2.38103	-1.65872	-0.957787	-0.0600105	0.732142	0.336254	-0.00695123	-0.935361	0.0131679	-0.353381	1.51674	-2.0156	1.34234	0.654607	0.0385652	0.85866	-0.312079	4.43722	-2.53943	3.99371	0.694904	-0.783848	-0.442452	
1486254871229	-2.11446	1.6343	-2.13696	1.76162	2.38103	-1.65872	-0.957787	-0.0600088	0.732143	0.336252	-0.00695165	-0.935362	0.0131703	-0.353379	1.49822	-2.00688	1.33141	0.642643	0.0354108	0.855475	-0.312665	4.39952	-2.50668	3.97945	0.693695	-0.777441	-0.441047	
1486254871279	-2.11446	1.6343	-2.13696	1.76162	2.38103	-1.65872	-0.957787	-0.0600092	0.732143	0.336251	-0.00695138	-0.935362	0.0131704	-0.353379	1.52994	-2.00247	1.33526	0.652983	0.0312027	0.858117	-0.311771	4.39209	-2.56542	3.97235	0.695343	-0.774431	-0.441267	
1486254871379	-2.11446	1.6343	-2.13696	1.76162	2.38103	-1.65872	-0.957787	-0.0600088	0.732143	0.336251	-0.00695158	-0.935362	0.013171	-0.353378	1.50543	-2.00689	1.33707	0.644208	0.0317477	0.855954	-0.311947	4.39823	-2.52159	3.98236	0.693784	-0.775064	-0.439522	
1486254872099	-2.11446	1.6343	-2.13695	1.76162	2.38103	-1.65872	-0.957787	-0.0600073	0.732142	0.336248	-0.00695237	-0.935363	0.0131733	-0.353376	1.48916	-2.02302	1.33978	0.63519	0.0352657	0.853174	-0.312626	4.4168	-2.49223	4.00734	0.694123	-0.776982	-0.441736	
1486254872229	-2.11446	1.6343	-2.13695	1.76162	2.38103	-1.65872	-0.957787	-0.0600068	0.732142	0.336248	-0.00695309	-0.935363	0.0131734	-0.353375	1.49787	-2.01971	1.34388	0.646583	0.0319698	0.853629	-0.313699	4.43782	-2.50574	3.98895	0.693631	-0.776687	-0.441639	
1486254872459	-2.11446	1.6343	-2.13695	1.76162	2.38103	-1.65872	-0.957787	-0.0600065	0.732142	0.336247	-0.00695332	-0.935363	0.013174	-0.353375	1.52759	-2.01242	1.34339	0.652108	0.0259823	0.85389	-0.312553	4.41094	-2.56207	3.97572	0.694646	-0.769311	-0.44168	
1486254872583	-2.11446	1.6343	-2.13695	1.76162	2.38103	-1.65872	-0.957787	-0.0600058	0.732141	0.336248	-0.0069541	-0.935363	0.013174	-0.353375	1.50665	-2.00653	1.34631	0.639702	0.0293752	0.8543	-0.312156	4.391	-2.53506	3.99398	0.690095	-0.77247	-0.437967	
1486254872679	-2.11446	1.6343	-2.13695	1.76162	2.38103	-1.65872	-0.957787	-0.0600061	0.732142	0.336247	-0.00695355	-0.935363	0.0131745	-0.353374	1.48604	-1.99878	1.33293	0.638193	0.0375278	0.854195	-0.311749	4.38858	-2.49143	3.97893	0.688977	-0.778846	-0.437755	
1486254872699	-2.11446	1.6343	-2.13695	1.76162	2.38103	-1.65872	-0.957787	-0.0600053	0.732141	0.336247	-0.00695443	-0.935363	0.0131745	-0.353374	1.50767	-2.00634	1.34039	0.644772	0.0331786	0.854547	-0.312043	4.4015	-2.53071	3.98386	0.691164	-0.775656	-0.43966	
1486254873199	-2.11446	1.6343	-2.13694	1.76161	2.38103	-1.65872	-0.957787	-0.0600049	0.732141	0.336247	-0.00695464	-0.935364	0.0131751	-0.353374	1.47376	-2.01282	1.33981	0.634998	0.0372573	0.84968	-0.313573	4.4195	-2.47039	3.98973	0.687564	-0.778178	-0.439837	
1486254873494	-2.11446	1.6343	-2.13694	1.76161	2.38103	-1.65872	-0.957787	-0.0600046	0.732141	0.336246	-0.00695487	-0.935364	0.0131756	-0.353373	1.45996	-2.01592	1.34079	0.633896	0.0327938	0.847138	-0.314652	4.43257	-2.44125	3.98095	0.68764	-0.774904	-0.439097	
