time	
481.156	
481.156	
481.17	
481.184	
481.198	
481.198	
481.212	
481.226	
481.226	
481.24	
481.254	
481.268	
481.268	
481.282	
481.296	
481.296	
481.31	
481.324	
481.338	
481.338	
481.352	
481.366	
481.366	
481.38	
481.394	
481.408	
481.408	
481.422	
481.436	
481.436	
481.45	
481.464	
481.478	
481.478	
481.492	
481.506	
481.506	
481.52	
481.534	
481.548	
481.548	
481.562	
481.576	
481.576	
481.59	
481.604	
481.618	
481.618	
481.632	
481.646	
481.646	
481.66	
481.674	
481.688	
481.688	
481.702	
481.716	
481.716	
481.73	
481.744	
481.758	
481.758	
481.772	
481.786	
481.786	
481.8	
481.814	
481.828	
481.828	
481.842	
481.856	
481.856	
481.87	
481.884	
481.898	
481.898	
481.912	
481.926	
481.926	
481.94	
481.954	
481.968	
481.968	
481.982	
481.996	
481.996	
482.01	
482.024	
482.038	
482.038	
482.052	
482.066	
482.066	
482.08	
482.094	
482.108	
482.108	
482.122	
482.136	
482.136	
482.15	
482.164	
482.178	
482.178	
482.192	
482.206	
482.206	
482.22	
482.234	
482.248	
482.248	
482.262	
482.276	
482.276	
482.29	
482.304	
482.318	
482.318	
482.332	
482.346	
482.346	
482.36	
482.374	
482.388	
482.388	
482.402	
482.416	
482.416	
482.43	
482.444	
482.458	
482.458	
482.472	
482.486	
482.486	
482.5	
482.514	
482.528	
482.528	
482.542	
482.556	
482.556	
482.57	
482.584	
482.598	
482.598	
482.612	
482.626	
482.626	
482.64	
482.654	
482.668	
482.668	
482.682	
482.696	
482.696	
482.71	
482.724	
482.738	
482.738	
482.752	
482.766	
482.766	
482.78	
482.794	
482.808	
482.808	
482.822	
482.836	
482.836	
482.85	
482.864	
482.878	
482.878	
482.892	
482.906	
482.906	
482.92	
482.934	
482.948	
482.948	
482.962	
482.976	
482.976	
482.99	
483.004	
483.018	
483.018	
483.032	
483.046	
483.046	
483.06	
483.074	
483.088	
483.088	
483.102	
483.116	
483.116	
483.13	
483.144	
483.158	
483.158	
483.172	
483.186	
483.186	
483.2	
483.214	
483.228	
483.228	
483.242	
483.256	
483.256	
483.27	
483.284	
483.298	
483.298	
483.312	
483.326	
483.326	
483.34	
483.354	
483.368	
483.368	
483.382	
483.396	
483.396	
483.41	
483.424	
483.438	
483.438	
483.452	
483.466	
483.466	
483.48	
483.494	
483.508	
483.508	
483.522	
483.536	
483.536	
483.55	
483.564	
483.578	
483.578	
483.592	
483.606	
483.606	
483.62	
483.634	
483.648	
483.648	
483.662	
483.676	
483.676	
483.69	
483.704	
483.718	
483.718	
483.732	
483.746	
483.746	
483.76	
483.774	
483.788	
483.788	
483.802	
483.816	
483.816	
483.83	
483.844	
483.858	
483.858	
483.872	
483.886	
483.886	
483.9	
483.914	
483.928	
483.928	
483.942	
483.956	
483.956	
483.97	
483.984	
483.998	
483.998	
484.012	
484.026	
484.026	
484.04	
484.054	
484.068	
484.068	
484.082	
484.096	
484.096	
484.11	
484.124	
484.138	
484.138	
484.152	
484.166	
484.166	
484.18	
484.194	
484.208	
484.208	
484.222	
484.236	
484.236	
484.25	
484.264	
484.278	
484.278	
484.292	
484.306	
484.306	
484.32	
484.334	
484.348	
484.348	
484.362	
484.376	
484.376	
484.39	
484.404	
484.418	
484.418	
484.432	
484.446	
484.446	
484.46	
484.474	
484.488	
484.488	
484.502	
484.516	
484.516	
484.53	
484.544	
484.558	
484.558	
484.572	
484.586	
484.586	
484.6	
484.614	
484.628	
484.628	
484.642	
484.656	
484.656	
484.67	
484.684	
484.698	
484.698	
484.712	
484.726	
484.726	
484.74	
484.754	
484.768	
484.768	
484.782	
484.796	
484.796	
484.81	
484.824	
484.838	
484.838	
484.852	
484.866	
484.866	
484.88	
484.894	
484.908	
484.908	
484.922	
484.936	
484.936	
484.95	
484.964	
484.978	
484.978	
484.992	
485.006	
485.006	
485.02	
485.034	
485.048	
485.048	
485.062	
485.076	
485.076	
485.09	
485.104	
485.118	
485.118	
485.132	
485.146	
485.146	
485.16	
485.174	
485.188	
485.188	
485.202	
485.216	
485.216	
485.23	
485.244	
485.258	
485.258	
485.272	
485.286	
485.286	
485.3	
485.314	
485.328	
485.328	
485.342	
485.356	
485.356	
485.37	
485.384	
485.398	
485.398	
485.412	
485.426	
485.426	
485.44	
485.454	
485.468	
485.468	
485.482	
485.496	
485.496	
485.51	
485.524	
485.538	
485.538	
485.552	
485.566	
485.566	
485.58	
485.594	
485.608	
485.608	
485.622	
485.636	
485.636	
485.65	
485.664	
485.678	
485.678	
485.692	
485.706	
485.706	
485.72	
485.734	
485.748	
485.748	
485.762	
485.776	
485.776	
485.79	
485.804	
485.818	
485.818	
485.832	
485.846	
485.846	
485.86	
485.874	
485.888	
485.888	
485.902	
485.916	
485.916	
485.93	
485.944	
485.958	
485.958	
485.972	
485.986	
485.986	
486	
486.014	
486.028	
486.028	
486.042	
486.056	
486.056	
486.07	
486.084	
486.098	
486.098	
486.112	
486.126	
486.126	
486.14	
486.154	
486.168	
486.168	
486.182	
486.196	
486.196	
486.21	
486.224	
486.238	
486.238	
486.252	
486.266	
486.266	
486.28	
486.294	
486.308	
486.308	
486.322	
486.336	
486.336	
486.35	
486.364	
486.378	
486.378	
486.392	
486.406	
486.406	
486.42	
486.434	
486.448	
486.448	
486.462	
486.476	
486.476	
486.49	
486.504	
486.518	
486.518	
486.532	
486.546	
486.546	
486.56	
486.574	
486.588	
486.588	
486.602	
486.616	
486.616	
486.63	
486.644	
486.658	
486.658	
486.672	
486.686	
486.686	
486.7	
486.714	
486.728	
486.728	
486.742	
486.756	
486.756	
486.77	
486.784	
486.798	
486.798	
486.812	
486.826	
486.826	
486.84	
486.854	
486.868	
486.868	
486.882	
486.896	
486.896	
486.91	
486.924	
486.938	
486.938	
486.952	
486.966	
486.966	
486.98	
486.994	
487.008	
487.008	
487.022	
487.036	
487.036	
487.05	
487.064	
487.078	
487.078	
487.092	
487.106	
487.106	
487.12	
487.134	
487.148	
487.148	
487.162	
487.176	
487.176	
487.19	
487.204	
487.218	
487.218	
487.232	
487.246	
487.246	
487.26	
487.274	
487.288	
487.288	
487.302	
487.316	
487.316	
487.33	
487.344	
487.358	
487.358	
487.372	
487.386	
487.386	
487.4	
487.414	
487.428	
487.428	
487.442	
487.456	
487.456	
487.47	
487.484	
487.498	
487.498	
487.512	
487.526	
487.526	
487.54	
487.554	
487.568	
487.568	
487.582	
487.596	
487.596	
487.61	
487.624	
487.638	
487.638	
487.652	
487.666	
487.666	
487.68	
487.694	
487.708	
487.708	
487.722	
487.736	
487.736	
487.75	
487.764	
487.778	
487.778	
487.792	
487.806	
487.806	
487.82	
487.834	
487.848	
487.848	
487.862	
487.876	
487.876	
487.89	
487.904	
487.918	
487.918	
487.932	
487.946	
487.946	
487.96	
487.974	
487.988	
487.988	
488.002	
488.016	
488.016	
488.03	
488.044	
488.058	
488.058	
488.072	
488.086	
488.086	
488.1	
488.114	
488.128	
488.128	
488.142	
488.156	
488.156	
488.17	
488.184	
488.198	
488.198	
488.212	
488.226	
488.226	
488.24	
488.254	
488.268	
488.268	
488.282	
488.296	
488.296	
488.31	
488.324	
488.338	
488.338	
488.352	
488.366	
488.366	
488.38	
488.394	
488.408	
488.408	
488.422	
488.436	
488.436	
488.45	
488.464	
488.478	
488.478	
488.492	
488.506	
488.506	
488.52	
488.534	
488.548	
488.548	
488.562	
488.576	
488.576	
488.59	
488.604	
488.618	
488.618	
488.632	
488.646	
488.646	
488.66	
488.674	
488.688	
488.688	
488.702	
488.716	
488.716	
488.73	
488.744	
488.758	
488.758	
488.772	
488.786	
488.786	
488.8	
488.814	
488.828	
488.828	
488.842	
488.856	
488.856	
488.87	
488.884	
488.898	
488.898	
488.912	
488.926	
488.926	
488.94	
488.954	
488.968	
488.968	
488.982	
488.996	
488.996	
489.01	
489.024	
489.038	
489.038	
489.052	
489.066	
489.066	
489.08	
489.094	
489.108	
489.108	
489.122	
489.136	
489.136	
489.15	
489.164	
489.178	
489.178	
489.192	
489.206	
489.206	
489.22	
489.234	
489.248	
489.248	
489.262	
489.276	
489.276	
489.29	
489.304	
489.318	
489.318	
489.332	
489.346	
489.346	
489.36	
489.374	
489.388	
489.388	
489.402	
489.416	
489.416	
489.43	
489.444	
489.458	
489.458	
489.472	
489.486	
489.486	
489.5	
489.514	
489.528	
489.528	
489.542	
489.556	
489.556	
489.57	
489.584	
489.598	
489.598	
489.612	
489.626	
489.626	
489.64	
489.654	
489.668	
489.668	
489.682	
489.696	
489.696	
489.71	
489.724	
489.738	
489.738	
489.752	
489.766	
489.766	
489.78	
489.794	
489.808	
489.808	
489.822	
489.836	
489.836	
489.85	
489.864	
489.878	
489.878	
489.892	
489.906	
489.906	
489.92	
489.934	
489.948	
489.948	
489.962	
489.976	
489.976	
489.99	
490.004	
490.018	
490.018	
490.032	
490.046	
490.046	
490.06	
490.074	
490.088	
490.088	
490.102	
490.116	
490.116	
490.13	
490.144	
490.158	
490.158	
490.172	
490.186	
490.186	
490.2	
490.214	
490.228	
490.228	
490.242	
490.256	
490.256	
490.27	
490.284	
490.298	
490.298	
490.312	
490.326	
490.326	
490.34	
490.354	
490.368	
490.368	
490.382	
490.396	
490.396	
490.41	
490.424	
490.438	
490.438	
490.452	
490.466	
490.466	
490.48	
490.494	
490.508	
490.508	
490.522	
490.536	
490.536	
490.55	
490.564	
490.578	
490.578	
490.592	
490.606	
490.606	
490.62	
490.634	
490.648	
490.648	
490.662	
490.676	
490.676	
490.69	
490.704	
490.718	
490.718	
490.732	
490.746	
490.746	
490.76	
490.774	
490.788	
490.788	
490.802	
490.816	
490.816	
490.83	
490.844	
490.858	
490.858	
490.872	
490.886	
490.886	
490.9	
490.914	
490.928	
490.928	
490.942	
490.956	
490.956	
490.97	
490.984	
490.998	
490.998	
491.012	
491.026	
491.026	
491.04	
491.054	
491.068	
491.068	
491.082	
491.096	
491.096	
491.11	
491.124	
491.138	
491.138	
491.152	
491.166	
491.166	
491.18	
491.194	
491.208	
491.208	
491.222	
491.236	
491.236	
491.25	
491.264	
491.278	
491.278	
491.292	
491.306	
491.306	
491.32	
491.334	
491.348	
491.348	
491.362	
491.376	
491.376	
491.39	
491.404	
491.418	
491.418	
491.432	
491.446	
491.446	
491.46	
491.474	
491.488	
491.488	
491.502	
491.516	
491.516	
491.53	
491.544	
491.558	
491.558	
491.572	
491.586	
491.586	
491.6	
491.614	
491.628	
491.628	
491.642	
491.656	
491.656	
491.67	
491.684	
491.698	
491.698	
491.712	
491.726	
491.726	
491.74	
491.754	
491.768	
491.768	
491.782	
491.796	
491.796	
491.81	
491.824	
491.838	
491.838	
491.852	
491.866	
491.866	
491.88	
491.894	
491.908	
491.908	
491.922	
491.936	
491.936	
491.95	
491.964	
491.978	
491.978	
491.992	
492.006	
492.006	
492.02	
492.034	
492.048	
492.048	
492.062	
492.076	
492.076	
492.09	
492.104	
492.118	
492.118	
492.132	
492.146	
492.146	
492.16	
492.174	
492.188	
492.188	
492.202	
492.216	
492.216	
492.23	
492.244	
492.258	
492.258	
492.272	
492.286	
492.286	
492.3	
492.314	
492.328	
492.328	
492.342	
492.356	
492.356	
492.37	
492.384	
492.398	
492.398	
492.412	
492.426	
492.426	
492.44	
492.454	
492.468	
492.468	
492.482	
492.496	
492.496	
492.51	
492.524	
492.538	
492.538	
492.552	
492.566	
492.566	
492.58	
492.594	
492.608	
492.608	
492.622	
492.636	
492.636	
492.65	
492.664	
492.678	
492.678	
492.692	
492.706	
492.706	
492.72	
492.734	
492.748	
492.748	
492.762	
492.776	
492.776	
492.79	
492.804	
492.818	
492.818	
492.832	
492.846	
492.846	
492.86	
492.874	
492.888	
492.888	
492.902	
492.916	
492.916	
492.93	
492.944	
492.958	
492.958	
492.972	
492.986	
492.986	
493	
493.014	
493.028	
493.028	
493.042	
493.056	
493.056	
493.07	
493.084	
493.098	
493.098	
493.112	
493.126	
493.126	
493.14	
493.154	
493.168	
493.168	
493.182	
493.196	
493.196	
493.21	
493.224	
493.238	
493.238	
493.252	
493.266	
493.266	
493.28	
493.294	
493.308	
493.308	
493.322	
493.336	
493.336	
493.35	
493.364	
493.378	
493.378	
493.392	
493.406	
493.406	
493.42	
493.434	
493.448	
493.448	
493.462	
493.476	
493.476	
493.49	
493.504	
493.518	
493.518	
493.532	
493.546	
493.546	
493.56	
493.574	
493.588	
493.588	
493.602	
493.616	
493.616	
493.63	
493.644	
493.658	
493.658	
493.672	
493.686	
493.686	
493.7	
493.714	
493.728	
493.728	
493.742	
493.756	
493.756	
493.77	
493.784	
493.798	
493.798	
493.812	
493.826	
493.826	
493.84	
493.854	
493.868	
493.868	
493.882	
493.896	
493.896	
493.91	
493.924	
493.938	
493.938	
493.952	
493.966	
493.966	
493.98	
493.994	
494.008	
494.008	
494.022	
494.036	
494.036	
494.05	
494.064	
494.078	
494.078	
494.092	
494.106	
494.106	
494.12	
494.134	
