time	joint_joint0	joint_joint1	joint_joint2	joint_joint3	joint_joint4	joint_joint5	joint_joint6	cart_pos_x	cart_pos_y	cart_pos_z	cart_quat_x	cart_quat_y	cart_quat_z	cart_quat_w	force_joint_joint0	force_joint_joint1	force_joint_joint2	force_joint_joint3	force_joint_joint4	force_joint_joint5	force_joint_joint6	cart_force_x	cart_force_y	cart_force_z	cart_trq_x	cart_trq_y	cart_trq_z	
1486253514626	-2.11231	1.63433	-2.13733	1.76072	2.38065	-1.65816	-0.957766	-0.0593611	0.732312	0.336958	-0.00708471	-0.934971	0.0131932	-0.354408	0.53203	-1.5551	0.808321	0.823669	0.206058	0.171923	-0.35364	5.14822	-0.715817	1.27334	0.21945	-0.566101	-0.509553	
1486253515416	-2.11244	1.63433	-2.13732	1.76072	2.38082	-1.65817	-0.957768	-0.0594062	0.732327	0.336895	-0.00703054	-0.935012	0.0131467	-0.354301	0.763245	-1.60903	0.837991	0.900568	0.162663	0.29043	-0.353186	5.17537	-1.03838	1.47169	0.323838	-0.59826	-0.514143	
1486253515438	-2.11257	1.63433	-2.13732	1.76072	2.38083	-1.65817	-0.957768	-0.0594062	0.732327	0.336895	-0.00703054	-0.935012	0.0131467	-0.354301	0.754596	-1.60454	0.839518	0.878445	0.169159	0.325097	-0.351701	5.1055	-1.02429	1.5812	0.340679	-0.621107	-0.506854	
1486253515538	-2.11322	1.63434	-2.13732	1.76081	2.38086	-1.65819	-0.957768	-0.0595517	0.73235	0.336698	-0.00692468	-0.935088	0.0131833	-0.354102	0.947599	-1.82462	1.02068	0.793769	0.129739	0.527155	-0.350645	5.04297	-1.3757	2.51429	0.489803	-0.703989	-0.498237	
1486253516417	-2.11439	1.63436	-2.13732	1.76167	2.38102	-1.65868	-0.957768	-0.0600914	0.732245	0.336357	-0.00683187	-0.935313	0.013075	-0.353513	1.30487	-2.09463	1.26526	0.460752	0.0946754	0.875544	-0.326881	4.19541	-2.18409	4.32836	0.718462	-0.815192	-0.466322	
1486253516916	-2.11439	1.63436	-2.13732	1.76166	2.38102	-1.65868	-0.957768	-0.0600903	0.732246	0.336352	-0.00682965	-0.935314	0.0130795	-0.35351	1.40904	-2.09694	1.30058	0.54532	0.0653982	0.910256	-0.29219	4.28341	-2.2804	4.31515	0.755937	-0.820008	-0.432586	
1486253517048	-2.11439	1.63436	-2.13732	1.76165	2.38102	-1.65868	-0.957768	-0.06009	0.732247	0.336351	-0.00682847	-0.935315	0.0130812	-0.353509	1.45156	-2.06026	1.26669	0.610778	0.05886	0.919086	-0.293263	4.34007	-2.30403	4.15926	0.76732	-0.82334	-0.435097	
1486253517516	-2.11439	1.63435	-2.13732	1.76164	2.38102	-1.65868	-0.957768	-0.0600903	0.73225	0.336343	-0.00682355	-0.935317	0.0130867	-0.353503	1.42374	-2.02918	1.23598	0.620507	0.0497635	0.871445	-0.29791	4.34272	-2.25787	3.9685	0.739388	-0.787687	-0.441028	
1486253518546	-2.11439	1.63435	-2.13732	1.76162	2.38102	-1.65868	-0.95777	-0.0600896	0.732252	0.336339	-0.00681952	-0.935318	0.0130917	-0.353499	1.43301	-2.03324	1.24214	0.611804	0.0525675	0.875049	-0.301501	4.32721	-2.29116	4.00343	0.738501	-0.790525	-0.444749	
1486253518826	-2.11439	1.63435	-2.13732	1.76162	2.38102	-1.65868	-0.95777	-0.0600895	0.732253	0.336338	-0.0068189	-0.935319	0.0130926	-0.353498	1.41895	-2.0358	1.24009	0.609202	0.0555327	0.871882	-0.301484	4.33755	-2.26425	4.00088	0.736666	-0.791822	-0.444977	
1486253518917	-2.11439	1.63435	-2.13732	1.76162	2.38102	-1.65868	-0.95777	-0.0600895	0.732253	0.336338	-0.0068189	-0.935319	0.0130926	-0.353498	1.37388	-2.04403	1.23437	0.590596	0.0617447	0.868198	-0.301288	4.3381	-2.18082	4.02021	0.735157	-0.795327	-0.443851	
1486253519009	-2.11439	1.63435	-2.13732	1.76162	2.38102	-1.65868	-0.95777	-0.0600894	0.732253	0.336338	-0.00681929	-0.935319	0.0130934	-0.353499	1.40545	-2.03047	1.23263	0.60489	0.0553611	0.873093	-0.300462	4.32193	-2.23427	3.99483	0.738145	-0.791862	-0.4427	
1486253519616	-2.11439	1.63435	-2.13732	1.76162	2.38102	-1.65868	-0.95777	-0.0600892	0.732254	0.336336	-0.0068177	-0.935319	0.0130943	-0.353497	1.38984	-2.0443	1.23485	0.598436	0.0560567	0.869794	-0.302453	4.34328	-2.20531	4.0083	0.738342	-0.791746	-0.44531	
1486253520006	-2.11439	1.63435	-2.13732	1.76161	2.38102	-1.65868	-0.95777	-0.0600892	0.732254	0.336335	-0.00681739	-0.935319	0.0130948	-0.353496	1.3997	-2.0562	1.24257	0.595083	0.0562493	0.871293	-0.302285	4.34771	-2.22712	4.03812	0.740403	-0.792242	-0.4469	
1486253520366	-2.11439	1.63435	-2.13732	1.76161	2.38102	-1.65868	-0.95777	-0.0600891	0.732254	0.336335	-0.00681711	-0.935319	0.0130952	-0.353496	1.37252	-2.03223	1.23823	0.594754	0.059118	0.869409	-0.302215	4.33605	-2.18335	4.00624	0.731823	-0.795528	-0.441014	
1486253520376	-2.11439	1.63435	-2.13732	1.76161	2.38102	-1.65868	-0.95777	-0.0600891	0.732254	0.336335	-0.00681711	-0.935319	0.0130952	-0.353496	1.37252	-2.03223	1.23823	0.594754	0.059118	0.869409	-0.302215	4.33605	-2.18335	4.00624	0.731823	-0.795528	-0.441014	
1486253520406	-2.11439	1.63435	-2.13732	1.76161	2.38102	-1.65868	-0.95777	-0.060089	0.732255	0.336335	-0.00681683	-0.93532	0.0130956	-0.353496	1.37434	-2.03917	1.2354	0.590851	0.0619659	0.867685	-0.300574	4.33187	-2.18469	4.01667	0.733111	-0.795163	-0.442369	
1486253521086	-2.11439	1.63435	-2.13732	1.76161	2.38102	-1.65868	-0.95777	-0.0600888	0.732255	0.336334	-0.0068166	-0.93532	0.0130972	-0.353496	1.37327	-2.03824	1.24363	0.590255	0.0609857	0.866245	-0.305432	4.34299	-2.19647	4.01846	0.728113	-0.795278	-0.444771	
1486253521227	-2.11439	1.63435	-2.13732	1.76161	2.38102	-1.65868	-0.95777	-0.0600889	0.732255	0.336334	-0.00681621	-0.93532	0.0130964	-0.353495	1.35744	-2.03107	1.23267	0.584884	0.0616893	0.866025	-0.302298	4.3195	-2.15933	4.00772	0.729468	-0.794389	-0.441108	
1486253521417	-2.11439	1.63435	-2.13732	1.76161	2.38102	-1.65868	-0.95777	-0.0600888	0.732255	0.336333	-0.00681588	-0.93532	0.0130969	-0.353495	1.37171	-2.02947	1.23112	0.582055	0.0595258	0.866735	-0.303316	4.29575	-2.19069	4.01157	0.730318	-0.790625	-0.443063	
1486253521536	-2.11439	1.63435	-2.13732	1.76161	2.38102	-1.65868	-0.95777	-0.0600887	0.732255	0.336333	-0.00681627	-0.93532	0.0130977	-0.353495	1.39357	-2.05412	1.24626	0.591611	0.0554795	0.867308	-0.301292	4.34328	-2.2216	4.03648	0.736296	-0.789599	-0.444799	
