time	
2353.9	
2353.92	
2353.92	
2353.93	
2353.94	
2353.96	
2353.96	
2353.97	
2353.99	
2353.99	
2354	
2354.01	
2354.03	
2354.03	
2354.04	
2354.06	
2354.06	
2354.07	
2354.08	
2354.1	
2354.1	
2354.11	
2354.13	
2354.13	
2354.14	
2354.15	
2354.17	
2354.17	
2354.18	
2354.2	
2354.2	
2354.21	
2354.22	
2354.24	
2354.24	
2354.25	
2354.27	
2354.27	
2354.28	
2354.29	
2354.31	
2354.31	
2354.32	
2354.34	
2354.34	
2354.35	
2354.36	
2354.38	
2354.38	
2354.39	
2354.41	
2354.41	
2354.42	
2354.43	
2354.45	
2354.45	
2354.46	
2354.48	
2354.48	
2354.49	
2354.5	
2354.52	
2354.52	
2354.53	
2354.55	
2354.55	
2354.56	
2354.57	
2354.59	
2354.59	
2354.6	
2354.62	
2354.62	
2354.63	
2354.64	
2354.66	
2354.66	
2354.67	
2354.69	
2354.69	
2354.7	
2354.71	
2354.73	
2354.73	
2354.74	
2354.76	
2354.76	
2354.77	
2354.78	
2354.8	
2354.8	
2354.81	
2354.83	
2354.83	
2354.84	
2354.85	
2354.87	
2354.87	
2354.88	
2354.9	
2354.91	
2354.91	
2354.92	
2354.94	
2354.94	
2354.95	
2354.97	
2354.97	
2354.98	
2354.99	
2355.01	
2355.01	
2355.02	
2355.04	
2355.04	
2355.05	
2355.06	
2355.08	
2355.08	
2355.09	
2355.11	
2355.11	
2355.12	
2355.13	
2355.15	
2355.15	
2355.16	
2355.18	
2355.18	
2355.19	
2355.2	
2355.22	
2355.22	
2355.23	
2355.25	
2355.25	
2355.26	
2355.27	
2355.29	
2355.29	
2355.3	
2355.32	
2355.32	
2355.33	
2355.34	
2355.36	
2355.36	
2355.37	
2355.39	
2355.39	
2355.4	
2355.41	
2355.43	
2355.43	
2355.44	
2355.46	
2355.46	
2355.47	
2355.48	
2355.5	
2355.5	
2355.51	
2355.53	
2355.53	
2355.54	
2355.55	
2355.57	
2355.57	
2355.58	
2355.6	
2355.6	
2355.61	
2355.62	
2355.64	
2355.64	
2355.65	
2355.67	
2355.67	
2355.68	
2355.69	
2355.71	
2355.71	
2355.72	
2355.74	
2355.74	
2355.75	
2355.76	
2355.78	
2355.78	
2355.79	
2355.81	
2355.81	
2355.82	
2355.83	
2355.85	
2355.85	
2355.86	
2355.88	
2355.88	
2355.89	
2355.9	
2355.92	
2355.92	
2355.93	
2355.95	
2355.95	
2355.96	
2355.97	
2355.99	
2355.99	
2356	
2356.02	
2356.02	
2356.03	
2356.04	
2356.06	
2356.06	
2356.07	
2356.09	
2356.09	
2356.1	
2356.11	
2356.13	
2356.13	
2356.14	
2356.16	
2356.16	
2356.17	
2356.18	
2356.2	
2356.2	
2356.21	
2356.23	
2356.23	
2356.24	
2356.25	
2356.27	
2356.27	
2356.28	
2356.3	
2356.3	
2356.31	
2356.32	
2356.34	
2356.34	
2356.35	
2356.37	
2356.37	
2356.38	
2356.39	
2356.41	
2356.41	
2356.42	
2356.44	
2356.44	
2356.45	
2356.46	
2356.48	
2356.48	
2356.49	
2356.51	
2356.51	
2356.52	
2356.53	
2356.55	
2356.55	
2356.56	
2356.58	
2356.58	
2356.59	
2356.6	
2356.62	
2356.62	
2356.63	
2356.65	
2356.65	
2356.66	
2356.67	
2356.69	
2356.69	
2356.7	
2356.72	
2356.72	
2356.73	
2356.74	
2356.76	
2356.76	
2356.77	
2356.79	
2356.79	
2356.8	
2356.81	
2356.83	
2356.83	
2356.84	
2356.86	
2356.86	
2356.87	
2356.88	
2356.9	
2356.9	
2356.91	
2356.93	
2356.93	
2356.94	
2356.95	
2356.97	
2356.97	
2356.98	
2357	
2357	
2357.01	
2357.02	
2357.04	
2357.04	
2357.05	
2357.07	
2357.07	
2357.08	
2357.09	
2357.11	
2357.11	
2357.12	
2357.14	
2357.14	
2357.15	
2357.16	
2357.18	
2357.18	
2357.19	
2357.21	
2357.21	
2357.22	
2357.23	
2357.25	
2357.25	
2357.26	
2357.28	
2357.28	
2357.29	
2357.3	
2357.32	
2357.32	
2357.33	
2357.35	
2357.35	
2357.36	
2357.37	
2357.39	
2357.39	
2357.4	
2357.42	
2357.42	
2357.43	
2357.44	
2357.46	
2357.46	
2357.47	
2357.49	
2357.49	
2357.5	
2357.51	
2357.53	
2357.53	
2357.54	
2357.56	
2357.56	
2357.57	
2357.58	
2357.6	
2357.6	
2357.61	
2357.63	
2357.63	
2357.64	
2357.65	
2357.67	
2357.67	
2357.68	
2357.7	
2357.7	
2357.71	
2357.72	
2357.74	
2357.74	
2357.75	
2357.77	
2357.77	
2357.78	
2357.79	
2357.81	
2357.81	
2357.82	
2357.84	
2357.84	
2357.85	
2357.86	
2357.88	
2357.88	
2357.89	
2357.91	
2357.91	
2357.92	
2357.93	
2357.95	
2357.95	
2357.96	
2357.98	
2357.98	
2357.99	
2358	
2358.02	
2358.02	
2358.03	
2358.05	
2358.05	
2358.06	
2358.07	
2358.09	
2358.09	
2358.1	
2358.12	
2358.12	
2358.13	
2358.14	
2358.16	
2358.16	
2358.17	
2358.19	
2358.19	
2358.2	
2358.21	
2358.23	
2358.23	
2358.24	
2358.26	
2358.26	
2358.27	
2358.28	
2358.3	
2358.3	
2358.31	
2358.33	
2358.33	
2358.34	
2358.35	
2358.37	
2358.37	
2358.38	
2358.4	
2358.4	
2358.41	
2358.42	
2358.44	
2358.44	
2358.45	
2358.47	
2358.47	
2358.48	
2358.49	
2358.51	
2358.51	
2358.52	
2358.54	
2358.54	
2358.55	
2358.56	
2358.58	
2358.58	
2358.59	
2358.61	
2358.61	
2358.62	
2358.63	
2358.65	
2358.65	
2358.66	
2358.68	
2358.68	
2358.69	
2358.7	
2358.72	
2358.72	
2358.73	
2358.75	
2358.75	
2358.76	
2358.77	
2358.79	
2358.79	
2358.8	
2358.82	
2358.82	
2358.83	
2358.84	
2358.86	
2358.86	
2358.87	
2358.89	
2358.89	
2358.9	
2358.91	
2358.93	
2358.93	
2358.94	
2358.96	
2358.96	
2358.97	
2358.98	
2359	
2359	
2359.01	
2359.03	
2359.03	
2359.04	
2359.05	
2359.07	
2359.07	
2359.08	
2359.1	
2359.1	
2359.11	
2359.12	
2359.14	
2359.14	
2359.15	
2359.17	
2359.17	
2359.18	
2359.19	
2359.21	
2359.21	
2359.22	
2359.24	
2359.24	
2359.25	
2359.26	
2359.28	
2359.28	
2359.29	
2359.31	
2359.31	
2359.32	
2359.33	
2359.35	
2359.35	
2359.36	
2359.38	
2359.38	
2359.39	
2359.4	
2359.42	
2359.42	
2359.43	
2359.45	
2359.45	
2359.46	
2359.47	
2359.49	
2359.49	
2359.5	
2359.52	
2359.52	
2359.53	
2359.54	
2359.56	
2359.56	
2359.57	
2359.59	
2359.59	
2359.6	
2359.61	
2359.63	
2359.63	
2359.64	
2359.66	
2359.66	
2359.67	
2359.68	
2359.7	
2359.7	
2359.71	
2359.73	
2359.73	
2359.74	
2359.75	
2359.77	
2359.77	
2359.78	
2359.8	
2359.8	
2359.81	
2359.82	
2359.84	
2359.84	
2359.85	
2359.87	
2359.87	
2359.88	
2359.89	
2359.91	
2359.91	
2359.92	
2359.94	
2359.94	
2359.95	
2359.96	
2359.98	
2359.98	
2359.99	
2360.01	
2360.01	
2360.02	
2360.03	
2360.05	
2360.05	
2360.06	
2360.08	
2360.08	
2360.09	
2360.1	
2360.12	
2360.12	
2360.13	
2360.15	
2360.15	
2360.16	
2360.17	
2360.19	
2360.19	
2360.2	
2360.22	
2360.22	
2360.23	
2360.24	
2360.26	
2360.26	
2360.27	
2360.29	
2360.29	
2360.3	
2360.31	
2360.33	
2360.33	
2360.34	
2360.36	
2360.36	
2360.37	
2360.38	
2360.4	
2360.4	
2360.41	
2360.43	
2360.43	
2360.44	
2360.45	
2360.47	
2360.47	
2360.48	
2360.5	
2360.5	
2360.51	
2360.52	
2360.54	
2360.54	
2360.55	
2360.57	
2360.57	
2360.58	
2360.59	
2360.61	
2360.61	
2360.62	
2360.64	
2360.64	
2360.65	
2360.66	
2360.68	
2360.68	
2360.69	
2360.71	
2360.71	
2360.72	
2360.73	
2360.75	
2360.75	
2360.76	
2360.78	
2360.78	
2360.79	
2360.8	
2360.82	
2360.82	
2360.83	
2360.85	
2360.85	
2360.86	
2360.87	
2360.89	
2360.89	
2360.9	
2360.92	
2360.92	
2360.93	
2360.94	
2360.96	
2360.96	
2360.97	
2360.99	
2360.99	
2361	
2361.01	
2361.03	
2361.03	
2361.04	
2361.06	
2361.06	
2361.07	
2361.08	
2361.1	
2361.1	
2361.11	
2361.13	
2361.13	
2361.14	
2361.15	
2361.17	
2361.17	
2361.18	
2361.2	
2361.2	
2361.21	
2361.22	
2361.24	
2361.24	
2361.25	
2361.27	
2361.27	
2361.28	
2361.29	
2361.31	
2361.31	
2361.32	
2361.34	
2361.34	
2361.35	
2361.36	
2361.38	
2361.38	
2361.39	
2361.41	
2361.41	
2361.42	
2361.43	
2361.45	
2361.45	
2361.46	
2361.48	
2361.48	
2361.49	
2361.5	
2361.52	
2361.52	
2361.53	
2361.55	
2361.55	
2361.56	
2361.57	
2361.59	
2361.59	
2361.6	
2361.62	
2361.62	
2361.63	
2361.64	
2361.66	
2361.66	
2361.67	
2361.69	
2361.69	
2361.7	
2361.71	
2361.73	
2361.73	
2361.74	
2361.76	
2361.76	
2361.77	
2361.78	
2361.8	
2361.8	
2361.81	
2361.83	
2361.83	
2361.84	
2361.85	
2361.87	
2361.87	
2361.88	
2361.9	
2361.9	
2361.91	
2361.92	
2361.94	
2361.94	
2361.95	
2361.97	
2361.97	
2361.98	
2361.99	
2362.01	
2362.01	
2362.02	
2362.04	
2362.04	
2362.05	
2362.06	
2362.08	
2362.08	
2362.09	
2362.11	
2362.11	
2362.12	
2362.13	
2362.15	
2362.15	
2362.16	
2362.18	
2362.18	
2362.19	
2362.2	
2362.22	
2362.22	
2362.23	
2362.25	
2362.25	
2362.26	
2362.27	
2362.29	
2362.29	
2362.3	
2362.32	
2362.32	
2362.33	
2362.34	
2362.36	
2362.36	
2362.37	
2362.39	
2362.39	
2362.4	
2362.41	
2362.43	
2362.43	
2362.44	
2362.46	
2362.46	
2362.47	
2362.48	
2362.5	
2362.5	
2362.51	
2362.53	
2362.53	
2362.54	
2362.55	
2362.57	
2362.57	
2362.58	
2362.6	
2362.6	
2362.61	
2362.62	
2362.64	
2362.64	
2362.65	
2362.67	
2362.67	
2362.68	
2362.69	
2362.71	
2362.71	
2362.72	
2362.74	
2362.74	
2362.75	
2362.76	
2362.78	
2362.78	
2362.79	
2362.81	
2362.81	
2362.82	
2362.83	
2362.85	
2362.85	
2362.86	
2362.88	
2362.88	
2362.89	
2362.9	
2362.92	
2362.92	
2362.93	
2362.95	
2362.95	
2362.96	
2362.97	
2362.99	
2362.99	
2363	
2363.02	
2363.02	
2363.03	
2363.04	
2363.06	
2363.06	
2363.07	
2363.09	
2363.09	
2363.1	
2363.11	
2363.13	
2363.13	
2363.14	
2363.16	
2363.16	
2363.17	
2363.18	
2363.2	
2363.2	
2363.21	
2363.23	
2363.23	
2363.24	
2363.25	
2363.27	
2363.27	
2363.28	
2363.3	
2363.3	
2363.31	
2363.32	
2363.34	
2363.34	
2363.35	
2363.37	
2363.37	
2363.38	
2363.39	
2363.41	
2363.41	
2363.42	
2363.44	
2363.44	
2363.45	
2363.46	
2363.48	
2363.48	
2363.49	
2363.51	
2363.51	
2363.52	
2363.53	
2363.55	
2363.55	
2363.56	
2363.58	
2363.58	
2363.59	
2363.6	
2363.62	
2363.62	
2363.63	
2363.65	
2363.65	
2363.66	
2363.67	
2363.69	
2363.69	
2363.7	
2363.72	
2363.72	
2363.73	
2363.74	
2363.76	
2363.76	
2363.77	
2363.79	
2363.79	
2363.8	
2363.81	
2363.83	
2363.83	
2363.84	
2363.86	
2363.86	
2363.87	
2363.88	
2363.9	
2363.9	
2363.91	
2363.93	
2363.93	
2363.94	
2363.95	
2363.97	
2363.97	
2363.98	
2364	
2364	
2364.01	
2364.02	
2364.04	
2364.04	
2364.05	
2364.07	
2364.07	
2364.08	
2364.09	
2364.11	
2364.11	
2364.12	
2364.14	
2364.14	
2364.15	
2364.16	
2364.18	
2364.18	
2364.19	
2364.21	
2364.21	
2364.22	
2364.23	
2364.25	
2364.25	
2364.26	
2364.28	
2364.28	
2364.29	
2364.3	
2364.32	
2364.32	
2364.33	
2364.35	
2364.35	
2364.36	
2364.37	
2364.39	
2364.39	
2364.4	
2364.42	
2364.42	
2364.43	
2364.44	
2364.46	
2364.46	
2364.47	
2364.49	
2364.49	
2364.5	
2364.51	
2364.53	
2364.53	
2364.54	
2364.56	
2364.56	
2364.57	
2364.58	
2364.6	
2364.6	
2364.61	
2364.63	
2364.63	
2364.64	
2364.65	
2364.67	
2364.67	
2364.68	
2364.7	
2364.7	
2364.71	
2364.72	
2364.74	
2364.74	
2364.75	
2364.77	
2364.77	
2364.78	
2364.79	
2364.81	
2364.81	
2364.82	
2364.84	
2364.84	
2364.85	
2364.86	
2364.88	
2364.88	
2364.89	
2364.91	
2364.91	
2364.92	
2364.93	
2364.95	
2364.95	
2364.96	
2364.98	
2364.98	
2364.99	
2365	
2365.02	
2365.02	
2365.03	
2365.05	
2365.05	
2365.06	
2365.07	
2365.09	
2365.09	
2365.1	
2365.12	
2365.12	
2365.13	
2365.14	
2365.16	
2365.16	
2365.17	
2365.19	
2365.19	
2365.2	
2365.21	
2365.23	
2365.23	
2365.24	
2365.26	
2365.26	
2365.27	
2365.28	
2365.3	
2365.3	
2365.31	
2365.33	
2365.33	
2365.34	
2365.35	
2365.37	
2365.37	
2365.38	
2365.4	
2365.4	
2365.41	
2365.42	
2365.44	
2365.44	
2365.45	
2365.47	
2365.47	
2365.48	
2365.49	
2365.51	
2365.51	
2365.52	
2365.54	
2365.54	
2365.55	
2365.56	
2365.58	
2365.58	
2365.59	
2365.61	
2365.61	
2365.62	
2365.63	
2365.65	
2365.65	
2365.66	
2365.68	
2365.68	
2365.69	
2365.7	
2365.72	
2365.72	
2365.73	
2365.75	
2365.75	
2365.76	
2365.77	
2365.79	
2365.79	
2365.8	
2365.82	
2365.82	
2365.83	
2365.84	
2365.86	
2365.86	
2365.87	
2365.89	
2365.89	
2365.9	
2365.91	
2365.93	
2365.93	
2365.94	
2365.96	
2365.96	
2365.97	
2365.98	
2366	
2366	
2366.01	
2366.03	
2366.03	
2366.04	
2366.05	
2366.07	
2366.07	
2366.08	
2366.1	
2366.1	
2366.11	
2366.12	
2366.14	
2366.14	
2366.15	
2366.17	
2366.17	
2366.18	
2366.19	
2366.21	
2366.21	
2366.22	
2366.24	
2366.24	
2366.25	
2366.26	
2366.28	
2366.28	
2366.29	
2366.31	
2366.31	
2366.32	
2366.33	
2366.35	
2366.35	
2366.36	
2366.38	
2366.38	
2366.39	
2366.4	
2366.42	
2366.42	
2366.43	
2366.45	
2366.45	
2366.46	
2366.47	
2366.49	
2366.49	
2366.5	
2366.52	
2366.52	
2366.53	
2366.54	
2366.56	
2366.56	
2366.57	
2366.59	
2366.59	
2366.6	
2366.61	
2366.63	
2366.63	
2366.64	
2366.66	
2366.66	
2366.67	
2366.68	
2366.7	
2366.7	
2366.71	
2366.73	
2366.73	
2366.74	
2366.75	
2366.77	
2366.77	
2366.78	
2366.8	
2366.8	
2366.81	
2366.82	
2366.84	
2366.84	
2366.85	
2366.87	
2366.87	
