time	
365.932	
365.932	
365.946	
365.96	
365.96	
365.974	
365.988	
366.002	
366.002	
366.016	
366.03	
366.03	
366.044	
366.058	
366.072	
366.072	
366.086	
366.1	
366.1	
366.114	
366.128	
366.142	
366.142	
366.156	
366.17	
366.17	
366.184	
366.198	
366.212	
366.212	
366.226	
366.24	
366.24	
366.254	
366.268	
366.282	
366.282	
366.296	
366.31	
366.31	
366.324	
366.338	
366.352	
366.352	
366.366	
366.38	
366.38	
366.394	
366.408	
366.422	
366.422	
366.436	
366.45	
366.45	
366.464	
366.478	
366.492	
366.492	
366.506	
366.52	
366.52	
366.534	
366.548	
366.562	
366.562	
366.576	
366.59	
366.59	
366.604	
366.618	
366.632	
366.632	
366.646	
366.66	
366.66	
366.674	
366.688	
366.702	
366.702	
366.716	
366.73	
366.73	
366.744	
366.758	
366.772	
366.772	
366.786	
366.8	
366.8	
366.814	
366.828	
366.842	
366.842	
366.856	
366.87	
366.87	
366.884	
366.898	
366.912	
366.912	
366.926	
366.94	
366.94	
366.954	
366.968	
366.982	
366.982	
366.996	
367.01	
367.01	
367.024	
367.038	
367.052	
367.052	
367.066	
367.08	
367.08	
367.094	
367.108	
367.122	
367.122	
367.136	
367.15	
367.15	
367.164	
367.178	
367.192	
367.192	
367.206	
367.22	
367.22	
367.234	
367.248	
367.262	
367.262	
367.276	
367.29	
367.29	
367.304	
367.318	
367.332	
367.332	
367.346	
367.36	
367.36	
367.374	
367.388	
367.402	
367.402	
367.416	
367.43	
367.43	
367.444	
367.458	
367.472	
367.472	
367.486	
367.5	
367.5	
367.514	
367.528	
367.542	
367.542	
367.556	
367.57	
367.57	
367.584	
367.598	
367.612	
367.612	
367.626	
367.64	
367.64	
367.654	
367.668	
367.682	
367.682	
367.696	
367.71	
367.71	
367.724	
367.738	
367.752	
367.752	
367.766	
367.78	
367.78	
367.794	
367.808	
367.822	
367.822	
367.836	
367.85	
367.85	
367.864	
367.878	
367.892	
367.892	
367.906	
367.92	
367.92	
367.934	
367.948	
367.962	
367.962	
367.976	
367.99	
367.99	
368.004	
368.018	
368.032	
368.032	
368.046	
368.06	
368.06	
368.074	
368.088	
368.102	
368.102	
368.116	
368.13	
368.13	
368.144	
368.158	
368.172	
368.172	
368.186	
368.2	
368.2	
368.214	
368.228	
368.242	
368.242	
368.256	
368.27	
368.27	
368.284	
368.298	
368.312	
368.312	
368.326	
368.34	
368.34	
368.354	
368.368	
368.382	
368.382	
368.396	
368.41	
368.41	
368.424	
368.438	
368.452	
368.452	
368.466	
368.48	
368.48	
368.494	
368.508	
368.522	
368.522	
368.536	
368.55	
368.55	
368.564	
368.578	
368.592	
368.592	
368.606	
368.62	
368.62	
368.634	
368.648	
368.662	
368.662	
368.676	
368.69	
368.69	
368.704	
368.718	
368.732	
368.732	
368.746	
368.76	
368.76	
368.774	
368.788	
368.802	
368.802	
368.816	
368.83	
368.83	
368.844	
368.858	
368.872	
368.872	
368.886	
368.9	
368.9	
368.914	
368.928	
368.942	
368.942	
368.956	
368.97	
368.97	
368.984	
368.998	
369.012	
369.012	
369.026	
369.04	
369.04	
369.054	
369.068	
369.082	
369.082	
369.096	
369.11	
369.11	
369.124	
369.138	
369.152	
369.152	
369.166	
369.18	
369.18	
369.194	
369.208	
369.222	
369.222	
369.236	
369.25	
369.25	
369.264	
369.278	
369.292	
369.292	
369.306	
369.32	
369.32	
369.334	
369.348	
369.362	
369.362	
369.376	
369.39	
369.39	
369.404	
369.418	
369.432	
369.432	
369.446	
369.46	
369.46	
369.474	
369.488	
369.502	
369.502	
369.516	
369.53	
369.53	
369.544	
369.558	
369.572	
369.572	
369.586	
369.6	
369.6	
369.614	
369.628	
369.642	
369.642	
369.656	
369.67	
369.67	
369.684	
369.698	
369.712	
369.712	
369.726	
369.74	
369.74	
369.754	
369.768	
369.782	
369.782	
369.796	
369.81	
369.81	
369.824	
369.838	
369.852	
369.852	
369.866	
369.88	
369.88	
369.894	
369.908	
369.922	
369.922	
369.936	
369.95	
369.95	
369.964	
369.978	
369.992	
369.992	
370.006	
370.02	
370.02	
370.034	
370.048	
370.062	
370.062	
370.076	
370.09	
370.09	
370.104	
370.118	
370.132	
370.132	
370.146	
370.16	
370.16	
370.174	
370.188	
370.202	
370.202	
370.216	
370.23	
370.23	
370.244	
370.258	
370.272	
370.272	
370.286	
370.3	
370.3	
370.314	
370.328	
370.342	
370.342	
370.356	
370.37	
370.37	
370.384	
370.398	
370.412	
370.412	
370.426	
370.44	
370.44	
370.454	
370.468	
370.482	
370.482	
370.496	
370.51	
370.51	
370.524	
370.538	
370.552	
370.552	
370.566	
370.58	
370.58	
370.594	
370.608	
370.622	
370.622	
370.636	
370.65	
370.65	
370.664	
370.678	
370.692	
370.692	
370.706	
370.72	
370.72	
370.734	
370.748	
370.762	
370.762	
370.776	
370.79	
370.79	
370.804	
370.818	
370.832	
370.832	
370.846	
370.86	
370.86	
370.874	
370.888	
370.902	
370.902	
370.916	
370.93	
370.93	
370.944	
370.958	
370.972	
370.972	
370.986	
371	
371	
371.014	
371.028	
371.042	
371.042	
371.056	
371.07	
371.07	
371.084	
371.098	
371.112	
371.112	
371.126	
371.14	
371.14	
371.154	
371.168	
371.182	
371.182	
371.196	
371.21	
371.21	
371.224	
371.238	
371.252	
371.252	
371.266	
371.282	
371.282	
371.294	
371.308	
371.322	
371.322	
371.336	
371.35	
371.35	
371.364	
371.378	
371.392	
371.392	
371.406	
371.42	
371.42	
371.434	
371.448	
371.462	
371.462	
371.476	
371.49	
