time	
1175.19	
1175.19	
1175.21	
1175.22	
1175.22	
1175.23	
1175.25	
1175.26	
1175.26	
1175.28	
1175.29	
1175.29	
1175.3	
1175.32	
1175.33	
1175.33	
1175.35	
1175.36	
1175.36	
1175.37	
1175.39	
1175.4	
1175.4	
1175.42	
1175.43	
1175.43	
1175.44	
1175.46	
1175.47	
1175.47	
1175.49	
1175.5	
1175.5	
1175.51	
1175.53	
1175.54	
1175.54	
1175.56	
1175.57	
1175.57	
1175.58	
1175.6	
1175.61	
1175.61	
1175.63	
1175.64	
1175.64	
1175.65	
1175.67	
1175.68	
1175.68	
1175.7	
1175.71	
1175.71	
1175.72	
1175.74	
1175.75	
1175.75	
1175.77	
1175.78	
1175.78	
1175.79	
1175.81	
1175.82	
1175.82	
1175.84	
1175.85	
1175.85	
1175.86	
1175.88	
1175.89	
1175.89	
1175.91	
1175.92	
1175.92	
1175.93	
1175.95	
1175.96	
1175.96	
1175.98	
1175.99	
1175.99	
1176	
1176.02	
1176.03	
1176.03	
1176.05	
1176.06	
1176.06	
1176.07	
1176.09	
1176.1	
1176.1	
1176.12	
1176.13	
1176.13	
1176.14	
1176.16	
1176.17	
1176.17	
1176.19	
1176.2	
1176.2	
1176.21	
1176.23	
1176.24	
1176.24	
1176.26	
1176.27	
1176.27	
1176.28	
1176.3	
1176.31	
1176.31	
1176.33	
1176.34	
1176.34	
1176.35	
1176.37	
1176.38	
1176.38	
1176.4	
1176.41	
1176.41	
1176.42	
1176.44	
1176.45	
1176.45	
1176.47	
1176.48	
1176.48	
1176.49	
1176.51	
1176.52	
1176.52	
1176.54	
1176.55	
1176.55	
1176.56	
1176.58	
1176.59	
1176.59	
1176.61	
1176.62	
1176.62	
1176.63	
1176.65	
1176.66	
1176.66	
1176.68	
1176.69	
1176.69	
1176.7	
1176.72	
1176.73	
1176.73	
1176.75	
1176.76	
1176.76	
1176.77	
1176.79	
1176.8	
1176.8	
1176.82	
1176.83	
1176.83	
1176.84	
1176.86	
1176.87	
1176.87	
1176.89	
1176.9	
1176.9	
1176.91	
1176.93	
1176.94	
1176.94	
1176.96	
1176.97	
1176.97	
1176.98	
1177	
1177.01	
1177.01	
1177.03	
1177.04	
1177.04	
1177.05	
1177.07	
1177.08	
1177.08	
1177.1	
1177.11	
1177.11	
1177.12	
1177.14	
1177.15	
1177.15	
1177.17	
1177.18	
1177.18	
1177.19	
1177.21	
1177.22	
1177.22	
1177.24	
1177.25	
1177.25	
1177.26	
1177.28	
1177.29	
1177.29	
1177.31	
1177.32	
1177.32	
1177.33	
1177.35	
1177.36	
1177.36	
1177.38	
1177.39	
1177.39	
1177.4	
1177.42	
1177.43	
1177.43	
1177.45	
1177.46	
1177.46	
1177.47	
1177.49	
1177.5	
1177.5	
1177.52	
1177.53	
1177.53	
1177.54	
1177.56	
1177.57	
1177.57	
1177.59	
1177.6	
1177.6	
1177.61	
1177.63	
1177.64	
1177.64	
1177.66	
1177.67	
1177.67	
1177.68	
1177.7	
1177.71	
1177.71	
1177.73	
1177.74	
1177.74	
1177.75	
1177.77	
1177.78	
1177.78	
1177.8	
1177.81	
1177.81	
1177.82	
1177.84	
1177.85	
1177.85	
1177.87	
1177.88	
1177.88	
1177.89	
1177.91	
1177.92	
1177.92	
1177.94	
1177.95	
1177.95	
1177.96	
1177.98	
1177.99	
1177.99	
1178.01	
1178.02	
1178.02	
1178.03	
1178.05	
1178.06	
1178.06	
1178.08	
1178.09	
1178.09	
1178.1	
1178.12	
1178.13	
1178.13	
1178.15	
1178.16	
1178.16	
1178.17	
1178.19	
1178.2	
1178.2	
1178.22	
1178.23	
1178.23	
1178.24	
1178.26	
1178.27	
1178.27	
1178.29	
1178.3	
1178.3	
1178.31	
1178.33	
1178.34	
1178.34	
1178.36	
1178.37	
1178.37	
1178.38	
1178.4	
1178.41	
1178.41	
1178.43	
1178.44	
1178.44	
1178.45	
1178.47	
1178.48	
1178.48	
1178.5	
1178.51	
1178.51	
1178.52	
1178.54	
1178.55	
1178.55	
1178.57	
1178.58	
1178.58	
1178.59	
1178.61	
1178.62	
1178.62	
1178.64	
1178.65	
1178.65	
1178.66	
1178.68	
1178.69	
1178.69	
1178.71	
1178.72	
1178.72	
1178.73	
1178.75	
1178.76	
1178.76	
1178.78	
1178.79	
1178.79	
1178.8	
1178.82	
1178.83	
1178.83	
1178.85	
1178.86	
1178.86	
1178.87	
1178.89	
1178.9	
1178.9	
1178.92	
1178.93	
1178.93	
1178.94	
1178.96	
1178.97	
1178.97	
1178.99	
1179	
1179	
1179.01	
1179.03	
1179.04	
1179.04	
1179.06	
1179.07	
1179.07	
1179.08	
1179.1	
1179.11	
1179.11	
1179.13	
1179.14	
1179.14	
1179.15	
1179.17	
1179.18	
1179.18	
1179.2	
1179.21	
1179.21	
1179.22	
1179.24	
1179.25	
1179.25	
1179.27	
1179.28	
1179.28	
1179.29	
1179.31	
1179.32	
1179.32	
1179.34	
1179.35	
1179.35	
1179.36	
1179.38	
1179.39	
1179.39	
1179.41	
1179.42	
1179.42	
1179.43	
1179.45	
1179.46	
1179.46	
1179.48	
1179.49	
1179.49	
1179.5	
1179.52	
1179.53	
1179.53	
1179.55	
1179.56	
1179.56	
1179.57	
1179.59	
1179.6	
1179.6	
1179.62	
1179.63	
1179.63	
1179.64	
1179.66	
1179.67	
1179.67	
1179.69	
1179.7	
1179.7	
1179.71	
1179.73	
1179.74	
1179.74	
1179.76	
1179.77	
1179.77	
1179.78	
1179.8	
1179.81	
1179.81	
1179.83	
1179.84	
1179.84	
1179.85	
1179.87	
1179.88	
1179.88	
1179.9	
1179.91	
1179.91	
1179.92	
1179.94	
1179.95	
1179.95	
1179.97	
1179.98	
1179.98	
1179.99	
1180.01	
1180.02	
1180.02	
1180.04	
1180.05	
1180.05	
1180.06	
1180.08	
1180.09	
1180.09	
1180.11	
1180.12	
1180.12	
1180.13	
1180.15	
1180.16	
1180.16	
1180.18	
1180.19	
1180.19	
1180.2	
1180.22	
1180.23	
1180.23	
1180.25	
1180.26	
1180.26	
1180.27	
1180.29	
1180.3	
1180.3	
1180.32	
1180.33	
1180.33	
1180.34	
1180.36	
1180.37	
1180.37	
1180.39	
1180.4	
1180.4	
1180.41	
1180.43	
1180.44	
1180.44	
1180.46	
1180.47	
1180.47	
1180.48	
1180.5	
1180.51	
1180.51	
1180.53	
1180.54	
1180.54	
1180.55	
1180.57	
1180.58	
1180.58	
1180.6	
1180.61	
1180.61	
1180.62	
1180.64	
1180.65	
1180.65	
1180.67	
1180.68	
1180.68	
1180.69	
1180.71	
1180.72	
1180.72	
1180.74	
1180.75	
1180.75	
1180.76	
1180.78	
1180.79	
1180.79	
1180.81	
1180.82	
1180.82	
1180.83	
1180.85	
1180.86	
1180.86	
1180.88	
1180.89	
1180.89	
1180.9	
1180.92	
1180.93	
1180.93	
1180.95	
1180.96	
1180.96	
1180.97	
1180.99	
1181	
1181	
1181.02	
1181.03	
1181.03	
1181.04	
1181.06	
1181.07	
1181.07	
1181.09	
1181.1	
1181.1	
1181.11	
1181.13	
1181.14	
1181.14	
1181.16	
1181.17	
1181.17	
1181.18	
1181.2	
1181.21	
1181.21	
1181.23	
1181.24	
1181.24	
1181.25	
1181.27	
1181.28	
1181.28	
1181.3	
1181.31	
1181.31	
1181.32	
1181.34	
1181.35	
1181.35	
1181.37	
1181.38	
1181.38	
1181.39	
1181.41	
1181.42	
1181.42	
1181.44	
1181.45	
1181.45	
1181.46	
1181.48	
1181.49	
1181.49	
1181.51	
1181.52	
1181.52	
1181.53	
1181.55	
1181.56	
1181.56	
1181.58	
1181.59	
1181.59	
1181.6	
1181.62	
1181.63	
1181.63	
1181.65	
1181.66	
1181.66	
1181.67	
1181.69	
1181.7	
1181.7	
1181.72	
1181.73	
1181.73	
1181.74	
1181.76	
1181.77	
1181.77	
1181.79	
1181.8	
1181.8	
1181.81	
1181.83	
1181.84	
1181.84	
1181.86	
1181.87	
1181.87	
1181.88	
1181.9	
1181.91	
1181.91	
1181.93	
1181.94	
1181.94	
1181.95	
1181.97	
1181.98	
1181.98	
1182	
1182.01	
1182.01	
1182.02	
1182.04	
1182.05	
1182.05	
1182.07	
1182.08	
1182.08	
1182.09	
1182.11	
1182.12	
1182.12	
1182.14	
1182.15	
1182.15	
1182.16	
1182.18	
1182.19	
1182.19	
1182.21	
1182.22	
1182.22	
1182.23	
1182.25	
1182.26	
1182.26	
1182.28	
1182.29	
1182.29	
1182.3	
1182.32	
1182.33	
1182.33	
1182.35	
1182.36	
1182.36	
1182.37	
1182.39	
1182.4	
1182.4	
1182.42	
1182.43	
1182.43	
1182.44	
1182.46	
1182.47	
1182.47	
1182.49	
1182.5	
1182.5	
1182.51	
1182.53	
1182.54	
1182.54	
1182.56	
1182.57	
1182.57	
1182.58	
1182.6	
1182.61	
1182.61	
1182.63	
1182.64	
1182.64	
1182.65	
1182.67	
1182.68	
1182.68	
1182.7	
1182.71	
1182.71	
1182.72	
1182.74	
1182.75	
1182.75	
1182.77	
1182.78	
1182.78	
1182.79	
1182.81	
1182.82	
1182.82	
1182.84	
1182.85	
1182.85	
1182.86	
1182.88	
1182.89	
1182.89	
1182.91	
1182.92	
1182.92	
1182.93	
1182.95	
1182.96	
1182.96	
1182.98	
1182.99	
1182.99	
1183	
1183.02	
1183.03	
1183.03	
1183.05	
1183.06	
1183.06	
1183.07	
1183.09	
1183.1	
1183.1	
1183.12	
1183.13	
1183.13	
1183.14	
1183.16	
1183.17	
1183.17	
1183.19	
1183.2	
1183.2	
1183.21	
1183.23	
1183.24	
1183.24	
1183.26	
1183.27	
1183.27	
1183.28	
1183.3	
1183.31	
1183.31	
1183.33	
1183.34	
1183.34	
1183.35	
1183.37	
1183.38	
1183.38	
1183.4	
1183.41	
1183.41	
1183.42	
1183.44	
1183.45	
1183.45	
1183.47	
1183.48	
1183.48	
1183.49	
1183.51	
1183.52	
1183.52	
1183.54	
1183.55	
1183.55	
1183.56	
1183.58	
1183.59	
1183.59	
1183.61	
1183.62	
1183.62	
1183.63	
1183.65	
1183.66	
1183.66	
1183.68	
1183.69	
1183.69	
1183.7	
1183.72	
1183.73	
1183.73	
1183.75	
1183.76	
1183.76	
1183.77	
1183.79	
1183.8	
1183.8	
1183.82	
1183.83	
1183.83	
1183.84	
1183.86	
1183.87	
1183.87	
1183.89	
1183.9	
1183.9	
1183.91	
1183.93	
1183.94	
1183.94	
1183.96	
1183.97	
1183.97	
1183.98	
1184	
1184.01	
1184.01	
1184.03	
1184.04	
1184.04	
1184.05	
1184.07	
1184.08	
1184.08	
1184.1	
1184.11	
1184.11	
1184.12	
1184.14	
1184.15	
1184.15	
1184.17	
1184.18	
1184.18	
1184.19	
1184.21	
1184.22	
1184.22	
1184.24	
1184.25	
1184.25	
1184.26	
1184.28	
1184.29	
1184.29	
1184.31	
1184.32	
1184.32	
1184.33	
1184.35	
1184.36	
1184.36	
1184.38	
1184.39	
1184.39	
1184.4	
1184.42	
1184.43	
1184.43	
1184.45	
1184.46	
1184.46	
1184.47	
1184.49	
1184.5	
1184.5	
1184.52	
1184.53	
1184.53	
1184.54	
1184.56	
1184.57	
1184.57	
1184.59	
1184.6	
1184.6	
1184.61	
1184.63	
1184.64	
1184.64	
1184.66	
1184.67	
1184.67	
1184.68	
1184.7	
1184.71	
1184.71	
1184.73	
1184.74	
1184.74	
1184.75	
1184.77	
1184.78	
1184.78	
1184.8	
1184.81	
1184.81	
1184.82	
1184.84	
1184.85	
1184.85	
1184.87	
1184.88	
1184.88	
1184.89	
1184.91	
1184.92	
1184.92	
1184.94	
1184.95	
1184.95	
1184.96	
1184.98	
1184.99	
1184.99	
1185.01	
1185.02	
1185.02	
1185.03	
1185.05	
1185.06	
1185.06	
1185.08	
1185.09	
1185.09	
1185.1	
1185.12	
1185.13	
1185.13	
1185.15	
1185.16	
1185.16	
1185.17	
1185.19	
1185.2	
1185.2	
1185.22	
1185.23	
1185.23	
1185.24	
1185.26	
1185.27	
1185.27	
1185.29	
1185.3	
1185.3	
1185.31	
1185.33	
1185.34	
1185.34	
1185.36	
1185.37	
1185.37	
1185.38	
1185.4	
1185.41	
1185.41	
1185.43	
1185.44	
1185.44	
1185.45	
1185.47	
1185.48	
1185.48	
1185.5	
1185.51	
1185.51	
1185.52	
1185.54	
1185.55	
1185.55	
1185.57	
1185.58	
1185.58	
1185.59	
1185.61	
1185.62	
1185.62	
1185.64	
1185.65	
1185.65	
1185.66	
1185.68	
1185.69	
1185.69	
1185.71	
1185.72	
1185.72	
1185.73	
1185.75	
1185.76	
1185.76	
1185.78	
1185.79	
1185.79	
1185.8	
1185.82	
1185.83	
1185.83	
1185.85	
1185.86	
1185.86	
1185.87	
1185.89	
1185.9	
1185.9	
1185.92	
1185.93	
1185.93	
1185.94	
1185.96	
1185.97	
1185.97	
1185.99	
1186	
1186	
1186.01	
1186.03	
1186.04	
1186.04	
1186.06	
1186.07	
1186.07	
1186.08	
1186.1	
1186.11	
1186.11	
1186.13	
1186.14	
1186.14	
1186.15	
1186.17	
1186.18	
1186.18	
1186.2	
1186.21	
1186.21	
1186.22	
1186.24	
1186.25	
1186.25	
1186.27	
1186.28	
1186.28	
1186.29	
1186.31	
1186.32	
1186.32	
1186.34	
1186.35	
1186.35	
1186.36	
1186.38	
1186.39	
1186.39	
1186.41	
1186.42	
1186.42	
1186.43	
1186.45	
1186.46	
1186.46	
1186.48	
1186.49	
1186.49	
1186.5	
1186.52	
1186.53	
1186.53	
1186.55	
1186.56	
1186.56	
1186.57	
1186.59	
1186.6	
1186.6	
1186.62	
1186.63	
1186.63	
1186.64	
1186.66	
1186.67	
1186.67	
1186.69	
1186.7	
1186.7	
1186.71	
1186.73	
1186.74	
1186.74	
1186.76	
1186.77	
1186.77	
1186.78	
1186.8	
1186.81	
1186.81	
1186.83	
1186.84	
1186.84	
1186.85	
1186.87	
1186.88	
1186.88	
1186.9	
1186.91	
1186.91	
1186.92	
1186.94	
1186.95	
1186.95	
1186.97	
1186.98	
1186.98	
1186.99	
1187.01	
1187.02	
1187.02	
1187.04	
1187.05	
1187.05	
1187.06	
1187.08	
1187.09	
1187.09	
1187.11	
1187.12	
1187.12	
1187.13	
1187.15	
1187.16	
1187.16	
1187.18	
1187.19	
1187.19	
1187.2	
1187.22	
1187.23	
1187.23	
1187.25	
1187.26	
1187.26	
1187.27	
1187.29	
1187.3	
1187.3	
1187.32	
1187.33	
1187.33	
1187.34	
1187.36	
1187.37	
1187.37	
1187.39	
1187.4	
1187.4	
1187.41	
1187.43	
1187.44	
1187.44	
1187.46	
1187.47	
1187.47	
1187.48	
1187.5	
1187.51	
1187.51	
1187.53	
1187.54	
1187.54	
1187.55	
1187.57	
1187.58	
1187.58	
1187.6	
1187.61	
1187.61	
1187.62	
1187.64	
1187.65	
1187.65	
1187.67	
1187.68	
1187.68	
1187.69	
1187.71	
1187.72	
1187.72	
1187.74	
1187.75	
1187.75	
1187.76	
1187.78	
1187.79	
1187.79	
1187.81	
1187.82	
1187.82	
1187.83	
1187.85	
1187.86	
1187.86	
1187.88	
1187.89	
1187.89	
1187.9	
1187.92	
1187.93	
1187.93	
1187.95	
1187.96	
1187.96	
1187.97	
1187.99	
1188	
1188	
1188.02	
1188.03	
1188.03	
1188.04	
1188.06	
1188.07	
1188.07	
1188.09	
1188.1	
1188.1	
1188.11	
1188.13	
1188.14	
1188.14	
1188.16	
