time	
2178.55	
2178.57	
2178.57	
2178.58	
2178.59	
2178.61	
2178.61	
2178.62	
2178.64	
2178.64	
2178.65	
2178.66	
2178.68	
2178.68	
2178.69	
2178.71	
2178.71	
2178.72	
2178.73	
2178.75	
2178.75	
2178.76	
2178.78	
2178.78	
2178.79	
2178.8	
2178.82	
2178.82	
2178.83	
2178.85	
2178.85	
2178.86	
2178.87	
2178.89	
2178.89	
2178.9	
2178.92	
2178.92	
2178.93	
2178.94	
2178.96	
2178.96	
2178.97	
2178.99	
2178.99	
2179	
2179.01	
2179.03	
2179.03	
2179.04	
2179.06	
2179.06	
2179.07	
2179.08	
2179.1	
2179.1	
2179.11	
2179.13	
2179.13	
2179.14	
2179.15	
2179.17	
2179.17	
2179.18	
2179.2	
2179.2	
2179.21	
2179.22	
2179.24	
2179.24	
2179.25	
2179.27	
2179.27	
2179.28	
2179.29	
2179.31	
2179.31	
2179.32	
2179.34	
2179.34	
2179.35	
2179.36	
2179.38	
2179.38	
2179.39	
2179.41	
2179.41	
2179.42	
2179.43	
2179.45	
2179.45	
2179.46	
2179.48	
2179.48	
2179.49	
2179.5	
2179.52	
2179.52	
2179.53	
2179.55	
2179.56	
2179.56	
2179.57	
2179.59	
2179.59	
2179.6	
2179.62	
2179.62	
2179.63	
2179.64	
2179.66	
2179.66	
2179.67	
2179.69	
2179.69	
2179.7	
2179.71	
2179.73	
2179.73	
2179.74	
2179.76	
2179.76	
2179.77	
2179.78	
2179.8	
2179.8	
2179.81	
2179.83	
2179.83	
2179.84	
2179.85	
2179.87	
2179.87	
2179.88	
2179.9	
2179.9	
2179.91	
2179.92	
2179.94	
2179.94	
2179.95	
2179.97	
2179.97	
2179.98	
2179.99	
2180.01	
2180.01	
2180.02	
2180.04	
2180.04	
2180.05	
2180.06	
2180.08	
2180.08	
2180.09	
2180.11	
2180.11	
2180.12	
2180.13	
2180.15	
2180.15	
2180.16	
2180.18	
2180.18	
2180.19	
2180.2	
2180.22	
2180.22	
2180.23	
2180.25	
2180.25	
2180.26	
2180.27	
2180.29	
2180.29	
2180.3	
2180.32	
2180.32	
2180.33	
2180.34	
2180.36	
2180.36	
2180.37	
2180.39	
2180.39	
2180.4	
2180.41	
2180.43	
2180.43	
2180.44	
2180.46	
2180.46	
2180.47	
2180.48	
2180.5	
2180.5	
2180.51	
2180.53	
2180.53	
2180.54	
2180.55	
2180.57	
2180.57	
2180.58	
2180.6	
2180.6	
2180.61	
2180.62	
2180.64	
2180.64	
2180.65	
2180.67	
2180.67	
2180.68	
2180.69	
2180.71	
2180.71	
2180.72	
2180.74	
2180.74	
2180.75	
2180.76	
2180.78	
2180.78	
2180.79	
2180.81	
2180.81	
2180.82	
2180.83	
2180.85	
2180.85	
2180.86	
2180.88	
2180.88	
2180.89	
2180.9	
2180.92	
2180.92	
2180.93	
2180.95	
2180.95	
2180.96	
2180.97	
2180.99	
2180.99	
2181	
2181.02	
2181.02	
2181.03	
2181.04	
2181.06	
2181.06	
2181.07	
2181.09	
2181.09	
2181.1	
2181.11	
2181.13	
2181.13	
2181.14	
2181.16	
2181.16	
2181.17	
2181.18	
2181.2	
2181.2	
2181.21	
2181.23	
2181.23	
2181.24	
2181.25	
2181.27	
2181.27	
2181.28	
2181.3	
2181.3	
2181.31	
2181.32	
2181.34	
2181.34	
2181.35	
2181.37	
2181.37	
2181.38	
2181.39	
2181.41	
2181.41	
2181.42	
2181.44	
2181.44	
2181.45	
2181.46	
2181.48	
2181.48	
2181.49	
2181.51	
2181.51	
2181.52	
2181.53	
2181.55	
2181.55	
2181.56	
2181.58	
2181.58	
2181.59	
2181.6	
2181.62	
2181.62	
2181.63	
2181.65	
2181.65	
2181.66	
2181.67	
2181.69	
2181.69	
2181.7	
2181.72	
2181.72	
2181.73	
2181.74	
2181.76	
2181.76	
2181.77	
2181.79	
2181.79	
2181.8	
2181.81	
2181.83	
2181.83	
2181.84	
2181.86	
2181.86	
2181.87	
2181.88	
2181.9	
2181.9	
2181.91	
2181.93	
2181.93	
2181.94	
2181.95	
2181.97	
2181.97	
2181.98	
2182	
2182	
2182.01	
2182.02	
2182.04	
2182.04	
2182.05	
2182.07	
2182.07	
2182.08	
2182.09	
2182.11	
2182.11	
2182.12	
2182.14	
2182.14	
2182.15	
2182.16	
2182.18	
2182.18	
2182.19	
2182.21	
2182.21	
2182.22	
2182.23	
2182.25	
2182.25	
2182.26	
2182.28	
2182.28	
2182.29	
2182.3	
2182.32	
2182.32	
2182.33	
2182.35	
2182.35	
2182.36	
2182.37	
2182.39	
2182.39	
2182.4	
2182.42	
2182.42	
2182.43	
2182.44	
2182.46	
2182.46	
2182.47	
2182.49	
2182.49	
2182.5	
2182.51	
2182.53	
2182.53	
2182.54	
2182.56	
2182.56	
2182.57	
2182.58	
2182.6	
2182.6	
2182.61	
2182.63	
2182.63	
2182.64	
2182.65	
2182.67	
2182.67	
2182.68	
2182.7	
2182.7	
2182.71	
2182.72	
2182.72	
2182.74	
2182.75	
2182.77	
2182.77	
2182.78	
2182.79	
2182.81	
2182.81	
2182.82	
2182.84	
2182.84	
2182.85	
2182.86	
2182.88	
2182.88	
2182.89	
2182.91	
2182.91	
2182.92	
2182.93	
2182.93	
2182.95	
2182.96	
2182.98	
2182.98	
2182.99	
2183	
2183.02	
2183.02	
2183.03	
2183.05	
2183.05	
2183.06	
2183.07	
2183.09	
2183.09	
2183.1	
2183.12	
2183.12	
2183.13	
2183.14	
2183.14	
2183.16	
2183.17	
2183.19	
2183.19	
2183.2	
2183.21	
2183.23	
2183.23	
2183.24	
2183.26	
2183.26	
2183.27	
2183.28	
2183.3	
2183.3	
2183.31	
2183.33	
2183.33	
2183.34	
2183.35	
2183.35	
2183.37	
2183.38	
2183.4	
2183.4	
2183.41	
2183.42	
2183.44	
2183.44	
2183.45	
2183.47	
2183.47	
2183.48	
2183.49	
2183.51	
2183.51	
2183.52	
2183.54	
2183.54	
2183.55	
2183.56	
2183.58	
2183.58	
2183.59	
2183.61	
2183.61	
2183.62	
2183.63	
2183.65	
2183.65	
2183.66	
2183.68	
2183.68	
2183.69	
2183.7	
2183.72	
2183.72	
2183.73	
2183.75	
2183.75	
2183.76	
2183.77	
2183.79	
2183.79	
2183.8	
2183.82	
2183.82	
2183.83	
2183.84	
2183.86	
2183.86	
2183.87	
2183.89	
2183.89	
2183.9	
2183.91	
2183.93	
2183.93	
2183.94	
2183.96	
2183.96	
2183.97	
2183.98	
2184	
2184	
2184.01	
2184.03	
2184.03	
2184.04	
2184.05	
2184.07	
2184.07	
2184.08	
2184.1	
2184.1	
2184.11	
2184.12	
2184.14	
2184.14	
2184.15	
2184.17	
2184.17	
2184.18	
2184.19	
2184.21	
2184.21	
2184.22	
2184.24	
2184.24	
2184.25	
2184.26	
2184.28	
2184.28	
2184.29	
2184.31	
2184.31	
2184.32	
2184.33	
2184.35	
2184.35	
2184.36	
2184.38	
2184.38	
2184.39	
2184.4	
2184.42	
2184.42	
2184.43	
2184.45	
2184.45	
2184.46	
2184.47	
2184.49	
2184.49	
2184.5	
2184.52	
2184.52	
2184.53	
2184.54	
2184.56	
2184.56	
2184.57	
2184.59	
2184.59	
2184.6	
2184.61	
2184.63	
2184.63	
2184.64	
2184.66	
2184.66	
2184.67	
2184.68	
2184.7	
2184.7	
2184.71	
2184.73	
2184.73	
2184.74	
2184.75	
2184.77	
2184.77	
2184.78	
2184.8	
2184.8	
2184.81	
2184.82	
2184.84	
2184.84	
2184.85	
2184.87	
2184.87	
2184.88	
2184.89	
2184.91	
2184.91	
2184.92	
2184.94	
2184.94	
2184.95	
2184.96	
2184.98	
2184.98	
2184.99	
2185.01	
2185.01	
2185.02	
2185.03	
2185.05	
2185.05	
2185.06	
2185.08	
2185.08	
2185.09	
2185.1	
2185.12	
2185.12	
2185.13	
2185.15	
2185.15	
2185.16	
2185.17	
2185.19	
2185.19	
2185.2	
2185.22	
2185.22	
2185.23	
2185.24	
2185.26	
2185.26	
2185.27	
2185.29	
2185.29	
2185.3	
2185.31	
2185.33	
2185.33	
2185.34	
2185.36	
2185.36	
2185.37	
2185.38	
2185.4	
2185.4	
2185.41	
2185.43	
2185.43	
2185.44	
2185.45	
2185.47	
2185.47	
2185.48	
2185.5	
2185.5	
2185.51	
2185.52	
2185.54	
2185.54	
2185.55	
2185.57	
2185.57	
2185.58	
2185.59	
2185.61	
2185.61	
2185.62	
2185.64	
2185.64	
2185.65	
2185.66	
2185.68	
2185.68	
2185.69	
2185.71	
2185.71	
2185.72	
2185.73	
2185.75	
2185.75	
2185.76	
2185.78	
2185.78	
2185.79	
2185.8	
2185.82	
2185.82	
2185.83	
2185.85	
2185.85	
2185.86	
2185.87	
2185.89	
2185.89	
2185.9	
2185.92	
2185.92	
2185.93	
2185.94	
2185.96	
2185.96	
2185.97	
2185.99	
2185.99	
2186	
2186.01	
2186.03	
2186.03	
2186.04	
2186.06	
2186.06	
2186.07	
2186.08	
2186.1	
2186.1	
2186.11	
2186.13	
2186.13	
2186.14	
2186.15	
2186.17	
2186.17	
2186.18	
2186.2	
2186.2	
2186.21	
2186.22	
2186.24	
2186.24	
2186.25	
2186.27	
2186.27	
2186.28	
2186.29	
2186.31	
2186.31	
2186.32	
2186.34	
2186.34	
2186.35	
2186.36	
2186.38	
2186.38	
2186.39	
2186.41	
2186.41	
2186.42	
2186.43	
2186.45	
2186.45	
2186.46	
2186.48	
2186.48	
2186.49	
2186.5	
2186.52	
2186.52	
2186.53	
2186.55	
2186.55	
2186.56	
2186.57	
2186.59	
2186.59	
2186.6	
2186.62	
2186.62	
2186.63	
2186.64	
2186.66	
2186.66	
2186.67	
2186.69	
2186.69	
2186.7	
2186.71	
2186.73	
2186.73	
2186.74	
2186.76	
2186.76	
2186.77	
2186.78	
2186.8	
2186.8	
2186.81	
2186.83	
2186.83	
2186.84	
2186.85	
2186.87	
2186.87	
2186.88	
2186.9	
2186.9	
2186.91	
2186.92	
2186.94	
2186.94	
2186.95	
2186.97	
2186.97	
2186.98	
2186.99	
2187.01	
2187.01	
2187.02	
2187.04	
2187.04	
2187.05	
2187.06	
2187.08	
2187.08	
2187.09	
2187.11	
2187.11	
2187.12	
2187.13	
2187.15	
2187.15	
2187.16	
2187.18	
2187.18	
2187.19	
2187.2	
2187.22	
2187.22	
2187.23	
2187.25	
2187.25	
2187.26	
2187.27	
2187.29	
2187.29	
2187.3	
2187.32	
2187.32	
2187.33	
2187.34	
2187.36	
2187.36	
2187.37	
2187.39	
2187.39	
2187.4	
2187.41	
2187.43	
2187.43	
2187.44	
2187.46	
2187.46	
2187.47	
2187.48	
2187.5	
2187.5	
2187.51	
2187.53	
2187.53	
2187.54	
2187.55	
2187.57	
2187.57	
2187.58	
2187.6	
2187.6	
2187.61	
2187.62	
2187.64	
2187.64	
2187.65	
2187.67	
2187.67	
2187.68	
2187.69	
2187.71	
2187.71	
2187.72	
2187.74	
2187.74	
2187.75	
2187.76	
2187.78	
2187.78	
2187.79	
2187.81	
2187.81	
2187.82	
2187.83	
2187.85	
2187.85	
2187.86	
2187.88	
2187.88	
2187.89	
2187.9	
2187.92	
2187.92	
2187.93	
2187.95	
2187.95	
2187.96	
2187.97	
2187.99	
2187.99	
2188	
2188.02	
2188.02	
2188.03	
2188.04	
2188.06	
2188.06	
2188.07	
2188.09	
2188.09	
2188.1	
2188.11	
2188.13	
2188.13	
2188.14	
2188.16	
2188.16	
2188.17	
2188.18	
2188.2	
2188.2	
2188.21	
2188.23	
2188.23	
2188.24	
2188.25	
2188.27	
2188.27	
2188.28	
2188.3	
2188.3	
2188.31	
2188.32	
2188.34	
2188.34	
2188.35	
2188.37	
2188.37	
2188.38	
2188.39	
2188.41	
2188.41	
2188.42	
2188.44	
2188.44	
2188.45	
2188.46	
2188.48	
2188.48	
2188.49	
2188.51	
2188.51	
2188.52	
2188.53	
2188.55	
2188.55	
2188.56	
2188.58	
2188.58	
2188.59	
2188.6	
2188.62	
2188.62	
2188.63	
2188.65	
2188.65	
2188.66	
2188.67	
2188.69	
2188.69	
2188.7	
2188.72	
2188.72	
2188.73	
2188.74	
2188.76	
2188.76	
2188.77	
2188.79	
2188.79	
2188.8	
2188.81	
2188.83	
2188.83	
2188.84	
2188.86	
2188.86	
2188.87	
2188.88	
2188.9	
2188.9	
2188.91	
2188.93	
2188.93	
2188.94	
2188.95	
2188.97	
2188.97	
2188.98	
2189	
2189	
2189.01	
2189.02	
2189.04	
2189.04	
2189.05	
2189.07	
2189.07	
2189.08	
2189.09	
2189.11	
2189.11	
2189.12	
2189.14	
2189.14	
2189.15	
2189.16	
2189.18	
2189.18	
2189.19	
2189.21	
2189.21	
2189.23	
2189.23	
2189.25	
2189.25	
2189.26	
2189.28	
2189.28	
2189.29	
2189.3	
2189.32	
2189.32	
2189.33	
2189.35	
2189.35	
2189.36	
2189.37	
2189.39	
2189.39	
2189.4	
2189.42	
2189.42	
2189.43	
2189.44	
2189.46	
2189.46	
2189.47	
2189.49	
2189.49	
2189.5	
2189.51	
2189.53	
2189.53	
2189.54	
2189.56	
2189.56	
2189.57	
2189.58	
2189.6	
2189.6	
2189.61	
2189.63	
2189.63	
2189.64	
2189.65	
2189.67	
2189.67	
2189.68	
2189.7	
2189.7	
2189.71	
2189.72	
2189.74	
2189.74	
2189.75	
2189.77	
2189.77	
2189.78	
2189.79	
2189.81	
2189.81	
2189.82	
2189.84	
2189.84	
2189.85	
2189.86	
2189.88	
2189.88	
2189.89	
2189.91	
2189.91	
2189.92	
2189.93	
2189.95	
2189.95	
2189.96	
2189.98	
2189.98	
2189.99	
2190	
2190.02	
2190.02	
2190.03	
2190.05	
2190.05	
2190.06	
2190.07	
2190.09	
2190.09	
2190.1	
2190.12	
2190.12	
2190.13	
2190.14	
2190.16	
2190.16	
2190.17	
2190.19	
2190.19	
2190.2	
2190.21	
2190.23	
2190.23	
2190.24	
2190.26	
2190.26	
2190.27	
2190.28	
2190.3	
2190.3	
2190.31	
2190.33	
2190.33	
2190.34	
2190.35	
2190.37	
2190.37	
2190.38	
2190.4	
2190.4	
2190.41	
2190.42	
2190.44	
2190.44	
2190.45	
2190.47	
2190.47	
2190.48	
2190.49	
2190.51	
2190.51	
2190.52	
2190.54	
2190.54	
2190.55	
2190.56	
2190.58	
2190.58	
2190.59	
2190.61	
2190.61	
2190.62	
2190.63	
2190.65	
2190.65	
2190.66	
2190.68	
2190.68	
2190.69	
2190.7	
2190.72	
2190.72	
2190.73	
2190.75	
2190.75	
2190.76	
2190.77	
2190.79	
2190.79	
2190.8	
2190.82	
2190.82	
2190.83	
2190.84	
2190.86	
2190.86	
2190.87	
2190.89	
2190.89	
2190.9	
2190.91	
2190.93	
2190.93	
2190.94	
2190.96	
2190.96	
2190.97	
2190.99	
2191	
2191	
2191.01	
2191.03	
2191.03	
2191.04	
2191.05	
2191.07	
2191.07	
2191.08	
2191.1	
2191.1	
2191.11	
2191.12	
2191.14	
2191.14	
2191.15	
2191.17	
2191.17	
2191.18	
2191.19	
2191.21	
2191.21	
2191.22	
2191.24	
2191.24	
2191.25	
2191.26	
2191.28	
2191.28	
2191.29	
2191.31	
2191.31	
2191.32	
2191.33	
2191.35	
2191.35	
2191.36	
2191.38	
2191.38	
2191.39	
2191.4	
2191.42	
2191.42	
2191.43	
2191.45	
2191.45	
2191.46	
2191.47	
2191.49	
2191.49	
2191.5	
2191.52	
