time	joint_joint0	joint_joint1	joint_joint2	joint_joint3	joint_joint4	joint_joint5	joint_joint6	cart_pos_x	cart_pos_y	cart_pos_z	cart_quat_x	cart_quat_y	cart_quat_z	cart_quat_w	force_joint_joint0	force_joint_joint1	force_joint_joint2	force_joint_joint3	force_joint_joint4	force_joint_joint5	force_joint_joint6	cart_force_x	cart_force_y	cart_force_z	cart_trq_x	cart_trq_y	cart_trq_z	
1486258772534	-2.24816	1.63826	-2.17426	1.88254	2.30149	-1.65983	-0.957921	-0.113888	0.718432	0.331245	-0.0063744	-0.933809	0.0088456	-0.357606	1.33672	-1.45215	1.12441	-0.430751	0.513844	0.96462	-0.376391	1.20173	-3.1978	6.14617	0.456511	-0.998972	-0.496442	
1486258772571	-2.2479	1.63786	-2.17379	1.88228	2.3018	-1.6596	-0.957921	-0.113452	0.718328	0.331033	-0.00626998	-0.93372	0.00840273	-0.35785	1.36722	-1.70607	1.31112	-0.535491	0.488918	0.968134	-0.382609	1.38934	-3.28596	6.75799	0.489935	-0.98957	-0.516891	
1486258772604	-2.24745	1.63731	-2.17327	1.88201	2.30198	-1.6596	-0.957921	-0.112988	0.718083	0.330774	-0.0064289	-0.933712	0.00874921	-0.357861	1.54026	-2.15221	1.65215	-0.621362	0.356578	1.01111	-0.408445	1.82427	-3.59293	7.68115	0.601938	-0.932384	-0.55703	
1486258772654	-2.24702	1.6371	-2.17318	1.88194	2.30202	-1.6596	-0.957921	-0.112671	0.717939	0.330801	-0.00657699	-0.933631	0.00894895	-0.358064	1.64873	-2.40104	1.81161	-0.628204	0.263214	1.0414	-0.425938	2.12847	-3.72936	8.07973	0.686053	-0.892114	-0.583918	
1486258773194	-2.2467	1.63704	-2.17302	1.88175	2.30209	-1.65955	-0.957921	-0.112514	0.717923	0.330824	-0.00664284	-0.933606	0.00899552	-0.358127	1.74906	-2.55376	1.79473	-0.525112	0.205064	1.0384	-0.438629	2.48725	-3.75187	7.97259	0.765835	-0.858364	-0.627425	
1486258774314	-2.24766	1.63708	-2.17307	1.8817	2.30243	-1.66031	-0.957923	-0.112881	0.717965	0.330411	-0.00641706	-0.933905	0.00916414	-0.357346	2.97502	-3.43096	2.72997	-0.91537	0.0139227	2.30065	-0.395587	1.7545	-5.61282	13.1719	1.64435	-1.3997	-0.511843	
1486258775134	-2.24869	1.63819	-2.17426	1.88278	2.30268	-1.66163	-0.957925	-0.113765	0.718271	0.330759	-0.00618003	-0.934162	0.00844759	-0.356696	3.58302	-4.08184	3.54585	-1.66119	-0.154769	2.87407	-0.270764	0.328934	-6.7959	17.1375	2.04905	-1.50304	-0.347866	
1486258775938	-2.24925	1.63826	-2.17508	1.88317	2.30271	-1.66234	-0.957925	-0.114223	0.718394	0.330756	-0.00589008	-0.934263	0.00838725	-0.356437	3.5242	-4.11257	3.52953	-1.86288	-0.137481	2.72806	-0.275201	-0.0633091	-6.86142	17.1752	1.95945	-1.39182	-0.379855	
1486258775954	-2.24925	1.63826	-2.17508	1.88317	2.30271	-1.66234	-0.957925	-0.114223	0.718395	0.330756	-0.00588972	-0.934263	0.00838655	-0.356437	3.5242	-4.11257	3.52953	-1.86288	-0.137481	2.72806	-0.275201	-0.0633091	-6.86142	17.1752	1.95945	-1.39182	-0.379855	
1486258776144	-2.24925	1.63826	-2.17508	1.88317	2.30271	-1.66234	-0.957925	-0.114224	0.718397	0.330754	-0.00588568	-0.934263	0.00838542	-0.356437	3.43321	-4.13244	3.53111	-1.85307	-0.141495	2.63596	-0.275781	0.0977618	-6.71658	16.9689	1.90829	-1.34566	-0.386949	
