time	
228.55	
228.55	
228.564	
228.578	
228.578	
228.592	
228.606	
228.62	
228.62	
228.634	
228.648	
228.648	
228.662	
228.676	
228.69	
228.69	
228.704	
228.718	
228.718	
228.732	
228.746	
228.76	
228.76	
228.774	
228.788	
228.788	
228.802	
228.816	
228.83	
228.83	
228.844	
228.858	
228.858	
228.872	
228.886	
228.9	
228.9	
228.914	
228.928	
228.928	
228.942	
228.956	
228.97	
228.97	
228.984	
228.998	
228.998	
229.012	
229.026	
229.04	
229.04	
229.054	
229.068	
229.068	
229.082	
229.096	
229.11	
229.11	
229.124	
229.138	
229.138	
229.152	
229.166	
229.18	
229.18	
229.194	
229.208	
229.208	
229.222	
229.236	
229.25	
229.25	
229.264	
229.278	
229.278	
229.292	
229.306	
229.32	
229.32	
229.334	
229.348	
229.348	
229.362	
229.376	
229.39	
229.39	
229.404	
229.418	
229.418	
229.432	
229.446	
229.46	
229.46	
229.474	
229.488	
229.488	
229.502	
229.516	
229.53	
229.53	
229.544	
229.558	
229.558	
229.572	
229.586	
229.6	
229.6	
229.614	
229.628	
229.628	
229.642	
229.656	
229.67	
229.67	
229.684	
229.698	
229.698	
229.712	
229.726	
229.74	
229.74	
229.754	
229.768	
229.768	
229.782	
229.796	
229.81	
229.81	
229.824	
229.838	
229.838	
229.852	
229.866	
229.88	
229.88	
229.894	
229.908	
229.908	
229.922	
229.936	
229.95	
229.95	
229.964	
229.978	
229.978	
229.992	
230.006	
230.02	
230.02	
230.034	
230.048	
230.048	
230.062	
230.076	
230.09	
230.09	
230.104	
230.118	
230.118	
230.132	
230.146	
230.16	
230.16	
230.174	
230.188	
230.188	
230.202	
230.216	
230.23	
230.23	
230.244	
230.258	
230.258	
230.272	
230.286	
230.3	
230.3	
230.314	
230.328	
230.328	
230.342	
230.356	
230.37	
230.37	
230.384	
230.398	
230.398	
230.412	
230.426	
230.44	
230.44	
230.454	
230.468	
230.468	
230.482	
230.496	
230.51	
230.51	
230.524	
230.538	
230.538	
230.552	
230.566	
230.58	
230.58	
230.594	
230.608	
230.608	
230.622	
230.636	
230.65	
230.65	
230.664	
230.678	
230.678	
230.692	
230.706	
230.72	
230.72	
230.734	
230.748	
230.748	
230.762	
230.776	
230.79	
230.79	
230.804	
230.818	
230.818	
230.832	
230.846	
230.86	
230.86	
230.874	
230.888	
230.888	
230.902	
230.916	
230.93	
230.93	
230.944	
230.958	
230.958	
230.972	
230.986	
231	
231	
231.014	
231.028	
231.028	
231.042	
231.056	
231.07	
231.07	
231.084	
231.098	
231.098	
231.112	
231.126	
231.14	
231.14	
231.154	
231.168	
231.168	
231.182	
231.196	
231.21	
231.21	
231.224	
231.238	
231.238	
231.252	
231.266	
231.28	
231.28	
231.294	
231.308	
231.308	
231.322	
231.336	
231.35	
231.35	
231.364	
231.378	
231.378	
231.392	
231.406	
231.42	
231.42	
231.434	
231.448	
231.448	
231.462	
231.476	
231.49	
231.49	
231.504	
231.518	
231.518	
231.532	
231.546	
231.56	
231.56	
231.574	
231.588	
231.588	
231.602	
231.616	
231.63	
231.63	
231.644	
231.658	
231.658	
231.672	
231.686	
231.7	
231.7	
231.714	
231.728	
231.728	
231.742	
231.756	
231.77	
231.77	
231.784	
231.798	
231.798	
231.812	
231.826	
231.84	
231.84	
231.854	
231.868	
231.868	
231.882	
231.896	
231.91	
231.91	
231.924	
231.938	
231.938	
231.952	
231.966	
231.98	
231.98	
231.994	
232.008	
232.008	
232.022	
232.036	
232.05	
232.05	
232.064	
232.078	
232.078	
232.092	
232.106	
232.12	
232.12	
232.134	
232.148	
232.148	
232.162	
232.176	
232.19	
232.19	
232.204	
232.218	
232.218	
232.232	
232.246	
232.26	
232.26	
232.274	
232.288	
232.288	
232.302	
232.316	
232.33	
232.33	
232.344	
232.358	
232.358	
232.372	
232.386	
232.4	
232.4	
232.414	
232.428	
232.428	
232.442	
232.456	
232.47	
232.47	
232.484	
232.498	
232.498	
232.512	
232.526	
232.54	
232.54	
232.554	
232.568	
232.568	
232.582	
232.596	
232.61	
232.61	
232.624	
232.638	
232.638	
232.652	
232.666	
232.68	
232.68	
232.694	
232.708	
232.708	
232.722	
232.736	
232.75	
232.75	
232.764	
232.778	
232.778	
232.792	
232.806	
232.82	
232.82	
232.834	
232.848	
232.848	
232.862	
232.876	
232.89	
232.89	
232.904	
232.918	
232.918	
232.932	
232.946	
232.96	
232.96	
232.974	
232.988	
232.988	
233.002	
233.016	
233.03	
233.03	
233.044	
233.058	
233.058	
233.072	
233.086	
233.1	
233.1	
233.114	
233.128	
233.128	
233.142	
233.156	
233.17	
233.17	
233.184	
233.198	
233.198	
233.212	
233.226	
233.24	
233.24	
233.254	
233.268	
233.268	
233.282	
233.296	
233.31	
233.31	
233.324	
233.338	
233.338	
233.352	
233.366	
233.38	
233.38	
233.394	
233.408	
233.408	
233.422	
233.436	
233.45	
233.45	
233.464	
233.478	
233.478	
233.492	
233.506	
233.52	
233.52	
233.534	
233.548	
233.548	
233.562	
233.576	
233.59	
233.59	
233.604	
233.618	
233.618	
233.632	
233.646	
233.66	
233.66	
233.674	
233.688	
233.688	
233.702	
233.716	
233.73	
233.73	
233.744	
233.758	
233.758	
233.772	
233.786	
233.8	
233.8	
233.814	
233.828	
233.828	
233.842	
233.856	
233.87	
233.87	
233.884	
233.898	
233.898	
233.912	
233.926	
233.94	
233.94	
233.954	
233.968	
233.968	
233.982	
233.996	
234.01	
234.01	
234.024	
234.038	
234.038	
234.052	
234.066	
234.08	
234.08	
234.094	
234.108	
234.108	
234.122	
234.136	
234.15	
234.15	
234.164	
234.178	
234.178	
234.192	
234.206	
234.22	
234.22	
234.234	
234.248	
234.248	
234.262	
234.276	
234.29	
234.29	
234.304	
234.318	
234.318	
234.332	
234.346	
234.346	
234.36	
234.374	
234.388	
234.388	
234.402	
234.416	
234.43	
234.43	
234.444	
234.458	
234.458	
234.472	
234.486	
234.5	
234.5	
234.514	
234.528	
234.528	
234.542	
234.556	
234.57	
234.57	
234.584	
234.598	
234.598	
234.612	
234.626	
234.64	
234.64	
234.654	
234.668	
234.668	
234.682	
234.696	
234.71	
234.71	
234.724	
234.738	
234.738	
234.752	
234.766	
234.78	
234.78	
234.794	
234.808	
234.808	
234.822	
234.836	
234.85	
234.85	
234.864	
234.878	
234.878	
234.892	
234.906	
234.92	
234.92	
234.934	
234.948	
234.948	
234.962	
234.976	
234.99	
234.99	
235.004	
235.018	
235.018	
235.032	
235.046	
235.06	
235.06	
235.074	
235.088	
235.088	
235.102	
235.116	
235.13	
235.13	
235.144	
235.158	
235.158	
235.172	
235.186	
235.2	
235.2	
235.214	
235.228	
235.228	
235.242	
235.256	
235.27	
235.27	
235.284	
235.298	
235.298	
235.312	
235.326	
235.34	
235.34	
235.354	
235.368	
235.368	
235.382	
235.396	
235.41	
235.41	
235.424	
235.438	
235.438	
235.452	
235.466	
235.48	
235.48	
235.494	
235.508	
235.508	
235.522	
235.536	
235.55	
235.55	
235.564	
235.578	
235.578	
235.592	
235.606	
235.62	
235.62	
235.634	
235.648	
235.648	
235.662	
235.676	
235.69	
235.69	
235.704	
235.718	
235.718	
235.732	
235.746	
235.76	
235.76	
235.774	
235.788	
235.788	
235.802	
235.816	
235.83	
235.83	
235.844	
235.858	
235.858	
235.872	
235.886	
235.9	
235.9	
235.914	
235.928	
235.928	
235.942	
235.956	
235.97	
235.97	
235.984	
235.998	
235.998	
236.012	
236.026	
236.04	
236.04	
236.054	
236.068	
236.068	
236.082	
236.096	
236.11	
236.11	
236.124	
236.138	
236.138	
236.152	
236.166	
236.18	
236.18	
236.194	
236.208	
236.208	
236.222	
236.236	
236.25	
236.25	
236.264	
236.278	
236.278	
236.292	
236.306	
236.32	
236.32	
236.334	
236.348	
236.348	
236.362	
236.376	
236.39	
236.39	
236.404	
236.418	
236.418	
236.432	
236.446	
236.46	
236.46	
236.474	
236.488	
236.488	
236.502	
236.516	
236.53	
236.53	
236.544	
236.558	
236.558	
236.572	
236.586	
236.6	
236.6	
236.614	
236.628	
236.628	
236.642	
236.656	
236.67	
236.67	
236.684	
236.698	
236.698	
236.712	
236.726	
236.74	
236.74	
236.754	
236.768	
236.768	
236.782	
236.796	
236.81	
236.81	
236.824	
236.838	
236.838	
236.852	
236.866	
236.88	
236.88	
236.894	
236.908	
236.908	
236.922	
236.936	
236.95	
236.95	
236.964	
236.978	
236.978	
236.992	
237.006	
237.02	
237.02	
237.034	
237.048	
237.048	
237.062	
237.076	
237.09	
237.09	
237.104	
237.118	
237.118	
237.132	
237.146	
237.16	
237.16	
237.174	
237.188	
237.188	
237.202	
237.216	
237.23	
237.23	
237.244	
237.258	
237.258	
237.272	
237.286	
237.3	
237.3	
237.314	
237.328	
237.328	
237.342	
237.356	
237.37	
237.37	
237.384	
237.398	
237.398	
237.412	
237.426	
237.44	
237.44	
237.454	
237.468	
237.468	
237.482	
237.496	
237.51	
237.51	
237.524	
237.538	
237.538	
237.552	
237.566	
237.58	
237.58	
237.594	
237.608	
237.608	
237.622	
237.636	
237.65	
237.65	
237.664	
237.678	
237.678	
237.692	
237.706	
237.72	
237.72	
237.734	
237.748	
237.748	
237.762	
237.776	
237.79	
237.79	
237.804	
237.818	
237.818	
237.832	
237.846	
237.86	
237.86	
237.874	
237.888	
237.888	
237.902	
237.916	
237.93	
237.93	
237.944	
237.958	
237.958	
237.972	
237.986	
238	
238	
238.014	
238.028	
238.028	
238.042	
238.056	
238.07	
238.07	
238.084	
238.098	
238.098	
238.112	
238.126	
238.14	
238.14	
238.154	
238.168	
238.168	
238.182	
238.196	
238.21	
238.21	
238.224	
238.238	
238.238	
238.252	
238.266	
238.28	
238.28	
238.294	
238.308	
238.308	
238.322	
238.336	
238.35	
238.35	
238.364	
238.378	
238.378	
238.392	
238.406	
238.42	
238.42	
238.434	
238.448	
238.448	
238.462	
238.476	
238.49	
238.49	
238.504	
238.518	
238.518	
238.532	
238.546	
238.56	
238.56	
238.574	
238.588	
238.588	
238.602	
238.616	
238.63	
238.63	
238.644	
238.658	
238.658	
238.672	
238.686	
238.7	
238.7	
238.714	
238.728	
238.728	
238.742	
238.756	
238.77	
238.77	
238.784	
238.798	
238.798	
238.812	
238.826	
238.84	
238.84	
238.854	
238.868	
238.868	
238.882	
238.896	
238.91	
238.91	
238.924	
238.938	
238.938	
238.952	
238.966	
238.98	
238.98	
238.994	
239.008	
239.008	
239.022	
239.036	
239.05	
239.05	
239.064	
239.078	
239.078	
239.092	
239.106	
239.12	
239.12	
239.134	
239.148	
239.148	
239.162	
239.176	
239.19	
239.19	
239.204	
239.218	
239.218	
239.232	
239.246	
239.26	
239.26	
239.274	
239.288	
239.288	
239.302	
239.316	
239.33	
239.33	
239.344	
239.358	
239.358	
239.372	
239.386	
239.4	
239.4	
239.414	
239.428	
239.428	
239.442	
239.456	
239.47	
239.47	
239.484	
239.498	
239.498	
239.512	
239.526	
239.54	
239.54	
239.554	
239.568	
239.568	
239.582	
239.596	
239.61	
239.61	
239.624	
239.638	
239.638	
239.652	
239.666	
239.68	
239.68	
239.694	
239.708	
239.708	
239.722	
239.736	
239.75	
239.75	
239.764	
239.778	
239.778	
239.792	
239.806	
239.82	
239.82	
239.834	
239.848	
239.848	
239.862	
239.876	
239.89	
239.89	
239.904	
239.918	
239.918	
239.932	
239.946	
239.96	
239.96	
239.974	
239.988	
239.988	
240.002	
240.016	
240.03	
240.03	
240.044	
240.058	
240.058	
240.072	
240.086	
240.1	
240.1	
240.114	
240.128	
240.128	
240.142	
240.156	
240.17	
240.17	
240.184	
240.198	
240.198	
240.212	
240.226	
240.24	
240.24	
240.255	
240.268	
240.268	
240.282	
240.296	
240.31	
240.31	
240.324	
240.338	
240.338	
240.352	
240.366	
240.38	
240.38	
240.394	
240.408	
240.408	
240.422	
240.436	
240.45	
240.45	
240.464	
240.478	
240.478	
240.492	
240.506	
240.52	
240.52	
240.534	
240.548	
240.548	
240.562	
240.576	
240.59	
240.59	
240.604	
240.618	
240.618	
240.632	
240.646	
240.66	
240.66	
240.674	
240.688	
240.688	
240.702	
240.716	
240.73	
240.73	
240.744	
240.758	
240.758	
240.772	
240.786	
240.8	
240.8	
240.814	
240.828	
240.828	
240.842	
240.856	
240.87	
240.87	
240.884	
240.898	
240.898	
240.912	
240.926	
240.94	
240.94	
240.954	
240.968	
240.968	
240.982	
240.996	
241.01	
241.01	
241.024	
241.038	
241.038	
241.052	
241.066	
241.08	
241.08	
241.094	
241.108	
241.108	
241.122	
241.136	
241.15	
241.15	
241.164	
241.178	
241.178	
241.192	
241.206	
241.22	
241.22	
241.234	
241.248	
241.248	
241.262	
241.276	
241.29	
241.29	
241.304	
241.318	
241.318	
241.332	
241.346	
241.36	
241.36	
241.374	
241.388	
241.388	
241.402	
241.416	
241.43	
241.43	
241.444	
241.458	
241.458	
241.472	
241.486	
241.5	
241.5	
241.514	
