time	
245.658	
245.658	
245.672	
245.686	
245.686	
245.7	
245.714	
245.728	
245.728	
245.742	
245.756	
245.756	
245.77	
245.784	
245.798	
245.798	
245.812	
245.826	
245.826	
245.84	
245.854	
245.868	
245.868	
245.882	
245.896	
245.896	
245.91	
245.924	
245.938	
245.938	
245.952	
245.966	
245.966	
245.98	
245.994	
246.008	
246.008	
246.022	
246.036	
246.036	
246.05	
246.064	
246.078	
246.078	
246.092	
246.106	
246.106	
246.12	
246.134	
246.148	
246.148	
246.162	
246.176	
246.176	
246.19	
246.204	
246.218	
246.218	
246.232	
246.246	
246.246	
246.26	
246.274	
246.288	
246.288	
246.302	
246.316	
246.316	
246.33	
246.344	
246.358	
246.358	
246.372	
246.386	
246.386	
246.4	
246.414	
246.428	
246.428	
246.442	
246.456	
246.456	
246.47	
246.484	
246.498	
246.498	
246.512	
246.527	
246.527	
246.54	
246.554	
246.568	
246.568	
246.582	
246.596	
246.596	
246.61	
246.624	
246.638	
246.638	
246.652	
246.666	
246.666	
246.68	
246.694	
246.708	
246.708	
246.722	
246.736	
246.736	
246.75	
246.764	
246.778	
246.778	
246.792	
246.806	
246.806	
246.82	
246.834	
246.848	
246.848	
246.862	
246.876	
246.876	
246.89	
246.904	
246.918	
246.918	
246.932	
246.946	
246.946	
246.96	
246.974	
246.988	
246.988	
247.002	
247.016	
247.016	
247.03	
247.044	
247.058	
247.058	
247.072	
247.086	
247.086	
247.1	
247.114	
247.128	
247.128	
247.142	
247.156	
247.156	
247.17	
247.184	
247.198	
247.198	
247.212	
247.226	
247.226	
247.24	
247.254	
247.268	
247.268	
247.282	
247.296	
247.296	
247.31	
247.324	
247.338	
247.338	
247.352	
247.366	
247.366	
247.38	
247.394	
247.408	
247.408	
247.422	
247.436	
247.436	
247.45	
247.464	
247.478	
247.478	
247.492	
247.506	
247.506	
247.52	
247.534	
247.548	
247.548	
247.562	
247.576	
247.576	
247.59	
247.604	
247.618	
247.618	
247.632	
247.646	
247.646	
247.66	
247.674	
247.688	
247.688	
247.702	
247.716	
247.716	
247.73	
247.744	
247.758	
247.758	
247.772	
247.786	
247.786	
247.8	
247.814	
247.828	
247.828	
247.842	
247.856	
247.856	
247.87	
247.884	
247.898	
247.898	
247.912	
247.926	
247.926	
247.94	
247.954	
247.968	
247.968	
247.982	
247.996	
247.996	
248.01	
248.024	
248.038	
248.038	
248.052	
248.066	
248.066	
248.08	
248.094	
248.108	
248.108	
248.122	
248.136	
248.136	
248.15	
248.164	
248.178	
248.178	
248.192	
248.206	
248.206	
248.22	
248.234	
248.248	
248.248	
248.262	
248.262	
248.283	
248.29	
248.304	
248.318	
248.318	
248.332	
248.346	
248.346	
248.36	
248.374	
248.388	
248.388	
248.402	
248.416	
248.416	
248.43	
248.444	
248.458	
248.458	
248.472	
248.486	
248.486	
248.5	
248.514	
248.528	
248.528	
248.542	
248.556	
248.556	
248.57	
248.584	
248.598	
248.598	
248.612	
248.626	
248.626	
248.64	
248.654	
248.668	
248.668	
248.682	
248.696	
248.696	
248.71	
248.724	
248.738	
248.738	
248.752	
248.766	
248.766	
248.78	
248.794	
248.808	
248.808	
248.822	
248.836	
248.836	
248.85	
248.864	
248.878	
248.878	
248.892	
248.906	
248.906	
248.92	
248.934	
248.948	
248.948	
248.962	
248.976	
248.976	
248.99	
249.004	
249.018	
249.018	
249.032	
249.046	
249.06	
249.06	
249.074	
249.088	
249.088	
249.102	
249.116	
249.116	
249.13	
249.144	
249.158	
249.158	
249.172	
249.186	
249.186	
249.2	
249.214	
249.228	
249.228	
249.242	
249.256	
249.256	
249.27	
249.284	
249.298	
249.298	
249.312	
249.326	
249.326	
249.34	
249.354	
249.368	
249.368	
249.382	
249.396	
249.396	
249.41	
249.424	
249.438	
249.438	
249.452	
249.466	
249.466	
249.48	
249.494	
249.508	
249.508	
249.522	
249.536	
249.536	
249.55	
249.564	
249.578	
249.578	
249.592	
249.606	
249.606	
249.62	
249.634	
249.648	
249.648	
249.662	
249.676	
249.676	
249.69	
249.704	
249.718	
249.718	
249.732	
249.746	
249.746	
249.76	
249.774	
249.788	
249.788	
249.802	
249.816	
249.816	
249.83	
249.844	
249.858	
249.858	
249.872	
249.886	
249.886	
249.9	
249.914	
249.928	
249.928	
249.942	
249.956	
249.956	
249.97	
249.984	
249.998	
249.998	
250.012	
250.026	
250.026	
250.04	
250.054	
250.068	
250.068	
250.082	
250.096	
250.096	
250.11	
250.124	
250.138	
250.138	
250.152	
250.166	
250.166	
250.18	
250.194	
250.208	
250.208	
250.222	
250.236	
250.236	
250.25	
250.264	
250.278	
250.278	
250.292	
250.306	
250.306	
250.32	
250.334	
250.348	
250.348	
250.362	
250.376	
250.376	
250.39	
250.404	
250.418	
250.418	
250.432	
250.446	
250.446	
250.46	
250.474	
250.488	
250.488	
250.502	
250.516	
250.516	
250.53	
250.544	
250.558	
250.558	
250.572	
250.586	
250.586	
250.6	
250.614	
250.628	
250.628	
250.642	
250.656	
250.656	
250.67	
250.684	
250.698	
250.698	
250.712	
250.726	
250.726	
250.74	
250.754	
250.768	
250.768	
250.782	
250.796	
250.796	
250.81	
250.824	
250.838	
250.838	
250.852	
250.866	
250.866	
250.88	
250.894	
250.908	
250.908	
250.922	
250.936	
250.936	
250.95	
250.964	
250.978	
250.978	
250.992	
251.006	
251.006	
251.02	
251.034	
251.048	
251.048	
251.062	
251.076	
251.076	
251.09	
251.104	
251.118	
251.118	
251.132	
251.146	
251.146	
251.16	
251.174	
251.188	
251.188	
251.202	
251.216	
251.216	
251.23	
251.244	
251.258	
251.258	
251.272	
251.286	
251.286	
251.3	
251.314	
