time	joint_joint0	joint_joint1	joint_joint2	joint_joint3	joint_joint4	joint_joint5	joint_joint6	cart_pos_x	cart_pos_y	cart_pos_z	cart_quat_x	cart_quat_y	cart_quat_z	cart_quat_w	force_joint_joint0	force_joint_joint1	force_joint_joint2	force_joint_joint3	force_joint_joint4	force_joint_joint5	force_joint_joint6	cart_force_x	cart_force_y	cart_force_z	cart_trq_x	cart_trq_y	cart_trq_z	
1486258434490	-2.24825	1.6371	-2.17343	1.88324	2.30109	-1.65957	-0.957918	-0.113134	0.717699	0.330807	-0.00670147	-0.933591	0.00893361	-0.358166	1.70751	-2.50981	1.83507	-0.614514	0.24288	1.04167	-0.436934	2.28289	-3.78904	8.17714	0.723359	-0.880472	-0.61298	
1486258434891	-2.24818	1.63706	-2.17328	1.88309	2.30109	-1.65948	-0.957918	-0.113038	0.717686	0.330784	-0.00674053	-0.933581	0.00898927	-0.35819	1.69807	-2.58197	1.77771	-0.522837	0.212498	1.00836	-0.440102	2.58026	-3.63304	7.91303	0.758957	-0.851881	-0.636548	
1486258437491	-2.25094	1.63829	-2.17512	1.88483	2.30176	-1.66222	-0.95792	-0.114762	0.718054	0.330719	-0.00610266	-0.934258	0.00828635	-0.356449	3.65437	-4.09898	3.49864	-1.81616	-0.111543	2.8499	-0.280509	-0.103527	-7.02087	17.3661	2.03623	-1.47899	-0.387735	
1486258437698	-2.25093	1.63831	-2.17513	1.88488	2.30178	-1.66222	-0.95792	-0.114768	0.71805	0.330742	-0.00611251	-0.934255	0.00825188	-0.356458	3.52151	-4.11423	3.50978	-1.79451	-0.139432	2.69534	-0.280821	0.128445	-6.82267	16.9863	1.95019	-1.38324	-0.393497	
1486258437988	-2.25093	1.63831	-2.17513	1.88489	2.3018	-1.66222	-0.957921	-0.114769	0.71805	0.330747	-0.00611127	-0.934255	0.00823975	-0.356458	3.46254	-4.08343	3.48482	-1.7517	-0.141121	2.62232	-0.278065	0.249562	-6.72502	16.701	1.90426	-1.34828	-0.394057	
1486258438294	-2.25093	1.63831	-2.17513	1.8849	2.30183	-1.66222	-0.957921	-0.11477	0.71805	0.330749	-0.0061083	-0.934256	0.0082287	-0.356455	3.43595	-4.05756	3.4623	-1.73119	-0.137715	2.57211	-0.278415	0.292363	-6.69711	16.5164	1.87059	-1.32387	-0.398845	
1486258438321	-2.25093	1.63831	-2.17513	1.8849	2.30183	-1.66222	-0.957921	-0.11477	0.71805	0.330749	-0.00610825	-0.934256	0.00822747	-0.356455	3.43162	-4.06564	3.46727	-1.73112	-0.139102	2.56899	-0.278646	0.311863	-6.6882	16.5207	1.87017	-1.3223	-0.39946	
1486258438350	-2.25093	1.63831	-2.17513	1.8849	2.30183	-1.66222	-0.957921	-0.11477	0.71805	0.330749	-0.00610825	-0.934256	0.00822747	-0.356455	3.42271	-4.06797	3.46315	-1.73708	-0.135925	2.56567	-0.279823	0.308549	-6.67343	16.5206	1.86823	-1.32233	-0.401502	
1486258438388	-2.25093	1.63831	-2.17513	1.8849	2.30183	-1.66222	-0.957921	-0.11477	0.71805	0.330749	-0.00610782	-0.934257	0.00822559	-0.356454	3.42263	-4.05465	3.45821	-1.72842	-0.134503	2.56205	-0.279112	0.310621	-6.6767	16.4844	1.86307	-1.32188	-0.40012	
1486258438458	-2.25093	1.63831	-2.17513	1.88491	2.30183	-1.66222	-0.957921	-0.11477	0.71805	0.330749	-0.00610742	-0.934257	0.00822481	-0.356454	3.42728	-4.05569	3.4547	-1.72452	-0.134779	2.55288	-0.278632	0.317594	-6.68662	16.4585	1.85952	-1.31591	-0.402478	
1486258438578	-2.25093	1.63831	-2.17513	1.88491	2.30184	-1.66221	-0.957921	-0.11477	0.71805	0.330751	-0.00610716	-0.934257	0.00822116	-0.356454	3.41853	-4.06185	3.45419	-1.72195	-0.141532	2.53608	-0.275878	0.336807	-6.66549	16.4173	1.85465	-1.30161	-0.401875	
1486258438588	-2.25093	1.63831	-2.17513	1.88491	2.30184	-1.66221	-0.957921	-0.11477	0.71805	0.330751	-0.00610716	-0.934257	0.00822116	-0.356454	3.41853	-4.06185	3.45419	-1.72195	-0.141532	2.53608	-0.275878	0.336807	-6.66549	16.4173	1.85465	-1.30161	-0.401875	
1486258438699	-2.25093	1.63831	-2.17513	1.88491	2.30185	-1.66221	-0.957921	-0.11477	0.71805	0.330751	-0.006106	-0.934257	0.00821775	-0.356452	3.38511	-4.05627	3.44374	-1.72381	-0.133185	2.52116	-0.27872	0.359526	-6.61156	16.3713	1.84192	-1.30146	-0.404677	
1486258438748	-2.25093	1.63831	-2.17513	1.88491	2.30185	-1.66221	-0.957921	-0.114771	0.71805	0.330751	-0.00610588	-0.934258	0.00821648	-0.356452	3.38968	-4.05138	3.44206	-1.72254	-0.131642	2.5162	-0.279795	0.354929	-6.62895	16.356	1.83708	-1.29911	-0.406625	
1486258439491	-2.25093	1.63831	-2.17514	1.88492	2.30189	-1.66221	-0.957923	-0.114772	0.718052	0.330753	-0.00609974	-0.93426	0.00819921	-0.356445	3.31219	-4.03977	3.41597	-1.70117	-0.128275	2.4642	-0.280448	0.462401	-6.48156	16.1579	1.80655	-1.27974	-0.408786	
1486258439890	-2.25093	1.63831	-2.17514	1.88492	2.30191	-1.66221	-0.957923	-0.114773	0.718053	0.330754	-0.0060972	-0.934262	0.00818949	-0.356442	3.2838	-4.04742	3.41363	-1.68999	-0.125517	2.43275	-0.279124	0.536315	-6.43131	16.0797	1.78971	-1.26827	-0.411559	
1486258441400	-2.25093	1.63831	-2.17514	1.88493	2.30197	-1.66217	-0.957923	-0.114771	0.718057	0.330759	-0.00608459	-0.934261	0.0081515	-0.356446	3.14332	-3.98613	3.37893	-1.68192	-0.110068	2.34545	-0.282858	0.611962	-6.22332	15.7733	1.71551	-1.23872	-0.408955	
