time	
203.518	
203.518	
203.533	
203.546	
203.546	
203.56	
203.574	
203.588	
203.588	
203.602	
203.616	
203.616	
203.63	
203.644	
203.658	
203.658	
203.672	
203.686	
203.686	
203.7	
203.714	
203.728	
203.728	
203.742	
203.756	
203.756	
203.77	
203.784	
203.798	
203.798	
203.812	
203.826	
203.826	
203.84	
203.854	
203.868	
203.868	
203.882	
203.896	
203.896	
203.91	
203.924	
203.938	
203.938	
203.952	
203.966	
203.966	
203.98	
203.994	
204.008	
204.008	
204.022	
204.036	
204.036	
204.05	
204.064	
204.078	
204.078	
204.092	
204.106	
204.106	
204.12	
204.134	
204.148	
204.148	
204.162	
204.176	
204.176	
204.19	
204.204	
204.218	
204.218	
204.232	
204.246	
204.246	
204.26	
204.274	
204.288	
204.288	
204.302	
204.316	
204.316	
204.33	
204.344	
204.358	
204.358	
204.372	
204.386	
204.386	
204.4	
204.414	
204.428	
204.428	
204.442	
204.456	
204.456	
204.47	
204.484	
204.498	
204.498	
204.512	
204.526	
204.526	
204.54	
204.554	
204.568	
204.568	
204.582	
204.596	
204.596	
204.61	
204.624	
204.638	
204.638	
204.652	
204.666	
204.666	
204.68	
204.694	
204.708	
204.708	
204.722	
204.736	
204.736	
204.75	
204.764	
204.778	
204.778	
204.792	
204.806	
204.806	
204.82	
204.834	
204.848	
204.848	
204.862	
204.876	
204.876	
204.89	
204.904	
204.918	
204.918	
204.932	
204.946	
204.946	
204.96	
204.974	
204.988	
204.988	
205.002	
205.016	
205.016	
205.03	
205.044	
205.058	
205.058	
205.072	
205.086	
205.086	
205.1	
205.116	
205.128	
205.128	
205.142	
205.156	
205.156	
205.17	
205.184	
205.198	
205.198	
205.212	
205.226	
205.226	
205.24	
205.254	
205.268	
205.268	
205.282	
205.296	
205.296	
205.31	
205.324	
205.338	
205.338	
205.352	
205.366	
205.366	
205.38	
205.394	
205.408	
205.408	
205.422	
205.436	
205.436	
205.45	
205.464	
205.478	
205.478	
205.492	
205.506	
205.506	
205.52	
205.534	
205.548	
205.548	
205.562	
205.576	
205.576	
205.59	
205.604	
205.618	
205.618	
205.632	
205.646	
205.646	
205.66	
205.674	
205.688	
205.688	
205.702	
205.716	
205.716	
205.73	
205.744	
205.761	
205.761	
205.772	
205.786	
205.786	
205.8	
205.814	
205.828	
205.828	
205.842	
205.856	
205.856	
205.87	
205.884	
205.898	
205.898	
205.912	
205.926	
205.926	
205.94	
205.954	
205.968	
205.968	
205.982	
205.996	
205.996	
206.01	
206.024	
206.038	
206.038	
206.052	
206.066	
206.066	
206.08	
206.094	
206.108	
206.108	
206.122	
206.136	
206.136	
206.15	
206.164	
206.178	
206.178	
206.192	
206.206	
206.206	
206.22	
206.234	
206.248	
206.248	
206.262	
206.276	
206.276	
206.29	
206.304	
206.318	
206.318	
206.332	
206.346	
206.346	
206.36	
206.374	
206.388	
206.388	
206.402	
206.416	
206.416	
206.43	
206.444	
206.458	
206.458	
206.472	
206.486	
206.486	
206.5	
206.514	
206.528	
206.528	
206.542	
206.556	
206.556	
206.57	
206.584	
206.598	
206.598	
206.612	
206.626	
206.626	
206.64	
206.654	
206.668	
206.668	
206.682	
206.696	
206.696	
206.71	
206.724	
206.738	
206.738	
206.752	
206.766	
206.766	
206.78	
206.794	
206.808	
206.808	
206.822	
206.836	
206.836	
206.85	
206.864	
206.878	
206.878	
206.892	
206.906	
206.906	
206.921	
206.934	
206.948	
206.948	
206.962	
206.976	
206.976	
206.99	
207.004	
207.018	
207.018	
207.032	
207.046	
207.046	
207.06	
207.074	
207.088	
207.088	
207.102	
207.116	
207.116	
207.13	
207.144	
207.158	
207.158	
207.172	
207.186	
207.186	
207.2	
207.214	
207.228	
207.228	
207.242	
207.256	
207.256	
207.27	
207.284	
207.298	
207.298	
207.312	
207.326	
207.326	
207.34	
207.354	
207.368	
207.368	
207.382	
207.396	
207.396	
207.41	
207.424	
207.438	
207.438	
207.452	
207.466	
207.466	
207.48	
207.494	
207.508	
207.508	
207.522	
207.536	
207.536	
207.55	
207.564	
207.578	
207.578	
207.592	
207.606	
207.606	
207.62	
207.634	
207.648	
207.648	
207.662	
207.676	
207.676	
207.69	
207.704	
207.718	
207.718	
207.732	
207.746	
207.746	
207.76	
207.774	
207.788	
207.788	
207.802	
207.816	
207.816	
207.83	
207.844	
207.858	
207.858	
207.872	
207.886	
207.886	
207.9	
207.914	
207.928	
207.928	
207.942	
207.956	
207.956	
207.97	
207.984	
207.998	
207.998	
208.012	
208.026	
208.026	
208.04	
208.054	
208.068	
208.068	
208.082	
208.096	
208.096	
208.11	
208.124	
208.138	
208.138	
208.152	
208.166	
208.166	
208.18	
208.194	
208.208	
208.208	
208.222	
208.236	
208.236	
208.25	
208.264	
208.278	
208.278	
208.292	
208.306	
208.306	
208.32	
208.334	
208.348	
208.348	
208.362	
208.376	
208.376	
208.39	
208.404	
208.418	
208.418	
208.432	
208.446	
208.446	
208.46	
208.474	
208.493	
208.493	
208.502	
208.516	
208.516	
208.53	
208.544	
208.558	
208.558	
208.572	
208.586	
208.586	
208.6	
208.614	
208.628	
208.628	
208.642	
208.656	
208.656	
208.67	
208.684	
208.698	
208.698	
208.712	
208.726	
208.726	
208.74	
208.754	
208.768	
208.768	
208.782	
208.796	
208.796	
208.81	
208.824	
208.838	
208.838	
208.852	
208.866	
208.866	
208.88	
208.894	
208.908	
208.908	
208.922	
208.936	
208.936	
208.95	
208.964	
208.978	
208.978	
208.992	
209.006	
209.006	
209.02	
209.034	
209.048	
209.048	
209.062	
209.076	
209.076	
209.09	
209.104	
209.118	
209.118	
209.132	
209.146	
209.146	
209.16	
209.174	
