time	
1467.53	
1467.53	
1467.54	
1467.55	
1467.55	
1467.57	
1467.57	
1467.6	
1467.6	
1467.61	
1467.62	
1467.62	
1467.64	
1467.65	
1467.67	
1467.67	
1467.68	
1467.7	
1467.7	
1467.71	
1467.72	
1467.74	
1467.74	
1467.75	
1467.76	
1467.76	
1467.78	
1467.79	
1467.81	
1467.81	
1467.82	
1467.83	
1467.83	
1467.85	
1467.86	
1467.88	
1467.88	
1467.9	
1467.9	
1467.91	
1467.92	
1467.93	
1467.95	
1467.95	
1467.96	
1467.96	
1467.98	
1468	
1468	
1468.02	
1468.02	
1468.03	
1468.04	
1468.04	
1468.06	
1468.07	
1468.09	
1468.09	
1468.1	
1468.11	
1468.11	
1468.13	
1468.14	
1468.16	
1468.16	
1468.17	
1468.18	
1468.18	
1468.2	
1468.21	
1468.23	
1468.23	
1468.24	
1468.25	
1468.25	
1468.27	
1468.28	
1468.28	
1468.3	
1468.31	
1468.32	
1468.32	
1468.34	
1468.35	
1468.37	
1468.37	
1468.38	
1468.39	
1468.39	
1468.41	
1468.42	
1468.44	
1468.44	
1468.45	
1468.46	
1468.46	
1468.48	
1468.49	
1468.51	
1468.51	
1468.52	
1468.53	
1468.53	
1468.55	
1468.56	
1468.58	
1468.58	
1468.59	
1468.61	
1468.61	
1468.62	
1468.63	
1468.65	
1468.65	
1468.66	
1468.67	
1468.67	
1468.69	
1468.7	
1468.72	
1468.72	
1468.73	
1468.74	
1468.74	
1468.76	
1468.77	
1468.79	
1468.79	
1468.8	
1468.81	
1468.81	
1468.83	
1468.84	
1468.86	
1468.86	
1468.87	
1468.88	
1468.88	
1468.9	
1468.91	
1468.93	
1468.93	
1468.94	
1468.95	
1468.95	
1468.97	
1468.98	
1469	
1469	
1469.01	
1469.02	
1469.02	
1469.04	
1469.05	
1469.07	
1469.07	
1469.08	
1469.09	
1469.09	
1469.11	
1469.12	
1469.14	
1469.14	
1469.15	
1469.16	
1469.16	
1469.18	
1469.19	
1469.21	
1469.21	
1469.22	
1469.23	
1469.23	
1469.25	
1469.26	
1469.28	
1469.28	
1469.29	
1469.3	
1469.3	
1469.32	
1469.33	
1469.35	
1469.35	
1469.36	
1469.37	
1469.37	
1469.39	
1469.4	
1469.42	
1469.42	
1469.43	
1469.44	
1469.44	
1469.46	
1469.47	
1469.49	
1469.49	
1469.5	
1469.51	
1469.51	
1469.53	
1469.54	
1469.56	
1469.56	
1469.57	
1469.58	
1469.58	
1469.6	
1469.61	
1469.63	
1469.63	
1469.64	
1469.65	
1469.65	
1469.67	
1469.68	
1469.7	
1469.7	
1469.71	
1469.72	
1469.72	
1469.74	
1469.75	
1469.77	
1469.77	
1469.78	
1469.79	
1469.79	
1469.81	
1469.82	
1469.84	
1469.84	
1469.85	
1469.86	
1469.86	
1469.88	
1469.89	
1469.91	
1469.91	
1469.92	
1469.93	
1469.93	
1469.95	
1469.96	
1469.98	
1469.98	
1469.99	
1470	
1470	
1470.02	
1470.03	
1470.05	
1470.05	
1470.06	
1470.07	
1470.07	
1470.09	
1470.1	
1470.12	
1470.12	
1470.13	
1470.14	
1470.14	
1470.16	
1470.17	
1470.19	
1470.19	
1470.2	
1470.21	
1470.21	
1470.23	
1470.24	
1470.26	
1470.26	
1470.27	
1470.28	
1470.28	
1470.3	
1470.31	
1470.33	
1470.33	
1470.34	
1470.35	
1470.35	
1470.37	
1470.38	
1470.4	
1470.4	
1470.41	
1470.42	
1470.42	
1470.44	
1470.45	
1470.47	
1470.47	
1470.48	
1470.49	
1470.49	
1470.51	
1470.52	
1470.54	
1470.54	
1470.55	
1470.56	
1470.56	
1470.58	
1470.59	
1470.61	
1470.61	
1470.62	
1470.63	
1470.63	
1470.65	
1470.66	
1470.68	
1470.68	
1470.69	
1470.7	
1470.7	
1470.72	
1470.73	
1470.75	
1470.75	
1470.76	
1470.77	
1470.77	
1470.79	
1470.8	
1470.82	
1470.82	
1470.83	
1470.84	
1470.84	
1470.86	
1470.87	
1470.89	
1470.89	
1470.9	
1470.91	
1470.91	
1470.93	
1470.94	
1470.96	
1470.96	
1470.97	
1470.99	
1470.99	
1471	
1471.01	
1471.03	
1471.03	
1471.04	
1471.05	
1471.05	
1471.07	
1471.08	
1471.1	
1471.1	
1471.11	
1471.12	
1471.12	
1471.14	
1471.15	
1471.17	
1471.17	
1471.18	
1471.19	
1471.19	
1471.21	
1471.22	
1471.24	
1471.24	
1471.25	
1471.26	
1471.26	
1471.28	
1471.29	
1471.31	
1471.31	
1471.32	
1471.33	
1471.33	
1471.35	
1471.36	
1471.38	
1471.38	
1471.39	
1471.4	
1471.4	
1471.42	
1471.43	
1471.45	
1471.45	
1471.46	
1471.47	
1471.47	
1471.49	
1471.5	
1471.52	
1471.52	
1471.53	
1471.54	
1471.54	
1471.56	
1471.57	
1471.59	
1471.59	
1471.6	
1471.61	
1471.61	
1471.63	
1471.64	
1471.66	
1471.66	
1471.67	
1471.68	
1471.68	
1471.7	
1471.71	
1471.73	
1471.73	
1471.74	
1471.75	
1471.75	
1471.77	
1471.78	
1471.8	
1471.8	
1471.81	
1471.82	
1471.82	
1471.84	
1471.85	
1471.87	
1471.87	
1471.88	
1471.89	
1471.89	
1471.91	
1471.92	
1471.94	
1471.94	
1471.95	
1471.96	
1471.96	
1471.98	
1471.99	
1472.01	
1472.01	
1472.02	
1472.03	
1472.03	
1472.05	
1472.06	
1472.08	
1472.08	
1472.09	
1472.1	
1472.1	
1472.12	
1472.13	
1472.15	
1472.15	
1472.16	
1472.17	
1472.17	
1472.19	
1472.2	
1472.22	
1472.22	
1472.23	
1472.24	
1472.24	
1472.26	
1472.27	
1472.29	
1472.29	
1472.3	
1472.31	
1472.31	
1472.33	
1472.34	
1472.36	
1472.36	
1472.37	
1472.38	
1472.38	
1472.4	
1472.41	
1472.43	
1472.43	
1472.44	
1472.45	
1472.45	
1472.47	
1472.48	
1472.5	
1472.5	
1472.51	
1472.52	
1472.52	
1472.54	
1472.55	
1472.57	
1472.57	
1472.58	
1472.59	
1472.59	
1472.61	
1472.62	
1472.64	
1472.64	
1472.65	
1472.66	
1472.66	
1472.68	
1472.69	
1472.71	
1472.71	
1472.72	
1472.73	
1472.73	
1472.75	
1472.76	
1472.78	
1472.78	
1472.79	
1472.8	
1472.8	
1472.82	
1472.83	
1472.85	
1472.85	
1472.86	
1472.87	
1472.87	
1472.89	
1472.9	
1472.92	
1472.92	
1472.93	
1472.94	
1472.94	
1472.96	
1472.97	
1472.99	
1472.99	
1473	
1473.01	
1473.01	
1473.03	
1473.04	
1473.06	
1473.06	
1473.07	
1473.08	
1473.08	
1473.1	
1473.11	
1473.13	
1473.13	
1473.14	
1473.15	
1473.15	
1473.17	
1473.18	
1473.2	
1473.2	
1473.21	
1473.22	
1473.22	
1473.24	
1473.25	
1473.27	
1473.27	
1473.28	
1473.29	
1473.29	
1473.31	
1473.32	
1473.34	
1473.34	
1473.35	
1473.36	
1473.36	
1473.38	
1473.39	
1473.41	
1473.41	
1473.42	
1473.43	
1473.43	
1473.45	
1473.46	
1473.48	
1473.48	
1473.49	
1473.5	
1473.5	
1473.52	
1473.53	
1473.55	
1473.55	
1473.56	
1473.57	
1473.57	
1473.59	
1473.6	
1473.62	
1473.62	
1473.63	
1473.64	
1473.64	
1473.66	
1473.67	
1473.69	
1473.69	
1473.7	
1473.71	
1473.71	
1473.73	
1473.74	
1473.76	
1473.76	
1473.77	
1473.78	
1473.78	
1473.8	
1473.81	
1473.83	
1473.83	
1473.84	
1473.85	
1473.85	
1473.87	
1473.88	
1473.9	
1473.9	
1473.91	
1473.92	
1473.92	
1473.94	
1473.95	
1473.97	
1473.97	
1473.98	
1473.99	
1473.99	
1474.01	
1474.02	
1474.04	
1474.04	
1474.05	
1474.06	
1474.06	
1474.08	
1474.09	
1474.11	
1474.11	
1474.12	
1474.13	
1474.13	
1474.15	
1474.16	
1474.18	
1474.18	
1474.19	
1474.2	
1474.2	
1474.22	
1474.23	
1474.25	
1474.25	
1474.26	
1474.27	
1474.27	
1474.29	
1474.3	
1474.32	
1474.32	
1474.33	
1474.34	
1474.34	
1474.36	
1474.37	
1474.39	
1474.39	
1474.4	
1474.41	
1474.41	
1474.43	
1474.44	
1474.46	
1474.46	
1474.47	
1474.48	
1474.48	
1474.5	
1474.51	
1474.53	
1474.53	
1474.54	
1474.55	
1474.55	
1474.57	
1474.58	
1474.6	
1474.6	
1474.61	
1474.62	
1474.62	
1474.64	
1474.65	
1474.67	
1474.67	
1474.68	
1474.69	
1474.69	
1474.71	
1474.72	
1474.74	
1474.74	
1474.75	
1474.76	
1474.76	
1474.78	
1474.79	
1474.81	
1474.81	
1474.82	
1474.83	
1474.83	
1474.85	
1474.86	
1474.88	
1474.88	
1474.89	
1474.9	
1474.9	
1474.92	
1474.93	
1474.95	
1474.95	
1474.96	
1474.97	
1474.97	
1474.99	
1475	
1475.02	
1475.02	
1475.03	
1475.04	
1475.04	
1475.06	
1475.07	
1475.09	
1475.09	
1475.1	
1475.11	
1475.11	
1475.13	
1475.14	
1475.16	
1475.16	
1475.17	
1475.18	
1475.18	
1475.2	
1475.21	
1475.23	
1475.23	
1475.24	
1475.25	
1475.25	
1475.27	
1475.28	
1475.3	
1475.3	
1475.31	
1475.32	
1475.32	
1475.34	
1475.35	
1475.37	
1475.37	
1475.38	
1475.39	
1475.39	
1475.41	
1475.42	
1475.44	
1475.44	
1475.45	
1475.46	
1475.46	
1475.48	
1475.49	
1475.51	
1475.51	
1475.52	
1475.54	
1475.54	
1475.55	
1475.56	
1475.58	
1475.58	
1475.59	
1475.6	
1475.6	
1475.62	
1475.63	
1475.65	
1475.65	
1475.66	
1475.67	
1475.69	
1475.7	
1475.7	
1475.72	
1475.72	
1475.73	
1475.74	
1475.74	
1475.76	
1475.77	
1475.77	
1475.79	
1475.8	
1475.81	
1475.81	
1475.83	
1475.84	
1475.86	
1475.86	
1475.87	
1475.88	
1475.88	
1475.9	
1475.91	
1475.93	
1475.93	
1475.94	
1475.95	
1475.95	
1475.97	
1475.98	
1476	
1476	
1476.01	
1476.02	
1476.02	
1476.04	
1476.05	
1476.07	
1476.07	
1476.08	
1476.09	
1476.09	
1476.11	
1476.12	
1476.14	
1476.14	
1476.15	
1476.16	
1476.16	
1476.18	
1476.19	
1476.21	
1476.22	
1476.22	
1476.23	
1476.25	
1476.25	
1476.26	
1476.28	
1476.29	
1476.29	
1476.3	
1476.3	
1476.32	
1476.33	
1476.35	
1476.35	
1476.36	
1476.37	
1476.37	
1476.39	
1476.4	
1476.42	
1476.42	
1476.43	
1476.44	
1476.44	
1476.46	
1476.47	
1476.49	
1476.49	
1476.5	
1476.51	
1476.51	
1476.53	
1476.54	
1476.56	
1476.56	
1476.57	
1476.58	
1476.58	
1476.6	
1476.61	
1476.63	
1476.63	
1476.64	
1476.65	
1476.65	
1476.67	
1476.68	
1476.7	
1476.7	
1476.71	
1476.72	
1476.72	
1476.74	
1476.75	
1476.77	
1476.77	
1476.78	
1476.79	
1476.81	
1476.81	
1476.82	
1476.84	
1476.84	
1476.85	
1476.86	
1476.86	
1476.88	
1476.89	
1476.91	
1476.91	
1476.92	
1476.93	
1476.93	
1476.95	
1476.96	
1476.98	
1476.98	
1476.99	
1477	
1477	
1477.02	
1477.03	
1477.05	
1477.05	
1477.06	
1477.07	
1477.07	
1477.09	
1477.1	
1477.12	
1477.12	
1477.13	
1477.14	
1477.14	
1477.16	
1477.17	
1477.19	
1477.19	
1477.2	
1477.21	
1477.21	
1477.23	
1477.24	
1477.26	
1477.26	
1477.27	
1477.28	
1477.28	
1477.3	
1477.31	
1477.33	
1477.33	
1477.34	
1477.35	
1477.35	
1477.37	
1477.38	
1477.4	
1477.4	
1477.41	
1477.42	
1477.42	
1477.44	
1477.45	
1477.47	
1477.47	
1477.48	
1477.49	
1477.49	
1477.51	
1477.52	
1477.54	
1477.54	
1477.55	
1477.56	
1477.56	
1477.58	
1477.59	
1477.61	
1477.61	
1477.62	
1477.63	
1477.63	
1477.65	
1477.66	
1477.68	
1477.68	
1477.69	
1477.7	
1477.7	
1477.72	
1477.73	
1477.75	
1477.75	
1477.76	
1477.77	
1477.77	
1477.79	
1477.8	
1477.82	
1477.82	
1477.83	
1477.84	
1477.84	
1477.86	
1477.87	
1477.89	
1477.89	
1477.9	
1477.91	
1477.91	
1477.93	
1477.94	
1477.96	
1477.96	
1477.97	
1477.98	
1477.98	
1478	
1478.01	
1478.03	
1478.03	
1478.04	
1478.05	
1478.05	
1478.07	
1478.08	
1478.1	
1478.1	
1478.11	
1478.12	
1478.12	
1478.14	
1478.15	
1478.17	
1478.17	
1478.18	
1478.19	
1478.19	
1478.21	
1478.22	
1478.24	
1478.24	
1478.25	
1478.26	
1478.26	
1478.28	
1478.29	
1478.31	
1478.31	
1478.32	
1478.33	
1478.33	
1478.35	
1478.36	
1478.38	
1478.38	
1478.39	
1478.4	
1478.4	
1478.42	
1478.43	
1478.45	
1478.45	
1478.46	
1478.47	
1478.47	
1478.49	
1478.5	
1478.52	
1478.52	
1478.53	
1478.54	
1478.54	
1478.56	
1478.57	
1478.59	
1478.59	
1478.6	
1478.61	
1478.61	
1478.63	
1478.64	
1478.66	
1478.66	
1478.67	
1478.68	
1478.68	
1478.7	
1478.71	
1478.73	
1478.73	
1478.74	
1478.75	
1478.75	
1478.77	
1478.78	
1478.8	
1478.8	
1478.81	
1478.82	
1478.82	
1478.84	
1478.85	
1478.87	
1478.87	
1478.88	
1478.89	
1478.89	
1478.91	
1478.92	
1478.94	
1478.94	
1478.95	
1478.96	
1478.96	
1478.98	
1478.99	
1479.01	
1479.01	
1479.02	
1479.03	
1479.03	
1479.05	
1479.06	
1479.08	
1479.08	
1479.09	
1479.1	
1479.1	
1479.12	
1479.13	
1479.15	
1479.15	
1479.16	
1479.17	
1479.17	
1479.19	
1479.2	
1479.22	
1479.22	
1479.23	
1479.24	
1479.24	
1479.26	
1479.27	
1479.29	
1479.29	
1479.3	
1479.31	
1479.31	
1479.33	
1479.34	
1479.36	
1479.36	
1479.37	
1479.38	
1479.38	
1479.4	
1479.41	
1479.43	
1479.43	
1479.44	
1479.45	
1479.45	
1479.47	
1479.48	
1479.5	
1479.5	
1479.51	
1479.52	
1479.52	
1479.54	
1479.55	
1479.57	
1479.57	
1479.58	
1479.59	
1479.59	
1479.61	
1479.62	
1479.64	
1479.64	
1479.65	
1479.66	
1479.66	
1479.68	
1479.69	
1479.71	
1479.71	
1479.72	
1479.73	
1479.73	
1479.75	
1479.76	
1479.78	
1479.78	
1479.79	
1479.8	
1479.8	
1479.82	
1479.83	
1479.85	
1479.85	
1479.86	
1479.87	
1479.87	
1479.89	
1479.9	
1479.92	
1479.92	
1479.93	
1479.94	
1479.94	
1479.96	
1479.97	
1479.99	
1479.99	
1480	
1480.01	
1480.01	
1480.03	
1480.04	
1480.06	
1480.06	
1480.07	
1480.08	
1480.08	
1480.1	
1480.11	
1480.13	
1480.13	
1480.14	
1480.15	
1480.15	
1480.17	
1480.18	
1480.2	
1480.2	
1480.21	
1480.22	
1480.22	
1480.24	
1480.25	
1480.27	
1480.27	
1480.28	
1480.29	
1480.29	
1480.31	
1480.32	
1480.34	
1480.34	
1480.35	
1480.36	
1480.36	
1480.38	
1480.39	
1480.41	
1480.41	
1480.42	
1480.43	
1480.43	
1480.45	
1480.46	
1480.48	
1480.48	
1480.49	
1480.5	
1480.5	
