time	joint_joint0	joint_joint1	joint_joint2	joint_joint3	joint_joint4	joint_joint5	joint_joint6	cart_pos_x	cart_pos_y	cart_pos_z	cart_quat_x	cart_quat_y	cart_quat_z	cart_quat_w	force_joint_joint0	force_joint_joint1	force_joint_joint2	force_joint_joint3	force_joint_joint4	force_joint_joint5	force_joint_joint6	cart_force_x	cart_force_y	cart_force_z	cart_trq_x	cart_trq_y	cart_trq_z	
1486255861670	-2.11225	1.63424	-2.1374	1.76068	2.38073	-1.65812	-0.957792	-0.0593467	0.73232	0.336949	-0.00702299	-0.934958	0.0132014	-0.354444	0.484626	-1.46782	0.801134	0.839644	0.17623	0.14323	-0.331588	5.06532	-0.615912	1.07822	0.193189	-0.529069	-0.469871	
1486255862887	-2.11393	1.63434	-2.1374	1.76158	2.38127	-1.65827	-0.957792	-0.059927	0.732296	0.336532	-0.00677712	-0.935203	0.0128896	-0.353813	1.27467	-2.40828	1.59781	0.489532	-0.0660572	0.811836	-0.323637	4.90356	-2.11194	4.59512	0.726493	-0.7148	-0.437955	
1486255863050	-2.11416	1.63441	-2.13741	1.76161	2.38132	-1.65837	-0.957792	-0.060018	0.732314	0.336479	-0.00674466	-0.935251	0.0128519	-0.353688	1.46885	-2.55881	1.7546	0.399226	-0.118231	0.959907	-0.314509	4.71193	-2.50285	5.33759	0.833778	-0.747135	-0.420209	
1486255863129	-2.11428	1.63443	-2.13741	1.76167	2.38132	-1.65841	-0.957792	-0.0600884	0.73232	0.336436	-0.00672817	-0.935288	0.0128408	-0.353592	1.47303	-2.54912	1.7789	0.371276	-0.111805	0.986734	-0.305331	4.61896	-2.53642	5.47046	0.838636	-0.764656	-0.404214	
1486255863159	-2.11429	1.63443	-2.13741	1.76167	2.38132	-1.65842	-0.957792	-0.0600916	0.73232	0.336433	-0.0067271	-0.93529	0.0128418	-0.353586	1.46986	-2.57934	1.79091	0.357064	-0.115553	0.985822	-0.303767	4.62996	-2.52947	5.52674	0.844527	-0.76069	-0.405301	
1486255863482	-2.11429	1.63441	-2.13741	1.76165	2.38132	-1.65844	-0.957792	-0.0600895	0.732316	0.336419	-0.00672526	-0.935294	0.0128646	-0.353573	1.41699	-2.30592	1.5534	0.494067	-0.0791094	0.812913	-0.295817	4.56912	-2.38651	4.49804	0.72343	-0.676785	-0.417616	
1486255863560	-2.11429	1.63441	-2.13741	1.76165	2.38132	-1.65844	-0.957792	-0.060089	0.732316	0.336417	-0.00672445	-0.935295	0.0128677	-0.353571	1.44536	-2.24822	1.49867	0.556701	-0.083701	0.838703	-0.297487	4.57936	-2.37038	4.33838	0.744582	-0.689836	-0.416681	
1486255865142	-2.11439	1.6344	-2.13741	1.76162	2.38132	-1.6585	-0.957792	-0.0601215	0.732323	0.336356	-0.00669869	-0.935322	0.0129067	-0.353499	1.44252	-2.21332	1.47331	0.584065	-0.0866983	0.86036	-0.274007	4.54354	-2.29838	4.29048	0.765018	-0.69985	-0.390913	
1486255866399	-2.11439	1.6344	-2.13741	1.76161	2.38132	-1.6585	-0.957793	-0.0601212	0.732324	0.336352	-0.00669598	-0.935323	0.0129106	-0.353496	1.41444	-2.2366	1.47907	0.572006	-0.087207	0.855048	-0.2757	4.57573	-2.24507	4.31658	0.765808	-0.698564	-0.393	
1486255868522	-2.11439	1.6344	-2.13741	1.7616	2.38132	-1.6585	-0.957793	-0.0601209	0.732325	0.33635	-0.00669439	-0.935324	0.0129135	-0.353494	1.40246	-2.24564	1.47779	0.559082	-0.0837849	0.848588	-0.277289	4.56983	-2.23176	4.33093	0.762438	-0.696161	-0.396423	
