time	
38.3462	
38.3462	
38.3602	
38.3743	
38.3743	
38.3883	
38.4021	
38.4162	
38.4162	
38.4301	
38.4441	
38.4441	
38.4581	
38.4721	
38.4861	
38.4861	
38.5001	
38.5141	
38.5141	
38.5281	
38.5421	
38.5561	
38.5561	
38.5701	
38.5841	
38.5841	
38.5981	
38.6121	
38.6261	
38.6261	
38.6401	
38.6541	
38.6541	
38.6681	
38.6821	
38.6961	
38.6961	
38.7101	
38.7241	
38.7241	
38.7381	
38.7521	
38.7661	
38.7661	
38.7801	
38.7941	
38.7941	
38.8081	
38.8222	
38.8361	
38.8361	
38.8501	
38.8643	
38.8643	
38.8781	
38.8921	
38.9061	
38.9061	
38.9201	
38.9341	
38.9341	
38.9481	
38.9621	
38.9762	
38.9762	
38.9901	
39.0042	
39.0042	
39.0181	
39.0321	
39.0462	
39.0462	
39.0601	
39.0741	
39.0741	
39.0881	
39.1021	
39.1161	
39.1161	
39.1301	
39.1441	
39.1441	
39.1581	
39.1721	
39.1861	
39.1861	
39.2001	
39.2141	
39.2141	
39.2281	
39.2421	
39.2561	
39.2561	
39.2701	
39.2841	
39.2841	
39.2981	
39.3121	
39.3261	
39.3261	
39.3401	
39.3541	
39.3541	
39.3681	
39.3821	
39.3961	
39.3961	
39.4101	
39.4241	
39.4241	
39.4381	
39.4521	
39.4663	
39.4663	
39.4801	
39.4941	
39.4941	
39.5081	
39.5221	
39.5361	
39.5361	
39.5501	
39.5641	
39.5641	
39.5781	
39.5921	
39.6061	
39.6061	
39.6201	
39.6341	
39.6341	
39.6482	
39.6621	
39.6761	
39.6761	
39.6901	
39.7041	
39.7041	
39.7181	
39.7321	
39.7461	
39.7461	
39.7601	
39.7741	
39.7741	
39.7881	
39.8021	
39.8161	
39.8161	
39.8301	
39.8441	
39.8441	
39.8581	
39.8721	
39.8861	
39.8861	
39.9001	
39.9141	
39.9141	
39.9281	
39.9421	
39.9561	
39.9561	
39.9701	
39.9841	
39.9841	
39.9981	
40.0121	
40.0261	
40.0261	
40.0401	
40.0541	
40.0541	
40.0683	
40.0821	
40.0961	
40.0961	
40.1101	
40.1241	
40.1241	
40.1381	
40.1521	
40.1661	
40.1661	
40.1801	
40.1941	
40.1941	
40.2081	
40.2221	
40.2361	
40.2361	
40.2501	
40.2641	
40.2641	
40.2781	
40.2921	
40.3061	
40.3061	
40.3201	
40.3341	
40.3341	
40.3483	
40.3621	
40.3761	
40.3761	
40.3901	
40.4041	
40.4041	
40.4181	
40.4321	
40.4461	
40.4461	
40.4601	
40.4741	
40.4741	
40.4881	
40.5021	
40.5161	
40.5161	
40.5301	
40.5441	
40.5441	
40.5581	
40.5721	
40.5861	
40.5861	
40.6001	
40.6141	
40.6141	
40.6281	
40.6421	
40.6561	
40.6561	
40.6702	
40.6841	
40.6841	
40.6981	
40.7121	
40.7261	
40.7261	
40.7401	
40.7541	
40.7541	
40.7681	
40.7821	
40.7961	
40.7961	
40.8101	
40.8241	
40.8241	
40.8381	
40.8521	
40.8661	
40.8661	
40.8801	
40.8941	
40.8941	
40.9081	
40.9221	
40.9361	
40.9361	
40.9501	
40.9641	
40.9641	
40.9781	
40.9921	
41.0061	
41.0061	
41.0205	
41.0341	
41.0341	
41.0481	
41.0621	
41.0761	
41.0761	
41.0901	
41.1041	
41.1041	
41.1181	
41.1321	
41.1461	
41.1461	
41.1601	
41.1741	
41.1741	
41.1882	
41.2021	
41.2165	
41.2165	
41.2301	
41.2441	
41.2441	
41.2582	
41.2722	
41.2861	
41.2861	
41.3001	
41.3141	
41.3141	
41.3281	
41.3421	
41.3561	
41.3561	
41.3701	
41.3841	
41.3841	
41.3981	
41.4122	
41.4261	
41.4261	
41.4401	
41.4541	
41.4541	
41.4681	
41.4821	
41.4961	
41.4961	
41.5101	
41.5241	
41.5241	
41.5382	
41.5521	
41.5661	
41.5661	
41.5801	
41.5941	
41.5941	
41.6081	
41.6221	
41.6361	
41.6361	
41.6501	
41.6641	
41.6641	
41.6781	
41.6921	
41.7061	
41.7061	
41.7201	
41.7341	
41.7341	
41.7483	
41.7622	
41.7762	
41.7762	
41.7901	
41.8041	
41.8041	
41.8181	
41.8321	
41.8461	
41.8461	
41.8602	
41.8742	
41.8742	
41.8881	
41.9021	
41.9161	
41.9161	
41.9301	
41.9441	
41.9441	
41.9581	
41.9721	
41.9861	
41.9861	
42.0001	
42.0141	
42.0141	
42.0281	
42.0421	
42.0561	
42.0561	
42.0701	
42.0841	
42.0841	
42.0981	
42.1121	
42.1262	
42.1262	
42.1401	
42.1541	
42.1541	
42.1681	
42.1821	
42.1961	
42.1961	
42.2101	
42.2241	
42.2241	
42.2381	
42.2521	
42.2661	
42.2661	
42.2801	
42.2941	
42.2941	
42.3081	
42.3221	
42.3361	
42.3361	
42.3501	
42.3641	
42.3641	
42.3781	
42.3921	
42.4061	
42.4061	
42.4201	
42.4341	
42.4341	
42.4481	
42.4621	
42.4761	
42.4761	
42.4901	
42.5041	
42.5041	
42.5181	
42.5321	
42.5461	
42.5461	
42.5601	
42.5741	
42.5741	
42.5881	
42.6021	
42.6161	
42.6161	
42.6301	
42.6441	
42.6441	
42.6581	
42.6721	
42.6861	
42.6861	
42.7001	
42.7141	
42.7141	
42.7281	
42.7421	
42.7561	
42.7561	
42.7701	
42.7841	
42.7841	
42.7981	
42.8121	
42.8261	
42.8261	
42.8401	
42.8541	
42.8541	
42.8681	
42.8821	
42.8961	
42.8961	
42.9101	
42.9241	
42.9241	
42.9381	
42.9521	
42.9661	
42.9661	
42.9801	
42.9941	
42.9941	
43.0081	
43.0221	
43.0361	
43.0361	
43.0501	
43.0641	
43.0641	
43.0781	
43.0921	
43.1061	
43.1061	
43.1201	
43.1341	
43.1341	
43.1481	
43.1621	
43.1761	
43.1761	
43.1901	
43.2041	
43.2041	
43.2181	
43.2321	
43.2461	
43.2461	
43.2601	
43.2741	
43.2741	
43.2881	
43.3021	
43.3161	
43.3161	
43.3301	
43.3444	
43.3444	
43.3581	
43.3721	
43.3861	
43.3861	
43.4001	
43.4141	
43.4141	
43.4281	
43.4421	
43.4561	
43.4561	
43.4701	
43.4841	
43.4841	
43.4981	
43.5121	
43.5261	
43.5261	
43.5401	
43.5541	
43.5541	
43.5681	
43.5821	
43.5961	
43.5961	
43.6101	
43.6241	
43.6241	
43.6381	
43.6521	
43.6661	
43.6661	
43.6801	
43.6941	
43.6941	
43.7081	
43.7221	
43.7361	
43.7361	
43.7501	
43.7641	
43.7641	
43.7781	
43.7921	
43.8061	
43.8061	
43.8201	
43.8341	
43.8341	
43.8481	
43.8621	
43.8761	
43.8761	
43.8901	
43.9041	
43.9041	
43.9181	
43.9321	
43.9461	
43.9461	
43.9601	
43.9741	
43.9741	
