time	
534.24	
534.254	
534.254	
534.268	
534.282	
534.282	
534.296	
534.31	
534.31	
534.324	
534.338	
534.352	
534.352	
534.366	
534.38	
534.38	
534.394	
534.408	
534.422	
534.422	
534.436	
534.45	
534.45	
534.464	
534.478	
534.492	
534.492	
534.506	
534.506	
534.529	
534.537	
534.548	
534.548	
534.567	
534.578	
534.59	
534.59	
534.604	
534.618	
534.632	
534.632	
534.646	
534.66	
534.66	
534.674	
534.688	
534.702	
534.702	
534.716	
534.73	
534.73	
534.744	
534.758	
534.772	
534.772	
534.786	
534.8	
534.8	
534.814	
534.828	
534.842	
534.842	
534.856	
534.87	
534.87	
534.884	
534.898	
534.912	
534.912	
534.926	
534.94	
534.94	
534.954	
534.968	
534.982	
534.982	
534.996	
535.01	
535.01	
535.024	
535.038	
535.052	
535.052	
535.066	
535.08	
535.08	
535.094	
535.108	
535.122	
535.122	
535.136	
535.15	
535.15	
535.164	
535.178	
535.192	
535.192	
535.206	
535.22	
535.22	
535.248	
535.248	
535.262	
535.262	
535.276	
535.29	
535.29	
535.304	
535.318	
535.332	
535.332	
535.346	
535.36	
535.36	
535.374	
535.388	
535.402	
535.402	
535.416	
535.43	
535.43	
535.444	
535.458	
535.472	
535.472	
535.486	
535.5	
535.5	
535.514	
535.528	
535.542	
535.542	
535.556	
535.57	
535.57	
535.584	
535.598	
535.612	
535.612	
535.626	
535.64	
535.64	
535.654	
535.668	
535.682	
535.682	
535.696	
535.71	
535.71	
535.724	
535.738	
535.752	
535.752	
535.766	
535.78	
535.78	
535.794	
535.808	
535.822	
535.822	
535.836	
535.85	
535.85	
535.864	
535.878	
535.892	
535.892	
535.906	
535.92	
535.92	
535.934	
535.948	
535.962	
535.962	
535.976	
535.99	
535.99	
536.004	
536.018	
536.032	
536.032	
536.046	
536.06	
536.06	
536.074	
536.088	
536.102	
536.102	
536.116	
536.13	
536.13	
536.144	
536.158	
536.172	
536.172	
536.186	
536.2	
536.2	
536.214	
536.228	
536.242	
536.242	
536.256	
536.27	
536.27	
536.284	
536.298	
536.312	
536.312	
536.326	
536.34	
536.34	
536.354	
536.368	
536.382	
536.382	
536.396	
536.41	
536.41	
536.424	
536.438	
536.452	
536.452	
536.466	
536.48	
536.48	
536.494	
536.508	
536.522	
536.522	
536.536	
536.55	
536.55	
536.564	
536.578	
536.592	
536.592	
536.606	
536.62	
536.62	
536.634	
536.648	
536.662	
536.662	
536.676	
536.69	
536.69	
536.704	
536.718	
536.732	
536.732	
536.746	
536.76	
536.76	
536.774	
536.788	
536.802	
536.802	
536.816	
536.83	
536.83	
536.844	
536.858	
536.872	
536.872	
536.886	
536.9	
536.9	
536.914	
536.928	
536.942	
536.942	
536.956	
536.97	
536.97	
536.984	
536.998	
537.012	
537.012	
537.026	
537.04	
537.04	
537.054	
537.068	
537.082	
537.082	
537.096	
537.11	
537.11	
537.124	
537.138	
537.152	
537.152	
537.166	
537.18	
537.18	
537.194	
537.208	
537.222	
537.222	
537.236	
537.25	
537.25	
537.264	
537.278	
537.292	
537.292	
537.306	
537.32	
537.32	
537.334	
537.348	
537.362	
537.362	
537.376	
537.39	
537.39	
537.404	
537.418	
537.432	
537.432	
537.446	
537.46	
537.46	
537.474	
537.488	
537.502	
537.502	
537.516	
537.53	
537.53	
537.544	
537.558	
537.572	
537.572	
537.586	
537.6	
537.6	
537.614	
537.628	
537.642	
537.642	
537.656	
537.67	
537.67	
537.684	
537.698	
537.712	
537.712	
537.726	
537.74	
537.74	
537.754	
537.768	
537.782	
537.782	
537.796	
537.81	
537.81	
537.824	
537.838	
537.852	
537.852	
537.866	
537.88	
537.88	
537.894	
537.908	
537.922	
537.922	
537.936	
537.95	
537.95	
537.964	
537.978	
537.992	
537.992	
538.006	
538.02	
538.02	
538.034	
538.048	
538.062	
538.062	
538.076	
538.09	
538.09	
538.104	
538.118	
538.132	
538.132	
538.146	
538.16	
538.16	
538.174	
538.188	
538.202	
538.202	
538.216	
538.23	
538.23	
538.244	
538.258	
538.272	
538.272	
538.286	
538.3	
538.3	
538.314	
538.328	
538.342	
538.342	
538.356	
538.37	
538.37	
538.384	
538.398	
538.412	
538.412	
538.426	
538.44	
538.44	
538.454	
538.468	
538.482	
538.482	
538.496	
538.51	
538.51	
538.524	
538.538	
538.552	
538.552	
538.566	
538.58	
538.58	
538.594	
538.608	
538.622	
538.622	
538.636	
538.65	
538.65	
538.664	
538.678	
538.692	
538.692	
538.706	
538.72	
538.72	
538.734	
538.748	
538.762	
538.762	
538.776	
538.79	
538.79	
538.804	
538.818	
538.832	
538.832	
538.846	
538.86	
538.86	
538.874	
538.888	
538.902	
538.902	
538.916	
538.93	
538.93	
538.944	
538.958	
538.972	
538.972	
538.986	
539	
539	
539.014	
539.028	
539.042	
539.042	
539.056	
539.07	
539.07	
539.084	
539.098	
539.112	
539.112	
539.126	
539.14	
539.14	
539.154	
539.168	
539.182	
539.182	
539.196	
539.21	
539.21	
539.224	
539.238	
539.252	
539.252	
539.266	
539.28	
539.28	
539.294	
539.308	
539.322	
539.322	
539.336	
539.35	
539.35	
539.364	
539.378	
539.392	
539.392	
539.406	
539.42	
539.42	
539.434	
539.448	
539.462	
539.462	
539.476	
539.49	
539.49	
539.504	
539.518	
539.532	
539.532	
539.546	
539.56	
539.56	
539.574	
539.588	
539.602	
539.602	
539.618	
539.63	
539.63	
539.644	
539.658	
539.672	
539.672	
539.686	
539.7	
539.7	
539.714	
539.728	
539.742	
539.742	
539.756	
539.77	
539.77	
539.784	
539.798	
539.812	
539.812	
539.826	
539.84	
539.84	
539.854	
