time	
656.128	
656.128	
656.142	
656.156	
656.156	
656.17	
656.184	
656.198	
656.198	
656.212	
656.226	
656.226	
656.24	
656.254	
656.268	
656.268	
656.282	
656.296	
656.296	
656.31	
656.324	
656.338	
656.338	
656.352	
656.366	
656.366	
656.38	
656.394	
656.408	
656.408	
656.422	
656.436	
656.436	
656.45	
656.464	
656.478	
656.478	
656.492	
656.506	
656.506	
656.52	
656.534	
656.548	
656.548	
656.562	
656.576	
656.576	
656.59	
656.604	
656.618	
656.618	
656.632	
656.646	
656.646	
656.66	
656.674	
656.688	
656.688	
656.702	
656.716	
656.716	
656.73	
656.744	
656.758	
656.758	
656.772	
656.786	
656.786	
656.8	
656.814	
656.828	
656.828	
656.842	
656.856	
656.856	
656.87	
656.884	
656.898	
656.898	
656.912	
656.926	
656.926	
656.94	
656.954	
656.968	
656.968	
656.982	
656.996	
656.996	
657.01	
657.024	
657.038	
657.038	
657.052	
657.066	
657.066	
657.08	
657.094	
657.108	
657.108	
657.122	
657.136	
657.136	
657.15	
657.164	
657.178	
657.178	
657.192	
657.206	
657.206	
657.22	
657.234	
657.248	
657.248	
657.262	
657.276	
657.276	
657.29	
657.304	
657.318	
657.318	
657.332	
657.346	
657.346	
657.36	
657.374	
657.388	
657.388	
657.402	
657.416	
657.416	
657.43	
657.444	
657.458	
657.458	
657.472	
657.486	
657.486	
657.5	
657.514	
657.528	
657.528	
657.542	
657.556	
657.556	
657.57	
657.584	
657.598	
657.598	
657.612	
657.626	
657.626	
657.64	
657.654	
657.668	
657.668	
657.682	
657.696	
657.696	
657.71	
657.724	
657.738	
657.738	
657.752	
657.766	
657.766	
657.78	
657.794	
657.808	
657.808	
657.822	
657.836	
657.836	
657.85	
657.864	
657.878	
657.878	
657.892	
657.906	
657.906	
657.92	
657.934	
657.948	
657.948	
657.962	
657.976	
657.976	
657.99	
658.004	
658.018	
658.018	
658.032	
658.046	
658.046	
658.06	
658.074	
658.088	
658.088	
658.102	
658.116	
658.116	
658.13	
658.144	
658.158	
658.158	
658.172	
658.186	
658.186	
658.2	
658.214	
658.228	
658.228	
658.242	
658.256	
658.256	
658.27	
658.284	
658.298	
658.298	
658.312	
658.326	
658.326	
658.34	
658.354	
658.368	
658.368	
658.382	
658.396	
658.396	
658.41	
658.424	
658.438	
658.438	
658.452	
658.466	
658.466	
658.48	
658.494	
658.508	
658.508	
658.522	
658.536	
658.536	
658.55	
658.564	
658.578	
658.578	
658.592	
658.606	
658.606	
658.62	
658.634	
658.648	
658.648	
658.662	
658.676	
658.676	
658.69	
658.704	
658.718	
658.718	
658.732	
658.746	
658.746	
658.76	
658.774	
658.788	
658.788	
658.802	
658.816	
658.816	
658.83	
658.844	
658.858	
658.858	
658.872	
658.886	
658.886	
658.9	
658.914	
658.928	
658.928	
658.942	
658.956	
658.956	
658.97	
658.984	
658.998	
658.998	
659.012	
659.026	
659.026	
659.04	
659.054	
659.068	
659.068	
659.082	
659.096	
659.096	
659.11	
659.124	
659.138	
659.138	
659.152	
659.166	
659.166	
659.18	
659.194	
659.208	
659.208	
659.222	
659.236	
659.236	
659.25	
659.264	
659.278	
659.278	
659.292	
659.306	
659.306	
659.32	
659.334	
659.348	
659.348	
659.362	
659.376	
659.376	
659.39	
659.404	
659.418	
659.418	
659.432	
659.446	
659.446	
659.46	
659.474	
659.488	
659.488	
659.502	
659.516	
659.516	
659.53	
659.544	
659.558	
659.558	
659.572	
659.586	
659.586	
659.6	
659.614	
659.628	
659.628	
659.642	
659.656	
659.656	
659.67	
659.684	
659.698	
659.698	
659.712	
659.726	
659.726	
659.74	
659.754	
659.768	
659.768	
659.782	
659.796	
659.796	
659.81	
659.824	
659.838	
659.838	
659.852	
659.866	
659.866	
659.88	
659.894	
659.908	
659.908	
659.922	
659.936	
659.95	
659.95	
659.964	
659.978	
659.978	
659.992	
660.006	
660.006	
660.02	
660.034	
660.048	
660.048	
660.062	
660.076	
660.076	
660.09	
660.104	
660.118	
660.132	
660.132	
660.146	
660.146	
660.16	
660.174	
660.188	
660.188	
660.202	
660.216	
660.216	
660.23	
660.244	
660.258	
660.258	
660.272	
660.286	
660.286	
660.3	
660.314	
660.328	
660.328	
660.342	
660.356	
660.356	
660.395	
660.395	
660.398	
660.398	
660.412	
660.426	
660.426	
660.44	
660.454	
660.468	
660.468	
660.482	
660.496	
660.496	
660.51	
660.524	
660.538	
660.538	
660.552	
660.566	
660.566	
660.58	
660.594	
660.608	
660.608	
660.622	
660.636	
660.636	
660.65	
660.664	
660.678	
660.678	
660.692	
660.706	
660.706	
660.72	
660.734	
660.748	
660.748	
660.762	
660.776	
660.776	
660.79	
660.804	
660.818	
660.818	
660.832	
660.846	
660.846	
660.86	
660.874	
660.888	
660.888	
660.902	
660.916	
660.916	
660.93	
660.944	
660.958	
660.958	
660.972	
660.986	
660.986	
661	
661.014	
661.028	
661.028	
661.042	
661.056	
661.056	
661.07	
661.084	
661.098	
661.098	
661.112	
661.126	
661.126	
661.14	
661.154	
661.168	
661.168	
661.182	
661.196	
661.196	
661.21	
661.224	
661.238	
661.238	
661.252	
661.266	
661.266	
661.28	
661.294	
661.308	
661.308	
661.322	
661.336	
661.336	
661.35	
661.364	
661.378	
661.378	
661.392	
661.406	
661.406	
661.42	
661.434	
661.448	
661.448	
661.462	
661.476	
661.476	
661.49	
661.504	
661.518	
661.518	
661.532	
661.546	
661.546	
661.56	
661.574	
661.588	
661.588	
661.602	
661.616	
661.616	
661.63	
661.644	
661.658	
661.658	
661.672	
661.686	
661.686	
661.7	
661.714	
661.728	
661.728	
661.742	
661.756	
661.756	
661.77	
661.784	
661.798	
661.798	
661.812	
661.826	
661.826	
661.84	
661.854	
661.868	
661.868	
661.882	
661.896	
661.896	
661.91	
661.924	
661.938	
661.938	
661.952	
661.966	
661.966	
661.98	
661.994	
662.008	
662.008	
662.022	
662.036	
662.036	
662.05	
662.064	
662.078	
662.078	
662.092	
662.106	
662.106	
662.12	
662.134	
662.148	
662.148	
662.162	
662.176	
662.176	
662.19	
662.204	
662.218	
662.218	
662.232	
662.246	
662.246	
662.26	
662.274	
662.288	
662.288	
662.302	
662.316	
662.316	
662.33	
662.344	
662.358	
662.358	
662.372	
662.386	
662.386	
662.4	
662.414	
662.428	
662.428	
662.442	
662.456	
662.456	
662.47	
662.484	
662.498	
662.498	
662.512	
662.526	
662.526	
662.54	
662.554	
662.568	
662.568	
662.582	
662.596	
662.596	
662.61	
662.624	
662.638	
662.638	
662.652	
662.666	
662.666	
662.68	
662.694	
662.708	
662.708	
662.722	
662.736	
662.736	
662.75	
662.764	
662.778	
662.778	
662.792	
662.806	
662.806	
662.82	
662.834	
662.848	
662.848	
662.862	
662.876	
662.876	
662.89	
662.904	
662.918	
662.918	
662.932	
662.946	
662.946	
662.96	
662.974	
662.988	
662.988	
663.002	
663.016	
663.016	
663.03	
663.044	
663.058	
663.058	
663.072	
663.086	
663.086	
663.1	
663.114	
663.128	
663.128	
663.142	
663.156	
663.156	
663.17	
663.184	
663.198	
663.198	
663.212	
663.226	
663.226	
663.24	
663.254	
663.268	
663.268	
663.282	
663.296	
663.296	
663.31	
663.324	
663.338	
663.338	
663.352	
663.366	
663.366	
663.38	
663.394	
663.408	
663.408	
663.422	
663.436	
663.436	
663.45	
663.464	
663.478	
663.478	
663.492	
663.506	
663.506	
663.52	
663.534	
663.548	
663.548	
663.562	
663.576	
663.576	
663.59	
663.604	
663.618	
663.618	
663.632	
663.646	
663.646	
663.66	
663.674	
663.688	
663.688	
663.702	
663.716	
663.716	
663.73	
663.744	
663.758	
663.758	
663.772	
663.786	
663.786	
663.8	
663.814	
663.828	
663.828	
663.842	
663.856	
663.856	
663.87	
663.884	
663.898	
663.898	
663.912	
663.926	
663.926	
663.94	
663.954	
663.968	
663.968	
663.982	
663.996	
663.996	
664.01	
664.024	
664.038	
664.038	
664.052	
664.066	
664.066	
664.08	
664.094	
664.108	
664.108	
664.122	
664.136	
664.136	
664.15	
664.164	
664.178	
664.178	
664.192	
664.206	
664.206	
664.22	
664.234	
664.248	
664.248	
664.262	
664.276	
664.276	
664.29	
664.304	
664.318	
664.318	
664.332	
664.346	
664.346	
664.36	
664.374	
664.388	
664.388	
664.402	
664.416	
664.416	
664.43	
664.444	
664.458	
664.458	
664.472	
664.486	
664.486	
664.5	
664.514	
664.528	
664.528	
664.542	
664.556	
664.556	
664.57	
664.584	
664.598	
664.598	
664.612	
664.626	
664.626	
664.64	
664.654	
664.668	
664.668	
664.682	
664.696	
664.696	
664.71	
664.724	
664.738	
664.738	
664.752	
664.766	
664.766	
664.78	
664.794	
664.808	
664.808	
664.822	
664.836	
664.836	
664.85	
664.864	
664.878	
664.878	
664.892	
664.906	
664.906	
664.92	
664.934	
664.948	
664.948	
664.962	
664.976	
664.976	
664.99	
665.004	
665.018	
665.018	
665.032	
665.046	
665.046	
665.06	
665.074	
665.088	
665.088	
665.102	
665.116	
665.116	
665.13	
665.144	
665.158	
665.158	
665.172	
665.186	
665.186	
665.2	
665.214	
665.228	
665.228	
665.242	
665.256	
665.256	
665.27	
665.284	
665.298	
665.298	
665.312	
665.326	
665.326	
665.34	
665.354	
665.368	
665.368	
665.382	
665.396	
665.396	
665.41	
665.424	
665.438	
665.438	
665.452	
665.466	
665.466	
665.48	
665.494	
665.508	
665.508	
665.522	
665.536	
665.536	
665.55	
665.564	
665.578	
665.578	
665.592	
665.606	
665.606	
665.62	
665.634	
665.648	
665.648	
665.662	
665.676	
665.676	
665.69	
665.704	
665.718	
665.718	
665.732	
665.746	
665.746	
665.76	
665.774	
665.788	
665.788	
665.802	
665.816	
665.816	
665.83	
665.844	
665.858	
665.858	
665.872	
665.886	
665.886	
665.9	
665.914	
665.928	
665.928	
665.942	
665.956	
665.956	
665.97	
665.984	
665.998	
665.998	
666.012	
666.026	
666.026	
666.04	
666.054	
666.068	
666.068	
666.082	
666.096	
666.096	
666.11	
666.124	
666.138	
666.138	
666.152	
666.166	
666.166	
666.18	
666.194	
666.208	
666.208	
666.222	
666.236	
666.236	
666.25	
666.264	
666.278	
666.278	
666.292	
666.306	
666.306	
666.32	
666.334	
666.348	
666.348	
666.362	
666.376	
666.376	
666.39	
666.404	
666.418	
666.418	
666.432	
666.446	
666.446	
666.46	
666.474	
666.488	
666.488	
666.502	
666.516	
666.516	
666.53	
666.544	
666.558	
666.558	
666.572	
666.586	
666.586	
666.6	
666.614	
666.628	
666.628	
666.642	
666.656	
666.656	
666.67	
666.684	
666.698	
666.698	
666.712	
666.726	
666.726	
666.74	
666.754	
666.768	
666.768	
666.782	
666.796	
666.796	
666.81	
666.824	
666.838	
666.838	
666.852	
666.866	
666.866	
666.88	
666.894	
666.908	
666.908	
666.922	
666.936	
666.936	
666.95	
666.964	
666.978	
666.978	
666.992	
667.006	
667.006	
667.02	
667.034	
667.048	
667.048	
667.062	
667.076	
667.076	
667.09	
667.104	
667.118	
667.118	
667.132	
667.146	
667.146	
667.16	
667.174	
667.188	
667.188	
667.202	
667.216	
667.216	
667.23	
667.244	
667.258	
667.258	
667.272	
667.286	
667.286	
667.3	
667.314	
667.328	
667.328	
667.342	
667.356	
667.356	
667.37	
667.384	
667.398	
667.398	
667.412	
667.426	
667.426	
667.44	
667.454	
667.468	
667.468	
667.482	
667.496	
667.496	
667.51	
667.524	
667.538	
667.538	
667.552	
667.566	
667.566	
667.58	
667.594	
667.608	
667.608	
667.622	
667.636	
667.636	
667.65	
667.664	
667.678	
667.678	
667.692	
667.706	
667.706	
667.72	
667.734	
667.748	
667.748	
667.762	
667.776	
667.776	
667.79	
667.804	
667.818	
667.818	
667.832	
667.846	
667.846	
667.86	
667.874	
667.888	
667.888	
667.902	
667.916	
667.916	
667.93	
667.944	
667.958	
667.958	
667.972	
667.986	
667.986	
668	
668.014	
668.028	
668.028	
668.042	
668.056	
668.056	
668.07	
668.084	
668.098	
668.098	
668.112	
668.126	
668.126	
668.14	
668.154	
668.168	
668.168	
668.182	
668.196	
668.196	
668.21	
668.224	
668.238	
668.238	
668.252	
668.266	
668.266	
668.28	
668.294	
668.308	
668.308	
668.322	
668.336	
668.336	
668.35	
668.364	
668.378	
668.378	
668.392	
668.406	
668.406	
668.42	
668.434	
668.448	
668.448	
668.462	
668.476	
668.476	
668.49	
668.504	
668.518	
668.518	
668.532	
668.546	
668.546	
668.56	
668.574	
668.588	
668.588	
668.602	
668.616	
668.616	
668.63	
668.644	
668.658	
668.658	
668.672	
668.686	
668.686	
668.7	
668.714	
668.728	
668.728	
668.742	
668.756	
668.756	
668.77	
668.784	
668.798	
668.798	
668.812	
668.826	
668.826	
668.84	
668.854	
668.868	
668.868	
668.882	
668.896	
668.896	
668.91	
668.924	
668.938	
668.938	
668.952	
668.966	
668.966	
668.98	
668.994	
669.008	
669.008	
669.022	
669.036	
669.036	
669.05	
669.064	
669.078	
669.078	
669.092	
669.106	
