time	
2120.13	
2120.14	
2120.14	
2120.16	
2120.17	
2120.19	
2120.19	
2120.2	
2120.21	
2120.21	
2120.23	
2120.24	
2120.26	
2120.26	
2120.27	
2120.28	
2120.28	
2120.3	
2120.31	
2120.33	
2120.33	
2120.34	
2120.35	
2120.35	
2120.37	
2120.38	
2120.4	
2120.4	
2120.41	
2120.42	
2120.42	
2120.44	
2120.45	
2120.47	
2120.47	
2120.48	
2120.49	
2120.49	
2120.51	
2120.52	
2120.54	
2120.54	
2120.55	
2120.56	
2120.56	
2120.58	
2120.59	
2120.61	
2120.61	
2120.62	
2120.63	
2120.63	
2120.65	
2120.66	
2120.68	
2120.68	
2120.69	
2120.7	
2120.7	
2120.72	
2120.73	
2120.75	
2120.75	
2120.76	
2120.77	
2120.77	
2120.79	
2120.8	
2120.82	
2120.82	
2120.83	
2120.84	
2120.84	
2120.86	
2120.87	
2120.89	
2120.89	
2120.9	
2120.91	
2120.91	
2120.93	
2120.94	
2120.96	
2120.96	
2120.97	
2120.98	
2120.98	
2121	
2121.01	
2121.03	
2121.03	
2121.04	
2121.05	
2121.05	
2121.07	
2121.08	
2121.1	
2121.1	
2121.11	
2121.12	
2121.14	
2121.14	
2121.15	
2121.17	
2121.17	
2121.18	
2121.19	
2121.19	
2121.21	
2121.22	
2121.24	
2121.24	
2121.25	
2121.26	
2121.26	
2121.28	
2121.29	
2121.31	
2121.31	
2121.32	
2121.33	
2121.33	
2121.35	
2121.36	
2121.38	
2121.38	
2121.39	
2121.4	
2121.4	
2121.42	
2121.43	
2121.45	
2121.45	
2121.46	
2121.47	
2121.47	
2121.49	
2121.5	
2121.52	
2121.52	
2121.53	
2121.54	
2121.54	
2121.56	
2121.57	
2121.59	
2121.59	
2121.6	
2121.61	
2121.61	
2121.63	
2121.64	
2121.66	
2121.66	
2121.67	
2121.68	
2121.68	
2121.7	
2121.71	
2121.73	
2121.73	
2121.74	
2121.75	
2121.75	
2121.77	
2121.78	
2121.8	
2121.8	
2121.81	
2121.82	
2121.82	
2121.84	
2121.85	
2121.87	
2121.87	
2121.88	
2121.89	
2121.89	
2121.91	
2121.92	
2121.94	
2121.94	
2121.95	
2121.96	
2121.96	
2121.98	
2121.99	
2122.01	
2122.01	
2122.02	
2122.03	
2122.03	
2122.05	
2122.06	
2122.08	
2122.08	
2122.09	
2122.1	
2122.1	
2122.12	
2122.13	
2122.15	
2122.15	
2122.16	
2122.17	
2122.17	
2122.19	
2122.2	
2122.22	
2122.22	
2122.23	
2122.24	
2122.24	
2122.26	
2122.27	
2122.29	
2122.29	
2122.3	
2122.31	
2122.31	
2122.33	
2122.34	
2122.36	
2122.36	
2122.37	
2122.38	
2122.38	
2122.4	
2122.41	
2122.43	
2122.43	
2122.44	
2122.45	
2122.45	
2122.47	
2122.48	
2122.5	
2122.5	
2122.51	
2122.52	
2122.52	
2122.54	
2122.55	
2122.57	
2122.57	
2122.58	
2122.59	
2122.59	
2122.61	
2122.62	
2122.64	
2122.64	
2122.65	
2122.66	
2122.66	
2122.68	
2122.69	
2122.71	
2122.71	
2122.72	
2122.73	
2122.73	
2122.75	
2122.76	
2122.78	
2122.78	
2122.79	
2122.8	
2122.8	
2122.82	
2122.83	
2122.85	
2122.85	
2122.86	
2122.87	
2122.87	
2122.89	
2122.9	
2122.92	
2122.92	
2122.93	
2122.94	
2122.94	
2122.96	
2122.97	
2122.99	
2122.99	
2123	
2123.01	
2123.01	
2123.03	
2123.04	
2123.06	
2123.06	
2123.07	
2123.08	
2123.08	
2123.1	
2123.11	
2123.13	
2123.13	
2123.14	
2123.15	
2123.15	
2123.17	
2123.18	
2123.2	
2123.2	
2123.21	
2123.22	
2123.22	
2123.24	
2123.25	
2123.27	
2123.27	
2123.28	
2123.29	
2123.29	
2123.31	
2123.32	
2123.34	
2123.34	
2123.35	
2123.36	
2123.36	
2123.38	
2123.39	
2123.41	
2123.41	
2123.42	
2123.43	
2123.43	
2123.45	
2123.46	
2123.48	
2123.48	
2123.49	
2123.5	
2123.5	
2123.52	
2123.53	
2123.55	
2123.55	
2123.56	
2123.57	
2123.57	
2123.59	
2123.6	
2123.62	
2123.62	
2123.63	
2123.64	
2123.64	
2123.66	
2123.67	
2123.69	
2123.69	
2123.7	
2123.71	
2123.71	
2123.73	
2123.74	
2123.76	
2123.76	
2123.77	
2123.78	
2123.78	
2123.8	
2123.81	
2123.83	
2123.83	
2123.84	
2123.85	
2123.85	
2123.87	
2123.88	
2123.9	
2123.9	
2123.91	
2123.92	
2123.92	
2123.94	
2123.95	
2123.97	
2123.97	
2123.98	
2123.99	
2123.99	
2124.01	
2124.02	
2124.04	
2124.04	
2124.05	
2124.06	
2124.06	
2124.08	
2124.09	
2124.11	
2124.11	
2124.12	
2124.13	
2124.13	
2124.15	
2124.16	
2124.18	
2124.18	
2124.19	
2124.2	
2124.2	
2124.22	
2124.23	
2124.25	
2124.25	
2124.26	
2124.27	
2124.27	
2124.29	
2124.3	
2124.32	
2124.32	
2124.33	
2124.34	
2124.34	
2124.36	
2124.37	
2124.39	
2124.39	
2124.4	
2124.41	
2124.41	
2124.43	
2124.44	
2124.46	
2124.46	
2124.47	
2124.48	
2124.48	
2124.5	
2124.51	
2124.53	
2124.53	
2124.54	
2124.55	
2124.55	
2124.57	
2124.58	
2124.6	
2124.6	
2124.61	
2124.62	
2124.62	
2124.64	
2124.65	
2124.67	
2124.67	
2124.68	
2124.69	
2124.69	
2124.71	
2124.72	
2124.74	
2124.74	
2124.75	
2124.76	
2124.76	
2124.78	
2124.79	
2124.81	
2124.81	
2124.82	
2124.83	
2124.83	
2124.85	
2124.86	
2124.88	
2124.88	
2124.89	
2124.9	
2124.9	
2124.92	
2124.93	
2124.95	
2124.95	
2124.96	
2124.97	
2124.97	
2124.99	
2125	
2125.02	
2125.02	
2125.03	
2125.04	
2125.04	
2125.06	
2125.07	
2125.09	
2125.09	
2125.1	
2125.11	
2125.11	
2125.13	
2125.14	
2125.16	
2125.16	
2125.17	
2125.18	
2125.18	
2125.2	
2125.21	
2125.23	
2125.23	
2125.24	
2125.25	
2125.25	
2125.27	
2125.28	
2125.3	
2125.3	
2125.31	
2125.32	
2125.32	
2125.34	
2125.35	
2125.37	
2125.37	
2125.38	
2125.39	
2125.39	
2125.41	
2125.42	
2125.44	
2125.44	
2125.45	
2125.46	
2125.46	
2125.48	
2125.49	
2125.51	
2125.51	
2125.52	
2125.53	
2125.53	
2125.55	
2125.56	
2125.58	
2125.58	
2125.59	
2125.6	
2125.6	
2125.62	
2125.63	
2125.65	
2125.65	
2125.66	
2125.67	
2125.67	
2125.69	
2125.7	
2125.72	
2125.72	
2125.73	
2125.74	
2125.74	
2125.76	
2125.77	
2125.79	
2125.79	
2125.8	
2125.81	
2125.81	
2125.83	
2125.84	
2125.86	
2125.86	
2125.87	
2125.88	
2125.88	
2125.9	
2125.91	
2125.93	
2125.93	
2125.94	
2125.95	
2125.95	
2125.97	
2125.98	
2126	
2126	
2126.01	
2126.02	
2126.02	
2126.04	
2126.05	
2126.07	
2126.07	
2126.08	
2126.09	
2126.09	
2126.11	
2126.12	
2126.14	
2126.14	
2126.15	
2126.16	
2126.16	
2126.18	
2126.19	
2126.21	
2126.21	
2126.22	
2126.23	
2126.23	
2126.25	
2126.26	
2126.28	
2126.28	
2126.29	
2126.3	
2126.3	
2126.32	
2126.33	
2126.35	
2126.35	
2126.36	
2126.37	
2126.37	
2126.39	
2126.4	
2126.42	
2126.42	
2126.43	
2126.44	
2126.44	
2126.46	
2126.47	
2126.49	
2126.49	
2126.5	
2126.51	
2126.51	
2126.53	
2126.54	
2126.56	
2126.56	
2126.57	
2126.58	
2126.58	
2126.6	
2126.61	
2126.63	
2126.63	
2126.64	
2126.65	
2126.65	
2126.67	
2126.68	
2126.7	
2126.7	
2126.71	
2126.72	
2126.72	
2126.74	
2126.75	
2126.77	
2126.77	
2126.78	
2126.79	
2126.79	
2126.81	
2126.82	
2126.84	
2126.84	
2126.85	
2126.86	
2126.86	
2126.88	
2126.89	
2126.91	
2126.91	
2126.92	
2126.93	
2126.93	
2126.95	
2126.96	
2126.98	
2126.98	
2126.99	
2127	
2127	
2127.02	
2127.03	
2127.05	
2127.05	
2127.06	
2127.07	
2127.07	
2127.09	
2127.1	
2127.12	
2127.12	
2127.13	
2127.14	
2127.14	
2127.16	
2127.17	
2127.19	
2127.19	
2127.2	
2127.21	
2127.21	
2127.23	
2127.24	
2127.26	
2127.26	
2127.27	
2127.28	
2127.28	
2127.3	
2127.31	
2127.33	
2127.33	
2127.34	
2127.35	
2127.35	
2127.37	
2127.38	
2127.4	
2127.4	
2127.41	
2127.42	
2127.42	
2127.44	
2127.45	
2127.47	
2127.47	
2127.48	
2127.49	
2127.49	
2127.51	
2127.52	
2127.54	
2127.54	
2127.55	
2127.56	
2127.56	
2127.58	
2127.59	
2127.61	
2127.61	
2127.62	
2127.63	
2127.63	
2127.65	
2127.66	
2127.68	
2127.68	
2127.69	
2127.7	
2127.7	
2127.72	
2127.73	
2127.75	
2127.75	
2127.76	
2127.77	
2127.77	
2127.79	
2127.8	
2127.82	
2127.82	
2127.83	
2127.84	
2127.84	
2127.86	
2127.87	
2127.89	
2127.89	
2127.9	
2127.91	
2127.91	
2127.93	
2127.94	
2127.96	
2127.96	
2127.97	
2127.98	
2127.98	
2128	
2128.01	
2128.03	
2128.03	
2128.04	
2128.05	
2128.05	
2128.07	
2128.08	
2128.1	
2128.1	
2128.11	
2128.12	
2128.12	
2128.14	
2128.15	
2128.17	
2128.17	
2128.18	
2128.19	
2128.19	
2128.21	
2128.22	
2128.24	
2128.24	
2128.25	
2128.26	
2128.26	
2128.28	
2128.29	
2128.31	
2128.31	
2128.32	
2128.33	
2128.33	
2128.35	
2128.36	
2128.38	
2128.38	
2128.39	
2128.4	
2128.4	
2128.42	
2128.43	
2128.45	
2128.45	
2128.46	
2128.47	
2128.47	
2128.49	
2128.5	
2128.52	
2128.52	
2128.53	
2128.54	
2128.54	
2128.56	
2128.57	
2128.59	
2128.59	
2128.6	
2128.61	
2128.61	
2128.63	
2128.64	
2128.66	
2128.66	
2128.67	
2128.68	
2128.68	
2128.7	
2128.71	
2128.73	
2128.73	
2128.74	
2128.75	
2128.75	
2128.77	
2128.78	
2128.8	
2128.8	
2128.81	
2128.82	
2128.82	
2128.84	
2128.85	
2128.87	
2128.87	
2128.88	
2128.89	
2128.89	
2128.91	
2128.92	
2128.94	
2128.94	
2128.95	
2128.96	
2128.96	
2128.98	
2128.99	
2129.01	
2129.01	
2129.02	
2129.03	
2129.03	
2129.05	
2129.06	
2129.08	
2129.08	
2129.09	
2129.1	
2129.1	
2129.12	
2129.13	
2129.15	
2129.15	
2129.16	
2129.17	
2129.17	
2129.19	
2129.2	
2129.22	
2129.22	
2129.23	
2129.24	
2129.24	
2129.26	
2129.27	
2129.29	
2129.29	
2129.3	
2129.31	
2129.31	
2129.33	
2129.34	
2129.36	
2129.36	
2129.37	
2129.38	
2129.38	
2129.4	
2129.41	
2129.43	
2129.43	
2129.44	
2129.45	
2129.45	
2129.47	
2129.48	
2129.5	
2129.5	
2129.51	
2129.52	
2129.52	
2129.54	
2129.55	
2129.57	
2129.57	
2129.58	
2129.59	
2129.59	
2129.61	
2129.62	
2129.64	
2129.64	
2129.65	
2129.66	
2129.66	
2129.68	
2129.69	
2129.71	
2129.71	
2129.72	
2129.73	
2129.73	
2129.75	
2129.76	
2129.78	
2129.78	
2129.79	
2129.8	
2129.8	
2129.82	
2129.83	
2129.85	
2129.85	
2129.86	
2129.87	
2129.87	
2129.89	
2129.9	
2129.92	
2129.92	
2129.93	
2129.94	
2129.94	
2129.96	
2129.97	
2129.99	
2129.99	
2130	
2130.01	
2130.01	
2130.03	
2130.04	
2130.06	
2130.06	
2130.07	
2130.08	
2130.08	
2130.1	
2130.11	
2130.13	
2130.13	
2130.14	
2130.15	
2130.15	
2130.17	
2130.18	
2130.2	
2130.2	
2130.21	
2130.22	
2130.22	
2130.24	
2130.25	
2130.27	
2130.27	
2130.28	
2130.29	
2130.29	
2130.31	
2130.32	
2130.34	
2130.34	
2130.35	
2130.36	
2130.36	
2130.38	
2130.39	
2130.41	
2130.41	
2130.42	
2130.43	
2130.43	
2130.45	
2130.46	
2130.48	
2130.48	
2130.49	
2130.5	
2130.5	
2130.52	
2130.53	
2130.55	
2130.55	
2130.56	
2130.57	
2130.57	
2130.59	
2130.6	
2130.62	
2130.62	
2130.63	
2130.64	
2130.64	
2130.66	
2130.67	
2130.69	
2130.69	
2130.7	
2130.71	
2130.71	
2130.73	
2130.74	
2130.76	
2130.76	
2130.77	
2130.78	
2130.78	
2130.8	
2130.81	
2130.83	
2130.83	
2130.84	
2130.85	
2130.85	
2130.87	
2130.88	
2130.9	
2130.9	
2130.91	
2130.92	
2130.92	
2130.94	
2130.95	
2130.97	
2130.97	
2130.98	
2130.99	
2130.99	
2131.01	
2131.02	
2131.04	
2131.04	
2131.05	
2131.06	
2131.06	
2131.08	
2131.09	
2131.11	
2131.11	
2131.12	
2131.13	
2131.13	
2131.15	
2131.16	
2131.18	
2131.18	
2131.19	
2131.2	
2131.2	
2131.22	
2131.23	
2131.25	
2131.25	
2131.26	
2131.27	
2131.27	
2131.29	
2131.3	
2131.32	
2131.32	
2131.33	
2131.34	
2131.34	
2131.36	
2131.37	
2131.39	
2131.39	
2131.4	
2131.41	
2131.41	
2131.43	
2131.44	
2131.46	
2131.46	
2131.47	
2131.48	
2131.48	
2131.5	
2131.51	
2131.53	
2131.53	
2131.54	
2131.55	
2131.55	
2131.57	
2131.58	
2131.6	
2131.6	
2131.61	
2131.62	
2131.62	
2131.64	
2131.65	
2131.67	
2131.67	
2131.68	
2131.69	
2131.69	
2131.71	
2131.72	
2131.74	
2131.74	
2131.75	
2131.76	
2131.76	
2131.78	
2131.79	
2131.81	
2131.81	
2131.82	
2131.83	
2131.83	
2131.85	
2131.86	
2131.88	
2131.88	
2131.89	
2131.9	
2131.9	
2131.92	
2131.93	
2131.95	
2131.95	
2131.96	
2131.97	
2131.97	
2131.99	
2132	
2132.02	
2132.02	
2132.03	
2132.04	
2132.04	
2132.06	
2132.07	
2132.09	
2132.09	
2132.1	
2132.11	
2132.11	
2132.13	
2132.14	
2132.16	
2132.16	
2132.17	
2132.18	
2132.18	
2132.2	
2132.21	
2132.23	
2132.23	
2132.24	
2132.25	
2132.25	
2132.27	
2132.28	
2132.3	
2132.3	
2132.31	
2132.32	
2132.32	
2132.34	
2132.35	
2132.37	
2132.37	
2132.38	
2132.39	
2132.39	
2132.41	
2132.42	
2132.44	
2132.44	
2132.45	
2132.46	
2132.46	
2132.48	
2132.49	
2132.51	
2132.51	
2132.52	
2132.53	
2132.53	
2132.55	
2132.56	
2132.58	
2132.58	
2132.59	
2132.6	
2132.6	
2132.62	
2132.63	
2132.65	
2132.65	
2132.66	
2132.67	
2132.67	
2132.69	
2132.7	
2132.72	
2132.72	
2132.73	
2132.74	
2132.74	
2132.76	
2132.77	
2132.79	
2132.79	
2132.8	
2132.81	
2132.81	
2132.83	
2132.84	
2132.86	
2132.86	
2132.87	
2132.88	
2132.88	
2132.9	
2132.91	
2132.93	
2132.93	
2132.94	
2132.95	
2132.95	
2132.97	
2132.98	
2133	
2133	
2133.01	
2133.02	
2133.02	
2133.04	
2133.05	
2133.07	
2133.07	
2133.08	
2133.09	
2133.09	
2133.11	
2133.12	
2133.14	
