time	
1350.74	
1350.74	
1350.75	
1350.77	
1350.77	
1350.78	
1350.79	
1350.81	
1350.81	
1350.82	
1350.84	
1350.84	
1350.85	
1350.86	
1350.88	
1350.88	
1350.89	
1350.91	
1350.91	
1350.92	
1350.93	
1350.95	
1350.95	
1350.96	
1350.98	
1350.98	
1350.99	
1351	
1351.02	
1351.02	
1351.04	
1351.05	
1351.05	
1351.06	
1351.07	
1351.09	
1351.09	
1351.1	
1351.12	
1351.12	
1351.13	
1351.14	
1351.16	
1351.16	
1351.17	
1351.19	
1351.19	
1351.2	
1351.21	
1351.23	
1351.23	
1351.24	
1351.26	
1351.26	
1351.27	
1351.28	
1351.3	
1351.3	
1351.31	
1351.33	
1351.33	
1351.34	
1351.35	
1351.37	
1351.37	
1351.38	
1351.4	
1351.4	
1351.41	
1351.42	
1351.44	
1351.44	
1351.45	
1351.47	
1351.47	
1351.48	
1351.49	
1351.51	
1351.51	
1351.52	
1351.54	
1351.54	
1351.55	
1351.56	
1351.58	
1351.58	
1351.59	
1351.61	
1351.61	
1351.62	
1351.63	
1351.65	
1351.65	
1351.66	
1351.68	
1351.68	
1351.69	
1351.7	
1351.72	
1351.72	
1351.73	
1351.75	
1351.75	
1351.76	
1351.77	
1351.79	
1351.79	
1351.8	
1351.82	
1351.82	
1351.83	
1351.84	
1351.86	
1351.86	
1351.87	
1351.89	
1351.89	
1351.9	
1351.91	
1351.93	
1351.93	
1351.94	
1351.96	
1351.96	
1351.97	
1351.98	
1352	
1352	
1352.01	
1352.03	
1352.03	
1352.04	
1352.05	
1352.07	
1352.07	
1352.08	
1352.1	
1352.1	
1352.11	
1352.12	
1352.14	
1352.14	
1352.15	
1352.17	
1352.17	
1352.18	
1352.19	
1352.21	
1352.21	
1352.22	
1352.24	
1352.24	
1352.25	
1352.26	
1352.28	
1352.28	
1352.29	
1352.31	
1352.31	
1352.32	
1352.33	
1352.35	
1352.35	
1352.36	
1352.38	
1352.38	
1352.39	
1352.4	
1352.42	
1352.42	
1352.43	
1352.45	
1352.45	
1352.46	
1352.47	
1352.49	
1352.49	
1352.5	
1352.52	
1352.52	
1352.53	
1352.54	
1352.56	
1352.56	
1352.57	
1352.59	
1352.59	
1352.6	
1352.61	
1352.63	
1352.63	
1352.64	
1352.66	
1352.66	
1352.67	
1352.68	
1352.7	
1352.7	
1352.71	
1352.73	
1352.73	
1352.74	
1352.75	
1352.77	
1352.77	
1352.78	
1352.8	
1352.8	
1352.81	
1352.82	
1352.84	
1352.84	
1352.85	
1352.87	
1352.87	
1352.88	
1352.89	
1352.91	
1352.91	
1352.92	
1352.94	
1352.94	
1352.95	
1352.96	
1352.98	
1352.98	
1352.99	
1353.01	
1353.01	
1353.02	
1353.03	
1353.05	
1353.05	
1353.06	
1353.08	
1353.08	
1353.09	
1353.1	
1353.12	
1353.12	
1353.13	
1353.15	
1353.15	
1353.16	
1353.17	
1353.19	
1353.19	
1353.2	
1353.22	
1353.22	
1353.23	
1353.24	
1353.26	
1353.26	
1353.27	
1353.29	
1353.29	
1353.3	
1353.31	
1353.33	
1353.33	
1353.34	
1353.36	
1353.36	
1353.37	
1353.38	
1353.4	
1353.4	
1353.41	
1353.43	
1353.43	
1353.44	
1353.45	
1353.47	
1353.47	
1353.48	
1353.5	
1353.5	
1353.51	
1353.52	
1353.54	
1353.54	
1353.55	
1353.57	
1353.57	
1353.58	
1353.59	
1353.61	
1353.61	
1353.62	
1353.64	
1353.64	
1353.65	
1353.66	
1353.68	
1353.68	
1353.69	
1353.71	
1353.71	
1353.72	
1353.73	
1353.75	
1353.75	
1353.76	
1353.78	
1353.78	
1353.79	
1353.8	
1353.82	
1353.82	
1353.83	
1353.85	
1353.85	
1353.86	
1353.87	
1353.89	
1353.89	
1353.9	
1353.92	
1353.92	
1353.93	
1353.94	
1353.96	
1353.96	
1353.97	
1353.99	
1353.99	
1354	
1354.01	
1354.03	
1354.03	
1354.04	
1354.06	
1354.06	
1354.07	
1354.08	
1354.1	
1354.1	
1354.11	
1354.13	
1354.13	
1354.14	
1354.15	
1354.17	
1354.17	
1354.18	
1354.2	
1354.2	
1354.21	
1354.22	
1354.24	
1354.24	
1354.25	
1354.27	
1354.27	
1354.28	
1354.29	
1354.31	
1354.31	
1354.32	
1354.34	
1354.34	
1354.35	
1354.36	
1354.38	
1354.38	
1354.39	
1354.41	
1354.41	
1354.42	
1354.43	
1354.45	
1354.45	
1354.46	
1354.48	
1354.48	
1354.49	
1354.5	
1354.52	
1354.52	
1354.53	
1354.55	
1354.55	
1354.56	
1354.57	
1354.59	
1354.59	
1354.6	
1354.62	
1354.62	
1354.63	
1354.64	
1354.66	
1354.66	
1354.67	
1354.69	
1354.69	
1354.7	
1354.71	
1354.73	
1354.73	
1354.74	
1354.76	
1354.76	
1354.77	
1354.78	
1354.8	
1354.8	
1354.81	
1354.83	
1354.83	
1354.84	
1354.85	
1354.87	
1354.87	
1354.88	
1354.9	
1354.9	
1354.91	
1354.92	
1354.94	
1354.94	
1354.95	
1354.97	
1354.97	
1354.98	
1354.99	
1355.01	
1355.01	
1355.02	
1355.04	
1355.04	
1355.05	
1355.06	
1355.08	
1355.08	
1355.09	
1355.11	
1355.11	
1355.12	
1355.13	
1355.15	
1355.15	
1355.16	
1355.18	
1355.18	
1355.19	
1355.2	
1355.22	
1355.22	
1355.23	
1355.25	
1355.25	
1355.26	
1355.27	
1355.29	
1355.29	
1355.3	
1355.32	
1355.32	
1355.33	
1355.34	
1355.36	
1355.36	
1355.37	
1355.39	
1355.39	
1355.4	
1355.41	
1355.43	
1355.43	
1355.44	
1355.46	
1355.46	
1355.47	
1355.48	
1355.5	
1355.5	
1355.51	
1355.53	
1355.53	
1355.54	
1355.55	
1355.57	
1355.57	
1355.58	
1355.6	
1355.6	
1355.61	
1355.62	
1355.64	
1355.64	
1355.65	
1355.67	
1355.67	
1355.68	
1355.69	
1355.71	
1355.71	
1355.72	
1355.74	
1355.74	
1355.75	
1355.76	
1355.78	
1355.78	
1355.79	
1355.81	
1355.81	
1355.82	
1355.83	
1355.85	
1355.85	
1355.86	
1355.88	
1355.88	
1355.89	
1355.9	
1355.92	
1355.92	
1355.93	
1355.95	
1355.95	
1355.96	
1355.97	
1355.97	
1355.99	
1356	
1356.02	
1356.02	
1356.03	
1356.04	
1356.06	
1356.06	
1356.07	
1356.09	
1356.09	
1356.1	
1356.11	
1356.13	
1356.13	
1356.14	
1356.16	
1356.16	
1356.17	
1356.18	
1356.18	
1356.2	
1356.21	
1356.23	
1356.23	
1356.24	
1356.25	
1356.27	
1356.27	
1356.28	
1356.3	
1356.3	
1356.31	
1356.32	
1356.34	
1356.34	
1356.35	
1356.37	
1356.37	
1356.38	
1356.39	
1356.41	
1356.41	
1356.42	
1356.44	
1356.44	
1356.45	
1356.46	
1356.48	
1356.48	
1356.49	
1356.51	
1356.51	
1356.52	
1356.53	
1356.55	
1356.55	
1356.56	
1356.58	
1356.58	
1356.59	
1356.6	
1356.62	
1356.62	
1356.63	
1356.65	
1356.65	
1356.66	
1356.67	
1356.69	
1356.69	
1356.7	
1356.72	
1356.72	
1356.73	
1356.74	
1356.76	
1356.76	
1356.77	
1356.79	
1356.79	
1356.8	
1356.81	
1356.83	
1356.83	
1356.84	
1356.86	
1356.86	
1356.87	
1356.88	
1356.9	
1356.9	
1356.91	
1356.93	
1356.93	
1356.94	
1356.95	
1356.97	
1356.97	
1356.98	
1357	
1357	
1357.01	
1357.02	
1357.04	
1357.04	
1357.05	
1357.07	
1357.07	
1357.08	
1357.09	
1357.11	
1357.11	
1357.12	
1357.14	
1357.14	
1357.15	
1357.16	
1357.18	
1357.18	
1357.19	
1357.21	
1357.21	
1357.22	
1357.23	
1357.25	
1357.25	
1357.26	
1357.28	
1357.28	
1357.29	
1357.3	
1357.32	
1357.32	
1357.33	
1357.35	
1357.35	
1357.36	
1357.37	
1357.39	
1357.39	
1357.4	
1357.42	
1357.42	
1357.43	
1357.44	
1357.46	
1357.46	
1357.47	
1357.49	
1357.49	
1357.5	
1357.51	
1357.53	
1357.53	
1357.54	
1357.56	
1357.56	
1357.57	
1357.58	
1357.6	
1357.6	
1357.61	
1357.63	
1357.63	
1357.64	
1357.65	
1357.67	
1357.67	
1357.68	
1357.7	
1357.7	
1357.71	
1357.72	
1357.74	
1357.74	
1357.75	
1357.77	
1357.77	
1357.78	
1357.79	
1357.81	
1357.81	
1357.82	
1357.84	
1357.84	
1357.85	
1357.86	
1357.88	
1357.88	
1357.89	
1357.91	
1357.91	
1357.92	
1357.93	
1357.95	
1357.95	
1357.96	
1357.98	
1357.98	
1357.99	
1358	
1358.02	
1358.02	
1358.03	
1358.05	
1358.05	
1358.06	
1358.07	
1358.09	
1358.09	
1358.1	
1358.12	
1358.12	
1358.13	
1358.14	
1358.16	
1358.16	
1358.17	
1358.19	
1358.19	
1358.2	
1358.21	
1358.23	
1358.23	
1358.24	
1358.26	
1358.26	
1358.27	
1358.28	
1358.3	
1358.3	
1358.31	
1358.33	
1358.33	
1358.34	
1358.35	
1358.37	
1358.37	
1358.38	
1358.4	
1358.4	
1358.41	
1358.42	
1358.44	
1358.44	
1358.45	
1358.47	
1358.47	
1358.48	
1358.49	
1358.51	
1358.51	
1358.52	
1358.54	
1358.54	
1358.55	
1358.56	
1358.58	
1358.58	
1358.59	
1358.61	
1358.61	
1358.62	
1358.63	
1358.65	
1358.65	
1358.66	
1358.68	
1358.68	
1358.69	
1358.7	
1358.72	
1358.72	
1358.73	
1358.75	
1358.75	
1358.76	
1358.77	
1358.79	
1358.79	
1358.8	
1358.82	
1358.82	
1358.83	
1358.84	
1358.86	
1358.86	
1358.87	
1358.89	
1358.89	
1358.9	
1358.91	
1358.93	
1358.93	
1358.94	
1358.96	
1358.96	
1358.97	
1358.98	
1359	
1359	
1359.01	
1359.03	
1359.03	
1359.04	
1359.05	
1359.07	
1359.07	
1359.08	
1359.1	
1359.1	
1359.11	
1359.12	
1359.14	
1359.14	
1359.15	
1359.17	
1359.17	
1359.18	
1359.19	
1359.21	
1359.21	
1359.22	
1359.24	
1359.24	
1359.25	
1359.26	
1359.28	
1359.28	
1359.29	
1359.31	
1359.31	
1359.32	
1359.33	
1359.35	
1359.35	
1359.36	
1359.38	
1359.38	
1359.39	
1359.4	
1359.42	
1359.42	
1359.43	
1359.45	
1359.45	
1359.46	
1359.47	
1359.49	
1359.49	
1359.5	
1359.52	
1359.52	
1359.53	
1359.54	
1359.56	
1359.56	
1359.57	
1359.59	
1359.59	
1359.6	
1359.61	
1359.63	
1359.63	
1359.64	
1359.66	
1359.66	
1359.67	
1359.68	
1359.7	
1359.7	
1359.71	
1359.73	
1359.73	
1359.74	
1359.75	
1359.77	
1359.77	
1359.78	
1359.8	
1359.8	
1359.81	
1359.82	
1359.84	
1359.84	
1359.85	
1359.87	
1359.87	
1359.88	
1359.89	
1359.91	
1359.91	
1359.92	
1359.94	
1359.94	
1359.95	
1359.96	
1359.98	
1359.98	
1359.99	
1360.01	
1360.01	
1360.02	
1360.03	
1360.05	
1360.05	
1360.06	
1360.08	
1360.08	
1360.09	
1360.1	
1360.12	
1360.12	
1360.13	
1360.15	
1360.15	
1360.16	
1360.17	
1360.19	
1360.19	
1360.2	
1360.22	
1360.22	
1360.23	
1360.24	
1360.26	
1360.26	
1360.27	
1360.29	
1360.29	
1360.3	
1360.31	
1360.33	
1360.33	
1360.34	
1360.36	
1360.36	
1360.37	
1360.38	
1360.4	
1360.4	
1360.41	
1360.43	
1360.43	
1360.44	
1360.45	
1360.47	
1360.47	
1360.48	
1360.5	
1360.5	
1360.51	
1360.52	
1360.54	
1360.54	
1360.55	
1360.57	
1360.57	
1360.58	
1360.59	
1360.61	
1360.61	
1360.62	
1360.64	
1360.64	
1360.65	
1360.66	
1360.68	
1360.68	
1360.69	
1360.71	
1360.71	
1360.72	
1360.73	
1360.75	
1360.75	
1360.76	
1360.78	
1360.78	
1360.79	
1360.8	
1360.82	
1360.82	
1360.83	
1360.85	
1360.85	
1360.86	
1360.87	
1360.89	
1360.89	
1360.9	
1360.92	
1360.92	
1360.93	
1360.94	
1360.96	
1360.96	
1360.97	
1360.99	
1360.99	
1361	
1361.01	
1361.03	
1361.03	
1361.04	
1361.06	
1361.06	
1361.07	
1361.08	
1361.1	
1361.1	
1361.11	
1361.13	
1361.13	
1361.14	
1361.15	
1361.17	
1361.17	
1361.18	
1361.2	
1361.2	
1361.21	
1361.22	
1361.24	
1361.24	
1361.25	
1361.27	
1361.27	
1361.28	
1361.29	
1361.31	
1361.31	
1361.32	
1361.34	
1361.34	
1361.35	
1361.36	
1361.38	
1361.38	
1361.39	
1361.41	
1361.41	
1361.42	
1361.43	
1361.45	
1361.45	
1361.46	
1361.48	
1361.48	
1361.49	
1361.5	
1361.52	
1361.52	
1361.53	
1361.55	
1361.55	
1361.56	
1361.57	
1361.59	
1361.59	
1361.6	
1361.62	
1361.62	
1361.63	
1361.64	
1361.66	
1361.66	
1361.67	
1361.69	
1361.69	
1361.7	
1361.71	
1361.73	
1361.73	
1361.74	
1361.76	
1361.76	
1361.77	
1361.78	
1361.8	
1361.8	
1361.81	
1361.83	
1361.83	
1361.84	
1361.85	
1361.87	
1361.87	
1361.88	
1361.9	
1361.9	
1361.91	
1361.92	
1361.94	
1361.94	
1361.95	
1361.97	
1361.97	
1361.98	
1361.99	
1362.01	
1362.01	
1362.02	
1362.04	
1362.04	
1362.05	
1362.06	
1362.08	
1362.08	
1362.09	
1362.11	
1362.11	
1362.12	
1362.13	
1362.15	
1362.15	
1362.16	
1362.18	
1362.18	
1362.19	
1362.2	
1362.22	
1362.22	
1362.23	
1362.25	
1362.25	
1362.26	
1362.27	
1362.29	
1362.29	
1362.3	
1362.32	
1362.32	
1362.33	
1362.34	
1362.36	
1362.36	
1362.37	
1362.39	
1362.39	
1362.4	
1362.41	
1362.43	
1362.43	
1362.44	
1362.46	
1362.46	
1362.47	
1362.48	
1362.5	
1362.5	
1362.51	
1362.53	
1362.53	
1362.54	
1362.55	
1362.57	
1362.57	
1362.58	
1362.6	
1362.6	
1362.61	
1362.62	
1362.64	
1362.64	
1362.65	
1362.67	
1362.67	
1362.68	
1362.69	
1362.71	
1362.71	
1362.72	
1362.74	
1362.74	
1362.75	
1362.76	
1362.78	
1362.78	
1362.79	
1362.81	
1362.81	
1362.82	
1362.83	
1362.85	
1362.85	
1362.86	
1362.88	
1362.88	
1362.89	
1362.9	
1362.92	
1362.92	
1362.93	
1362.95	
1362.95	
1362.96	
1362.97	
1362.99	
1362.99	
1363	
1363.02	
1363.02	
1363.03	
1363.04	
1363.06	
1363.06	
1363.07	
1363.09	
1363.09	
1363.1	
1363.11	
1363.13	
1363.13	
1363.14	
1363.16	
1363.16	
1363.17	
1363.18	
1363.2	
1363.2	
1363.21	
1363.23	
1363.23	
1363.24	
1363.25	
1363.27	
1363.27	
1363.28	
1363.3	
1363.3	
1363.31	
1363.32	
1363.34	
1363.34	
1363.35	
1363.37	
1363.37	
1363.38	
1363.39	
1363.41	
1363.41	
1363.42	
1363.44	
1363.44	
1363.45	
1363.46	
1363.48	
1363.48	
1363.49	
1363.51	
1363.51	
1363.52	
1363.53	
1363.55	
1363.55	
1363.56	
1363.58	
1363.58	
1363.59	
1363.6	
1363.62	
1363.62	
1363.63	
1363.65	
1363.65	
1363.66	
1363.67	
1363.69	
1363.69	
