time	
423.126	
423.126	
423.14	
423.154	
423.154	
423.168	
423.182	
423.196	
423.196	
423.21	
423.224	
423.224	
423.238	
423.252	
423.266	
423.266	
423.28	
423.294	
423.294	
423.308	
423.322	
423.336	
423.336	
423.35	
423.364	
423.364	
423.378	
423.392	
423.406	
423.406	
423.42	
423.434	
423.434	
423.448	
423.462	
423.476	
423.476	
423.49	
423.504	
423.504	
423.518	
423.532	
423.546	
423.546	
423.56	
423.574	
423.574	
423.588	
423.602	
423.616	
423.616	
423.63	
423.644	
423.644	
423.658	
423.672	
423.686	
423.686	
423.7	
423.714	
423.714	
423.728	
423.742	
423.756	
423.756	
423.77	
423.784	
423.784	
423.798	
423.812	
423.826	
423.826	
423.84	
423.854	
423.854	
423.868	
423.882	
423.896	
423.896	
423.91	
423.924	
423.924	
423.938	
423.952	
423.966	
423.966	
423.98	
423.994	
423.994	
424.008	
424.022	
424.036	
424.036	
424.05	
424.064	
424.064	
424.078	
424.092	
424.106	
424.106	
424.12	
424.134	
424.134	
424.148	
424.162	
424.176	
424.176	
424.19	
424.204	
424.204	
424.218	
424.232	
424.246	
424.246	
424.26	
424.274	
424.274	
424.288	
424.302	
424.316	
424.316	
424.33	
424.344	
424.344	
424.358	
424.372	
424.386	
424.386	
424.4	
424.414	
424.414	
424.428	
424.442	
424.456	
424.456	
424.47	
424.484	
424.484	
424.498	
424.512	
424.526	
424.526	
424.54	
424.554	
424.554	
424.568	
424.582	
424.596	
424.596	
424.61	
424.624	
424.624	
424.638	
424.652	
424.666	
424.666	
424.68	
424.694	
424.694	
424.708	
424.722	
424.736	
424.736	
424.75	
424.764	
424.764	
424.778	
424.792	
424.806	
424.806	
424.82	
424.834	
424.834	
424.848	
424.862	
424.876	
424.876	
424.89	
424.904	
424.904	
424.918	
424.932	
424.946	
424.946	
424.96	
424.974	
424.974	
424.988	
425.002	
425.016	
425.016	
425.03	
425.044	
425.044	
425.058	
425.072	
425.086	
425.086	
425.1	
425.114	
425.114	
425.128	
425.142	
425.156	
425.156	
425.17	
425.184	
425.184	
425.198	
425.212	
425.226	
425.226	
425.24	
425.254	
425.254	
425.268	
425.282	
425.296	
425.296	
425.31	
425.324	
425.324	
425.338	
425.352	
425.366	
425.366	
425.38	
425.394	
425.394	
425.408	
425.422	
425.436	
425.436	
425.45	
425.464	
425.464	
425.478	
425.492	
425.506	
425.506	
425.52	
425.534	
425.534	
425.548	
425.562	
425.576	
425.576	
425.59	
425.604	
425.604	
425.618	
425.632	
425.646	
425.646	
425.66	
425.674	
425.674	
425.688	
425.702	
425.716	
425.716	
425.73	
425.744	
425.744	
425.758	
425.772	
425.786	
425.786	
425.8	
425.814	
425.814	
425.828	
425.842	
425.856	
425.856	
425.87	
425.884	
425.884	
425.898	
425.912	
425.926	
425.926	
425.94	
425.954	
425.954	
425.968	
425.982	
425.996	
425.996	
426.01	
426.024	
426.024	
426.038	
426.052	
426.066	
426.066	
426.08	
426.094	
426.094	
426.108	
426.122	
426.136	
426.136	
426.15	
426.164	
426.164	
426.178	
426.192	
426.206	
426.206	
426.22	
426.234	
426.234	
426.248	
426.262	
426.276	
426.276	
426.29	
426.304	
426.304	
426.318	
426.332	
426.346	
426.346	
426.36	
426.374	
426.374	
426.388	
426.402	
426.416	
426.416	
426.43	
426.444	
426.444	
426.458	
426.472	
426.486	
426.486	
426.5	
426.514	
426.514	
426.528	
426.542	
426.556	
426.556	
426.57	
426.584	
426.584	
426.598	
426.612	
426.626	
426.626	
426.64	
426.654	
426.654	
426.668	
426.682	
426.696	
426.696	
426.71	
426.724	
426.724	
426.738	
426.752	
426.766	
426.766	
426.78	
426.794	
426.794	
426.808	
426.822	
426.836	
426.836	
426.85	
426.864	
426.864	
426.878	
426.892	
426.906	
426.906	
426.92	
426.934	
426.934	
426.948	
426.962	
426.976	
426.976	
426.99	
427.004	
427.004	
427.018	
427.032	
427.046	
427.046	
427.06	
427.074	
427.074	
427.088	
427.102	
427.116	
427.116	
427.13	
427.144	
427.144	
427.158	
427.172	
427.186	
427.186	
427.2	
427.214	
427.214	
427.228	
427.242	
427.256	
427.256	
427.27	
427.284	
427.284	
427.298	
427.312	
427.326	
427.326	
427.34	
427.354	
427.354	
427.368	
427.382	
427.396	
427.396	
427.41	
427.424	
427.424	
427.438	
427.452	
427.466	
427.466	
427.48	
427.494	
427.494	
427.508	
427.522	
427.536	
427.536	
427.55	
427.564	
427.564	
427.578	
427.592	
427.606	
427.606	
427.62	
427.634	
427.634	
427.648	
427.662	
427.676	
427.676	
427.69	
427.704	
427.704	
427.718	
427.732	
427.746	
427.746	
427.76	
427.774	
427.774	
427.788	
427.802	
427.816	
427.816	
427.83	
427.844	
427.844	
427.858	
427.872	
427.886	
427.886	
427.9	
427.914	
427.914	
427.928	
427.942	
427.956	
427.956	
427.97	
427.984	
427.984	
427.998	
428.012	
428.026	
428.026	
428.04	
428.054	
428.054	
428.068	
428.082	
428.096	
428.096	
428.11	
428.124	
428.124	
428.138	
428.152	
428.166	
428.166	
428.18	
428.194	
428.194	
428.208	
428.222	
428.236	
428.236	
428.25	
428.264	
428.264	
428.278	
428.292	
428.306	
428.306	
428.32	
428.334	
428.334	
428.348	
428.362	
428.376	
428.376	
428.39	
428.404	
428.404	
428.418	
428.432	
428.446	
428.446	
428.46	
428.474	
428.474	
428.488	
428.502	
428.516	
428.516	
428.53	
428.544	
428.544	
428.558	
428.572	
428.586	
428.586	
428.6	
428.614	
428.614	
428.628	
428.642	
428.656	
428.656	
428.67	
428.684	
428.684	
428.698	
428.712	
428.726	
428.726	
428.74	
428.754	
428.754	
428.768	
428.782	
428.796	
428.796	
428.81	
428.824	
428.824	
428.838	
428.852	
428.866	
428.866	
428.88	
428.894	
428.894	
428.908	
428.922	
428.936	
428.936	
428.95	
428.964	
428.964	
428.978	
428.992	
429.006	
429.006	
429.02	
429.034	
429.034	
429.048	
429.062	
429.076	
429.076	
429.09	
429.104	
429.104	
429.118	
429.132	
429.146	
429.146	
429.16	
429.174	
429.174	
429.188	
429.202	
429.216	
429.216	
429.23	
429.244	
429.244	
429.258	
429.272	
429.286	
429.286	
429.3	
429.314	
429.314	
429.328	
429.342	
429.356	
429.356	
429.37	
429.384	
429.384	
429.398	
429.412	
429.426	
429.426	
429.44	
429.454	
429.454	
429.468	
429.482	
429.496	
429.496	
429.51	
429.524	
429.524	
429.538	
429.552	
429.566	
429.566	
429.58	
429.594	
429.594	
429.608	
429.622	
429.636	
429.636	
429.65	
429.664	
429.664	
429.678	
429.692	
429.706	
429.706	
429.72	
429.734	
429.734	
429.748	
429.762	
429.776	
429.776	
429.79	
429.804	
429.804	
429.818	
429.832	
429.846	
429.846	
429.86	
429.874	
429.874	
429.888	
429.902	
429.916	
429.916	
429.93	
429.944	
429.944	
429.958	
429.972	
429.986	
429.986	
430	
430.014	
430.014	
430.028	
430.042	
430.056	
430.056	
430.07	
430.084	
430.084	
430.098	
430.112	
430.126	
430.126	
430.14	
430.154	
430.154	
430.168	
430.182	
430.196	
430.196	
430.21	
430.224	
430.224	
430.238	
430.252	
430.266	
430.266	
430.28	
430.294	
430.294	
430.308	
430.322	
430.336	
430.336	
430.35	
430.364	
430.364	
430.378	
430.392	
430.406	
430.406	
430.42	
430.434	
430.434	
430.448	
430.462	
430.476	
430.476	
430.49	
430.504	
430.504	
430.518	
430.532	
430.546	
430.546	
430.56	
430.574	
430.574	
430.588	
430.602	
430.616	
430.616	
430.63	
430.644	
430.644	
430.658	
430.672	
430.686	
430.686	
430.7	
430.714	
430.714	
430.728	
430.742	
430.756	
430.756	
430.77	
430.784	
430.784	
430.798	
430.812	
430.826	
430.826	
430.84	
430.854	
430.854	
430.868	
430.882	
430.896	
430.896	
430.91	
430.924	
430.924	
430.938	
430.952	
430.966	
430.966	
430.98	
430.994	
430.994	
431.008	
431.022	
431.036	
431.036	
431.05	
431.064	
431.064	
431.078	
431.092	
431.106	
431.106	
431.12	
431.134	
431.134	
431.148	
431.162	
431.176	
431.176	
431.19	
431.204	
431.204	
431.218	
431.232	
431.246	
431.246	
431.26	
431.274	
431.274	
431.288	
431.302	
431.316	
431.316	
431.33	
431.344	
431.344	
431.358	
431.372	
431.386	
431.386	
431.4	
431.414	
431.414	
431.428	
431.442	
431.456	
431.456	
431.47	
431.484	
431.484	
431.498	
431.512	
431.526	
431.526	
431.54	
431.554	
431.554	
431.568	
431.582	
431.596	
431.596	
431.61	
431.624	
431.624	
431.638	
431.652	
431.666	
431.666	
431.68	
431.694	
431.694	
431.708	
431.722	
431.736	
431.736	
431.75	
431.764	
431.764	
431.778	
431.792	
431.806	
431.806	
431.82	
431.834	
431.834	
431.848	
431.862	
431.876	
431.876	
431.89	
431.904	
431.904	
431.918	
431.932	
431.946	
431.946	
431.96	
431.974	
431.974	
431.988	
432.002	
432.016	
432.016	
432.03	
432.044	
432.044	
432.058	
432.072	
432.086	
432.086	
432.1	
432.114	
432.114	
432.128	
432.142	
432.156	
432.156	
432.17	
432.184	
432.184	
432.198	
432.212	
432.226	
432.226	
432.24	
432.254	
432.254	
432.268	
432.282	
432.296	
432.296	
432.31	
432.324	
432.324	
432.338	
432.352	
432.366	
432.366	
432.38	
432.394	
432.394	
432.408	
432.422	
432.436	
432.436	
432.45	
432.464	
432.464	
432.478	
432.492	
432.506	
432.506	
432.52	
432.534	
432.534	
432.548	
432.562	
432.576	
432.576	
432.59	
432.604	
432.604	
432.618	
432.632	
432.646	
432.646	
432.66	
432.674	
432.674	
432.688	
432.702	
432.716	
432.716	
432.73	
432.744	
432.744	
432.758	
432.772	
432.786	
432.786	
432.8	
432.814	
432.814	
432.828	
432.842	
432.856	
432.856	
432.87	
432.884	
432.884	
432.898	
432.912	
432.926	
432.926	
432.94	
432.954	
432.954	
432.968	
432.982	
432.996	
432.996	
433.01	
433.024	
433.024	
433.038	
433.052	
433.066	
433.066	
433.08	
433.094	
433.094	
433.108	
433.122	
433.136	
433.136	
433.15	
433.164	
433.164	
433.178	
433.192	
433.206	
433.206	
433.22	
433.234	
433.234	
433.248	
433.262	
433.276	
433.276	
433.29	
433.304	
433.304	
433.318	
433.332	
433.346	
433.346	
433.36	
433.374	
433.374	
433.388	
433.402	
433.416	
433.416	
433.43	
433.444	
433.444	
433.458	
433.472	
433.486	
433.486	
433.5	
433.514	
433.514	
433.528	
433.542	
433.556	
433.556	
433.57	
433.584	
433.584	
433.598	
433.612	
433.626	
433.626	
433.64	
433.654	
433.654	
433.668	
433.682	
433.696	
433.696	
433.71	
433.724	
433.724	
433.738	
433.752	
433.766	
433.766	
433.78	
433.794	
433.794	
433.808	
433.822	
433.836	
433.836	
433.85	
433.864	
433.864	
433.878	
433.892	
433.906	
433.906	
433.92	
433.934	
433.934	
433.948	
433.962	
433.976	
433.976	
433.99	
434.004	
434.004	
434.018	
434.032	
434.046	
434.046	
434.06	
434.074	
434.074	
434.088	
434.102	
434.116	
434.116	
434.13	
434.144	
434.144	
434.158	
434.172	
434.186	
434.186	
434.2	
434.214	
434.214	
434.228	
434.242	
434.256	
434.256	
434.27	
434.284	
434.284	
434.298	
434.312	
434.326	
434.326	
434.34	
434.354	
434.354	
434.368	
434.382	
434.396	
434.396	
434.41	
434.424	
434.424	
434.438	
434.452	
434.466	
434.466	
434.48	
434.494	
434.494	
434.508	
434.522	
434.536	
434.536	
434.55	
434.564	
434.564	
434.578	
434.592	
434.606	
434.606	
434.62	
434.634	
434.634	
434.648	
434.662	
434.676	
434.676	
434.69	
434.704	
434.704	
434.718	
434.732	
434.746	
434.746	
434.76	
434.774	
434.774	
434.788	
434.802	
434.816	
434.816	
434.83	
434.844	
434.844	
434.858	
434.872	
434.886	
434.886	
434.9	
434.914	
434.914	
434.928	
434.942	
434.956	
434.956	
434.97	
434.984	
434.984	
434.998	
435.012	
435.026	
435.026	
435.04	
435.054	
435.054	
435.068	
435.082	
435.096	
435.096	
435.11	
435.124	
435.124	
435.138	
435.152	
435.166	
435.166	
435.18	
435.194	
435.194	
435.208	
435.222	
435.236	
435.236	
435.25	
435.264	
435.264	
435.278	
435.292	
435.306	
435.306	
435.32	
435.334	
435.334	
435.348	
435.362	
435.376	
435.376	
435.39	
435.404	
435.404	
435.418	
435.432	
435.446	
435.446	
435.46	
435.474	
435.474	
435.488	
435.502	
435.516	
435.516	
435.53	
435.544	
435.544	
435.558	
435.572	
435.586	
435.586	
435.6	
435.614	
435.614	
435.628	
435.642	
435.656	
435.656	
435.67	
435.684	
435.684	
435.698	
435.712	
435.726	
435.726	
435.74	
435.754	
435.754	
435.768	
435.782	
435.796	
435.796	
435.81	
435.824	
435.824	
435.838	
435.852	
435.866	
435.866	
435.88	
435.894	
435.894	
435.908	
435.922	
435.936	
435.936	
435.95	
435.964	
435.964	
435.978	
435.992	
436.006	
436.006	
436.02	
436.034	
436.034	
436.048	
436.062	
436.076	
436.076	
