time	
169.764	
169.778	
169.792	
169.806	
169.806	
169.82	
169.834	
169.834	
169.848	
169.862	
169.876	
169.876	
169.89	
169.904	
169.904	
169.918	
169.932	
169.946	
169.946	
169.96	
169.974	
169.974	
169.988	
170.002	
170.016	
170.016	
170.03	
170.044	
170.044	
170.058	
170.072	
170.086	
170.086	
170.1	
170.114	
170.114	
170.128	
170.142	
170.156	
170.156	
170.17	
170.184	
170.184	
170.198	
170.212	
170.226	
170.226	
170.24	
170.254	
170.254	
170.268	
170.282	
170.296	
170.296	
170.31	
170.324	
170.324	
170.338	
170.352	
170.366	
170.366	
170.38	
170.394	
170.394	
170.408	
170.422	
170.436	
170.436	
170.45	
170.464	
170.464	
170.478	
170.492	
170.506	
170.506	
170.52	
170.534	
170.534	
170.548	
170.562	
170.576	
170.576	
170.59	
170.604	
170.604	
170.618	
170.632	
170.646	
170.646	
170.66	
170.674	
170.674	
170.688	
170.702	
170.716	
170.716	
170.73	
170.744	
170.744	
170.758	
170.772	
170.786	
170.786	
170.8	
170.814	
170.814	
170.828	
170.842	
170.856	
170.856	
170.87	
170.884	
170.884	
170.898	
170.912	
170.926	
170.926	
170.94	
170.954	
170.954	
170.968	
170.982	
170.996	
170.996	
171.01	
171.024	
171.024	
171.038	
171.052	
171.066	
171.066	
171.08	
171.094	
171.094	
171.108	
171.122	
171.136	
171.136	
171.15	
171.164	
171.164	
171.178	
171.192	
171.206	
171.206	
171.22	
171.234	
171.234	
171.248	
171.262	
171.276	
171.276	
171.29	
171.304	
171.304	
171.318	
171.332	
171.346	
171.346	
171.36	
171.374	
171.374	
171.388	
171.402	
171.416	
171.416	
171.43	
171.444	
171.444	
171.458	
171.472	
171.486	
171.486	
171.5	
171.514	
171.514	
171.528	
171.542	
171.556	
171.556	
171.57	
171.584	
171.584	
171.598	
171.612	
171.626	
171.626	
171.64	
171.654	
171.654	
171.668	
171.682	
171.696	
171.696	
171.71	
171.724	
171.724	
171.738	
171.752	
171.766	
171.766	
171.78	
171.794	
171.794	
171.808	
171.822	
171.836	
171.836	
171.85	
171.864	
171.864	
171.878	
171.892	
171.906	
171.906	
171.92	
171.934	
171.934	
171.948	
171.962	
171.976	
171.976	
171.99	
172.004	
172.004	
172.018	
172.032	
172.046	
172.046	
172.06	
172.074	
172.074	
172.088	
172.102	
172.116	
172.116	
172.13	
172.144	
172.144	
172.158	
172.172	
172.186	
172.186	
172.2	
172.214	
172.214	
172.228	
172.242	
172.256	
172.256	
172.27	
172.284	
172.284	
172.298	
172.312	
172.326	
172.326	
172.34	
172.354	
172.354	
172.368	
172.382	
172.396	
172.396	
172.41	
172.424	
172.424	
172.438	
172.452	
172.466	
172.466	
172.48	
172.494	
172.494	
172.508	
172.522	
172.536	
172.536	
172.55	
172.564	
172.564	
172.578	
172.592	
172.606	
172.606	
172.62	
172.634	
172.634	
172.648	
172.662	
172.676	
172.676	
172.69	
172.704	
172.718	
172.718	
172.732	
172.746	
172.746	
172.76	
172.774	
172.774	
172.788	
172.802	
172.816	
172.816	
172.83	
172.844	
172.844	
172.858	
172.872	
172.886	
172.886	
172.9	
172.914	
172.914	
172.928	
172.942	
172.956	
172.956	
172.97	
172.984	
172.984	
172.998	
173.012	
173.026	
173.026	
173.04	
173.054	
173.054	
173.068	
173.082	
173.096	
173.096	
173.11	
173.124	
173.124	
173.138	
173.152	
173.166	
173.166	
173.18	
173.194	
173.194	
173.208	
173.222	
173.236	
173.236	
173.25	
173.264	
173.264	
173.278	
173.292	
173.306	
173.306	
173.32	
173.334	
173.334	
173.348	
173.362	
173.376	
173.376	
173.39	
173.404	
173.404	
173.418	
173.432	
173.446	
173.446	
173.46	
173.474	
173.474	
173.488	
173.502	
173.516	
173.516	
173.53	
173.544	
173.544	
173.558	
173.572	
173.586	
173.586	
173.6	
173.614	
173.614	
173.628	
173.642	
173.656	
173.656	
173.67	
173.684	
173.684	
173.698	
173.712	
173.726	
173.726	
173.74	
173.754	
173.754	
173.768	
173.782	
173.796	
173.796	
173.81	
173.824	
173.824	
173.838	
173.852	
173.866	
173.866	
173.88	
173.894	
173.894	
173.908	
173.922	
173.936	
173.936	
173.95	
173.964	
173.964	
173.978	
173.992	
174.006	
174.006	
174.02	
174.034	
174.034	
174.048	
174.062	
174.076	
174.076	
174.09	
174.104	
174.104	
174.118	
174.132	
174.146	
174.146	
174.16	
174.174	
174.174	
174.188	
174.202	
174.216	
174.216	
174.23	
174.244	
174.244	
174.258	
174.272	
174.286	
174.286	
174.3	
174.314	
174.314	
174.328	
174.342	
174.356	
174.356	
174.37	
174.384	
174.384	
174.398	
174.412	
174.426	
174.426	
174.44	
174.454	
174.454	
174.468	
174.482	
174.496	
174.496	
174.51	
174.524	
174.524	
174.538	
174.552	
174.566	
174.566	
174.58	
174.594	
174.594	
174.608	
174.622	
174.636	
174.636	
174.65	
174.664	
174.664	
174.678	
174.692	
174.706	
174.706	
174.72	
174.734	
174.734	
174.748	
174.762	
174.776	
174.776	
174.79	
174.804	
174.804	
174.818	
174.832	
174.846	
174.846	
174.86	
174.874	
174.874	
174.888	
174.902	
174.916	
174.916	
174.93	
174.944	
174.944	
174.958	
174.972	
174.986	
174.986	
175	
175.014	
175.014	
175.028	
175.042	
175.056	
175.056	
175.07	
175.084	
175.084	
175.098	
175.112	
175.126	
175.126	
175.14	
175.154	
175.154	
175.168	
175.182	
175.196	
175.196	
175.21	
175.224	
175.224	
175.238	
175.252	
175.266	
175.266	
175.28	
175.294	
175.294	
175.308	
175.322	
175.336	
175.336	
175.35	
175.364	
175.364	
175.378	
175.392	
175.406	
175.406	
175.42	
175.434	
175.434	
175.448	
175.462	
175.476	
175.476	
175.49	
175.504	
175.504	
175.518	
175.532	
175.546	
175.546	
175.56	
175.574	
175.574	
175.588	
175.602	
175.616	
175.616	
175.63	
175.644	
175.644	
175.658	
175.672	
175.686	
175.686	
175.7	
175.714	
175.714	
175.728	
175.742	
175.756	
175.756	
175.77	
175.784	
175.784	
175.798	
175.812	
175.826	
175.826	
175.84	
175.854	
175.854	
175.868	
175.882	
175.896	
175.896	
175.91	
175.924	
175.924	
175.938	
175.952	
175.966	
175.966	
175.98	
175.994	
175.994	
176.008	
176.022	
176.036	
176.036	
176.05	
176.064	
176.064	
176.078	
176.092	
176.106	
176.106	
176.12	
176.134	
176.134	
176.148	
176.162	
176.176	
176.176	
176.19	
176.204	
176.204	
176.218	
176.232	
176.246	
176.246	
176.26	
176.274	
176.274	
176.288	
176.302	
176.316	
176.316	
176.33	
176.344	
176.344	
176.358	
176.372	
176.386	
176.386	
176.4	
176.414	
176.414	
176.428	
176.442	
176.456	
176.456	
176.47	
176.484	
176.484	
176.498	
176.512	
176.526	
176.526	
176.54	
176.554	
176.554	
176.568	
176.582	
176.596	
176.596	
176.61	
176.624	
176.624	
176.638	
176.652	
176.666	
176.666	
176.68	
176.694	
176.694	
176.708	
176.722	
176.736	
176.736	
176.75	
176.764	
176.764	
176.778	
176.792	
176.806	
176.806	
176.82	
176.834	
176.834	
176.848	
176.862	
176.876	
176.876	
176.89	
176.904	
176.904	
176.918	
176.932	
176.946	
176.946	
176.96	
176.974	
176.974	
176.988	
177.002	
177.016	
177.016	
177.03	
177.044	
177.044	
177.058	
177.072	
177.086	
177.086	
177.1	
177.114	
177.114	
177.128	
177.142	
177.156	
177.156	
177.17	
177.184	
177.184	
177.198	
177.212	
177.226	
177.226	
177.24	
177.254	
177.254	
177.268	
177.282	
177.296	
177.296	
177.31	
177.324	
177.324	
177.338	
177.352	
177.366	
177.366	
177.38	
177.394	
177.394	
177.408	
177.422	
177.436	
177.436	
177.45	
177.464	
177.464	
177.478	
177.492	
177.506	
177.506	
177.52	
177.534	
177.534	
177.548	
177.562	
177.576	
177.576	
177.59	
177.604	
177.604	
177.618	
177.632	
177.646	
177.646	
177.66	
177.674	
177.674	
177.688	
177.702	
177.716	
177.716	
177.73	
177.744	
177.744	
177.758	
177.772	
177.786	
177.786	
177.8	
177.814	
177.814	
177.828	
177.842	
177.856	
177.856	
177.87	
177.884	
177.884	
177.898	
177.912	
177.926	
177.926	
177.94	
177.954	
177.954	
177.968	
177.982	
177.996	
177.996	
178.01	
178.024	
178.024	
178.038	
178.052	
178.066	
178.066	
178.08	
178.094	
178.094	
178.108	
178.122	
178.136	
178.136	
178.15	
178.164	
178.164	
178.178	
178.192	
178.206	
178.22	
178.22	
178.234	
178.234	
178.248	
178.262	
178.276	
178.276	
178.29	
178.304	
178.304	
178.318	
178.332	
178.346	
178.346	
178.36	
178.374	
178.374	
178.388	
178.402	
178.416	
178.416	
178.43	
178.444	
178.444	
178.458	
178.472	
178.486	
178.486	
178.5	
178.514	
178.514	
178.528	
178.542	
178.556	
178.556	
178.57	
178.584	
178.584	
178.598	
178.612	
178.626	
178.626	
178.64	
178.654	
178.654	
178.668	
178.682	
178.696	
178.696	
178.71	
178.724	
178.724	
178.738	
178.752	
178.766	
178.766	
178.78	
178.794	
178.794	
178.808	
178.822	
178.836	
178.836	
178.85	
178.864	
178.864	
178.878	
178.892	
178.906	
178.906	
178.92	
178.934	
178.934	
178.948	
178.962	
178.976	
178.976	
178.99	
179.004	
179.004	
179.018	
179.032	
179.046	
179.046	
179.06	
179.074	
179.074	
179.088	
179.102	
179.116	
179.116	
179.13	
179.144	
179.144	
179.158	
179.172	
179.186	
179.186	
179.2	
179.214	
179.214	
179.228	
179.242	
179.256	
179.256	
179.27	
179.284	
179.284	
179.298	
179.312	
179.326	
179.326	
179.34	
179.354	
179.354	
179.368	
179.382	
179.396	
179.396	
179.41	
179.424	
179.424	
179.438	
179.452	
179.466	
179.466	
179.48	
179.494	
179.494	
179.508	
179.522	
179.536	
179.536	
179.55	
179.564	
179.564	
179.578	
179.592	
179.606	
179.606	
179.62	
179.634	
179.634	
179.648	
179.662	
179.676	
179.676	
179.69	
179.704	
179.704	
179.718	
179.732	
179.746	
179.746	
179.76	
179.774	
179.774	
179.788	
179.802	
179.816	
179.816	
179.83	
179.844	
179.844	
179.858	
179.872	
179.886	
179.886	
179.9	
179.914	
179.914	
179.928	
179.942	
179.956	
179.956	
179.97	
179.984	
179.984	
179.998	
180.012	
180.026	
180.026	
180.04	
180.054	
180.054	
180.068	
180.082	
180.096	
180.096	
180.11	
180.124	
180.124	
180.138	
180.152	
180.166	
180.166	
180.18	
180.194	
180.194	
180.208	
180.222	
180.236	
180.236	
180.25	
180.264	
180.264	
180.278	
180.292	
180.306	
180.306	
180.32	
180.334	
180.334	
180.348	
180.362	
180.376	
180.376	
180.39	
180.404	
180.404	
180.418	
180.432	
180.446	
180.446	
180.46	
180.474	
180.474	
180.488	
180.502	
180.516	
180.516	
180.53	
180.544	
180.544	
180.558	
180.572	
180.586	
180.586	
180.6	
180.614	
180.614	
180.628	
180.642	
180.656	
180.656	
180.67	
180.684	
180.684	
180.698	
180.712	
180.726	
180.726	
180.74	
180.754	
180.754	
180.768	
180.782	
180.796	
180.796	
180.81	
180.824	
180.824	
180.838	
180.852	
180.866	
180.866	
180.88	
180.894	
180.894	
180.908	
180.922	
180.936	
180.936	
180.95	
180.964	
180.964	
180.978	
180.992	
181.006	
181.006	
181.02	
181.034	
181.034	
181.048	
181.062	
181.076	
181.076	
181.09	
181.104	
181.104	
181.118	
181.132	
181.146	
181.146	
181.16	
181.174	
181.174	
181.188	
181.202	
181.216	
181.216	
181.23	
181.244	
181.244	
181.258	
181.272	
181.286	
181.286	
181.3	
181.314	
181.314	
181.328	
181.342	
181.356	
181.356	
181.37	
181.384	
181.384	
181.398	
181.412	
181.426	
181.426	
181.44	
181.454	
181.454	
181.468	
181.482	
181.496	
181.496	
181.51	
181.524	
181.524	
181.538	
181.552	
181.566	
181.566	
181.58	
181.594	
181.594	
181.608	
181.622	
181.636	
181.636	
181.65	
181.664	
181.664	
181.678	
181.692	
181.706	
181.706	
181.72	
181.734	
181.734	
181.748	
181.762	
181.776	
181.776	
181.79	
181.804	
181.804	
181.818	
181.832	
181.846	
181.846	
181.86	
181.874	
181.874	
181.888	
181.902	
181.916	
181.916	
181.93	
181.944	
181.944	
181.958	
181.972	
181.986	
181.986	
182	
182.014	
182.014	
182.028	
182.042	
182.056	
182.056	
182.07	
182.084	
182.084	
182.098	
182.112	
182.126	
182.126	
182.14	
182.154	
182.154	
182.168	
182.182	
182.196	
182.196	
182.21	
182.224	
182.224	
182.238	
182.252	
182.266	
182.266	
182.28	
182.294	
182.294	
182.308	
182.322	
182.336	
182.336	
182.35	
182.364	
182.364	
182.378	
182.392	
182.406	
182.406	
182.42	
182.434	
182.434	
182.448	
182.462	
182.476	
182.476	
182.49	
182.504	
182.504	
182.518	
182.532	
182.546	
182.546	
182.56	
182.574	
182.574	
182.588	
182.602	
182.616	
182.616	
182.63	
182.644	
182.644	
182.658	
182.672	
182.686	
182.686	
182.7	
182.714	
182.714	
