time	
884.566	
884.58	
884.58	
884.594	
884.608	
884.622	
884.622	
884.636	
884.65	
884.65	
884.664	
884.678	
884.692	
884.692	
884.706	
884.72	
884.72	
884.734	
884.748	
884.762	
884.762	
884.776	
884.79	
884.79	
884.804	
884.818	
884.832	
884.832	
884.846	
884.86	
884.86	
884.874	
884.888	
884.902	
884.902	
884.916	
884.93	
884.93	
884.944	
884.958	
884.972	
884.972	
884.986	
885	
885	
885.014	
885.028	
885.042	
885.042	
885.056	
885.07	
885.07	
885.084	
885.098	
885.112	
885.112	
885.126	
885.14	
885.14	
885.154	
885.168	
885.182	
885.182	
885.196	
885.21	
885.21	
885.224	
885.238	
885.252	
885.252	
885.266	
885.28	
885.28	
885.294	
885.308	
885.322	
885.322	
885.336	
885.35	
885.35	
885.364	
885.378	
885.392	
885.392	
885.406	
885.42	
885.42	
885.434	
885.448	
885.462	
885.462	
885.476	
885.49	
885.49	
885.504	
885.518	
885.532	
885.532	
885.546	
885.56	
885.56	
885.574	
885.588	
885.602	
885.602	
885.616	
885.63	
885.63	
885.644	
885.658	
885.672	
885.672	
885.686	
885.7	
885.7	
885.714	
885.728	
885.742	
885.742	
885.756	
885.77	
885.77	
885.784	
885.798	
885.812	
885.812	
885.826	
885.84	
885.84	
885.854	
885.868	
885.882	
885.882	
885.896	
885.91	
885.91	
885.924	
885.938	
885.952	
885.952	
885.966	
885.98	
885.98	
885.994	
886.008	
886.022	
886.022	
886.036	
886.05	
886.05	
886.064	
886.078	
886.092	
886.092	
886.106	
886.12	
886.12	
886.134	
886.148	
886.162	
886.162	
886.176	
886.19	
886.19	
886.204	
886.218	
886.232	
886.232	
886.246	
886.26	
886.26	
886.274	
886.288	
886.302	
886.302	
886.316	
886.33	
886.33	
886.344	
886.358	
886.372	
886.372	
886.386	
886.4	
886.4	
886.414	
886.428	
886.442	
886.442	
886.456	
886.47	
886.47	
886.484	
886.498	
886.512	
886.512	
886.526	
886.54	
886.54	
886.554	
886.568	
886.582	
886.582	
886.596	
886.61	
886.61	
886.624	
886.638	
886.652	
886.652	
886.666	
886.68	
886.68	
886.694	
886.708	
886.722	
886.722	
886.736	
886.75	
886.75	
886.764	
886.778	
886.792	
886.792	
886.806	
886.82	
886.82	
886.834	
886.848	
886.862	
886.862	
886.876	
886.89	
886.89	
886.904	
886.918	
886.932	
886.932	
886.946	
886.96	
886.96	
886.974	
886.988	
887.002	
887.002	
887.016	
887.03	
887.03	
887.044	
887.058	
887.072	
887.072	
887.086	
887.1	
887.1	
887.114	
887.128	
887.142	
887.142	
887.156	
887.17	
887.17	
887.184	
887.198	
887.212	
887.212	
887.226	
887.24	
887.24	
887.254	
887.268	
887.282	
887.282	
887.296	
887.31	
887.31	
887.324	
887.338	
887.352	
887.352	
887.366	
887.38	
887.38	
887.394	
887.408	
887.422	
887.422	
887.436	
887.45	
887.45	
887.464	
887.478	
887.492	
887.492	
887.506	
887.52	
887.52	
887.534	
887.548	
887.562	
887.562	
887.576	
887.59	
887.59	
887.604	
887.618	
887.632	
887.632	
887.646	
887.66	
887.66	
887.674	
887.688	
887.702	
887.702	
887.716	
887.73	
887.73	
887.744	
887.758	
887.772	
887.772	
887.786	
887.8	
887.8	
887.814	
887.828	
887.842	
887.842	
887.856	
887.87	
887.87	
887.884	
887.898	
887.912	
887.912	
887.926	
887.94	
887.94	
887.954	
887.968	
887.982	
887.982	
887.996	
888.01	
888.01	
888.024	
888.038	
888.052	
888.052	
888.066	
888.08	
888.08	
888.094	
888.108	
888.122	
888.122	
888.136	
888.15	
888.15	
888.164	
888.178	
888.192	
888.192	
888.206	
888.22	
888.22	
888.234	
888.248	
888.262	
888.262	
888.276	
888.29	
888.29	
888.304	
888.318	
888.332	
888.332	
888.346	
888.36	
888.36	
888.374	
888.388	
888.402	
888.402	
888.416	
888.43	
888.43	
888.444	
888.458	
888.472	
888.472	
888.486	
888.5	
888.5	
888.514	
888.528	
888.542	
888.542	
888.556	
888.57	
888.57	
888.584	
888.598	
888.612	
888.612	
888.626	
888.64	
888.64	
888.654	
888.668	
888.682	
888.682	
888.696	
888.71	
888.71	
888.724	
888.738	
888.752	
888.752	
888.766	
888.78	
888.78	
888.794	
888.808	
888.822	
888.822	
888.836	
888.85	
888.85	
888.864	
888.878	
888.892	
888.892	
888.906	
888.92	
888.92	
888.934	
888.948	
888.962	
888.962	
888.976	
888.99	
888.99	
889.004	
889.018	
889.032	
889.032	
889.046	
889.06	
889.06	
889.074	
889.088	
889.102	
889.102	
889.116	
889.13	
889.13	
889.144	
889.158	
889.172	
889.172	
889.186	
889.2	
889.2	
889.214	
889.228	
889.242	
889.242	
889.256	
889.27	
889.27	
889.284	
889.298	
889.312	
889.312	
889.326	
889.34	
889.34	
889.354	
889.368	
889.382	
889.382	
889.396	
889.41	
889.41	
889.424	
889.438	
889.452	
889.452	
889.466	
889.48	
889.48	
889.494	
889.508	
889.522	
889.522	
889.536	
889.55	
889.55	
889.564	
889.578	
889.592	
889.592	
889.606	
889.62	
889.62	
889.634	
889.648	
889.662	
889.662	
889.676	
889.69	
889.69	
889.704	
889.718	
889.732	
889.732	
889.746	
889.76	
889.76	
889.774	
889.788	
889.802	
889.802	
889.816	
889.83	
889.83	
889.844	
889.858	
889.872	
889.872	
889.886	
889.9	
889.9	
889.914	
889.928	
889.942	
889.942	
889.956	
889.97	
889.97	
889.984	
889.998	
890.012	
890.012	
890.026	
890.04	
890.04	
890.054	
890.068	
890.082	
890.082	
890.096	
890.11	
890.11	
890.124	
890.138	
