time	
2545.34	
2545.35	
2545.35	
2545.37	
2545.38	
2545.39	
2545.39	
2545.41	
2545.42	
2545.42	
2545.44	
2545.45	
2545.46	
2545.46	
2545.48	
2545.49	
2545.49	
2545.51	
2545.52	
2545.53	
2545.53	
2545.55	
2545.56	
2545.56	
2545.58	
2545.59	
2545.6	
2545.6	
2545.62	
2545.63	
2545.63	
2545.65	
2545.66	
2545.67	
2545.67	
2545.69	
2545.7	
2545.7	
2545.72	
2545.73	
2545.74	
2545.74	
2545.76	
2545.77	
2545.77	
2545.79	
2545.8	
2545.81	
2545.81	
2545.83	
2545.84	
2545.84	
2545.86	
2545.87	
2545.88	
2545.88	
2545.9	
2545.91	
2545.91	
2545.93	
2545.94	
2545.95	
2545.95	
2545.97	
2545.98	
2545.98	
2546	
2546.01	
2546.02	
2546.02	
2546.04	
2546.05	
2546.05	
2546.07	
2546.08	
2546.09	
2546.09	
2546.11	
2546.12	
2546.12	
2546.14	
2546.15	
2546.16	
2546.16	
2546.18	
2546.19	
2546.19	
2546.21	
2546.22	
2546.23	
2546.23	
2546.25	
2546.26	
2546.26	
2546.28	
2546.29	
2546.3	
2546.3	
2546.32	
2546.33	
2546.35	
2546.35	
2546.36	
2546.37	
2546.37	
2546.39	
2546.4	
2546.4	
2546.42	
2546.43	
2546.44	
2546.44	
2546.46	
2546.47	
2546.47	
2546.49	
2546.5	
2546.51	
2546.51	
2546.53	
2546.54	
2546.54	
2546.56	
2546.57	
2546.58	
2546.58	
2546.6	
2546.61	
2546.61	
2546.63	
2546.64	
2546.65	
2546.65	
2546.67	
2546.68	
2546.68	
2546.7	
2546.71	
2546.72	
2546.72	
2546.74	
2546.75	
2546.75	
2546.77	
2546.78	
2546.79	
2546.79	
2546.81	
2546.82	
2546.82	
2546.84	
2546.85	
2546.86	
2546.86	
2546.88	
2546.89	
2546.89	
2546.91	
2546.92	
2546.93	
2546.93	
2546.95	
2546.96	
2546.96	
2546.98	
2546.99	
2547	
2547	
2547.02	
2547.03	
2547.03	
2547.05	
2547.06	
2547.07	
2547.07	
2547.09	
2547.1	
2547.1	
2547.12	
2547.13	
2547.14	
2547.14	
2547.16	
2547.17	
2547.17	
2547.19	
2547.2	
2547.21	
2547.21	
2547.23	
2547.24	
2547.24	
2547.26	
2547.27	
2547.28	
2547.28	
2547.3	
2547.31	
2547.31	
2547.33	
2547.34	
2547.35	
2547.35	
2547.37	
2547.38	
2547.38	
2547.4	
2547.41	
2547.42	
2547.42	
2547.44	
2547.45	
2547.45	
2547.47	
2547.48	
2547.49	
2547.49	
2547.51	
2547.52	
2547.52	
2547.54	
2547.55	
2547.56	
2547.56	
2547.58	
2547.59	
2547.59	
2547.61	
2547.62	
2547.63	
2547.63	
2547.65	
2547.66	
2547.66	
2547.68	
2547.69	
2547.7	
2547.7	
2547.72	
2547.73	
2547.73	
2547.75	
2547.76	
2547.77	
2547.77	
2547.79	
2547.8	
2547.8	
2547.82	
2547.83	
2547.84	
2547.84	
2547.86	
2547.87	
2547.87	
2547.89	
2547.9	
2547.91	
2547.91	
2547.93	
2547.94	
2547.94	
2547.96	
2547.97	
2547.98	
2547.98	
2548	
2548.01	
2548.01	
2548.03	
2548.04	
2548.05	
2548.05	
2548.07	
2548.08	
2548.08	
2548.1	
2548.11	
2548.12	
2548.12	
2548.14	
2548.15	
2548.15	
2548.17	
2548.18	
2548.19	
2548.19	
2548.21	
2548.22	
2548.22	
2548.24	
2548.25	
2548.26	
2548.26	
2548.28	
2548.29	
2548.29	
2548.31	
2548.32	
2548.33	
2548.33	
2548.35	
2548.36	
2548.36	
2548.38	
2548.39	
2548.4	
2548.4	
2548.42	
2548.43	
2548.43	
2548.45	
2548.46	
2548.47	
2548.47	
2548.49	
2548.5	
2548.5	
2548.52	
2548.53	
2548.54	
2548.54	
2548.56	
2548.57	
2548.57	
2548.59	
2548.6	
2548.61	
2548.61	
2548.63	
2548.64	
2548.64	
2548.66	
2548.67	
2548.68	
2548.68	
2548.7	
2548.71	
2548.71	
2548.73	
2548.74	
2548.75	
2548.75	
2548.77	
2548.78	
2548.78	
2548.8	
2548.81	
2548.82	
2548.82	
2548.84	
2548.85	
2548.85	
2548.87	
2548.88	
2548.89	
2548.89	
2548.91	
2548.92	
2548.92	
2548.94	
2548.95	
2548.96	
2548.96	
2548.98	
2548.99	
2548.99	
2549.01	
2549.02	
2549.03	
2549.03	
2549.05	
2549.06	
2549.06	
2549.08	
2549.09	
2549.1	
2549.1	
2549.12	
2549.13	
2549.13	
2549.15	
2549.16	
2549.17	
2549.17	
2549.19	
2549.2	
2549.2	
2549.22	
2549.23	
2549.24	
2549.24	
2549.26	
2549.27	
2549.27	
2549.29	
2549.3	
2549.31	
2549.31	
2549.33	
2549.34	
2549.34	
2549.36	
2549.37	
2549.38	
2549.38	
2549.4	
2549.41	
2549.41	
2549.43	
2549.44	
2549.45	
2549.45	
2549.47	
2549.48	
2549.48	
2549.5	
2549.51	
2549.52	
2549.52	
2549.54	
2549.55	
2549.55	
2549.57	
2549.58	
2549.59	
2549.59	
2549.61	
2549.62	
2549.62	
2549.64	
2549.65	
2549.66	
2549.66	
2549.68	
2549.69	
2549.69	
2549.71	
2549.72	
2549.73	
2549.73	
2549.75	
2549.76	
2549.76	
2549.78	
2549.79	
2549.8	
2549.8	
2549.82	
2549.83	
2549.83	
2549.85	
2549.86	
2549.87	
2549.87	
2549.89	
2549.9	
2549.9	
2549.92	
2549.93	
2549.94	
2549.94	
2549.96	
2549.97	
2549.97	
2549.99	
2550	
2550.01	
2550.01	
2550.03	
2550.04	
2550.04	
2550.06	
2550.07	
2550.08	
2550.08	
2550.1	
2550.11	
2550.11	
2550.13	
2550.14	
2550.15	
2550.15	
2550.17	
2550.18	
2550.18	
2550.2	
2550.21	
2550.22	
2550.22	
2550.24	
2550.25	
2550.25	
2550.27	
2550.28	
2550.29	
2550.29	
2550.31	
2550.32	
2550.32	
2550.34	
2550.35	
2550.36	
2550.36	
2550.38	
2550.39	
2550.39	
2550.41	
2550.42	
2550.43	
2550.43	
2550.45	
2550.46	
2550.46	
2550.48	
2550.49	
2550.5	
2550.5	
2550.52	
2550.53	
2550.53	
2550.55	
2550.56	
2550.57	
2550.57	
2550.59	
2550.6	
2550.6	
2550.62	
2550.63	
2550.64	
2550.64	
2550.66	
2550.67	
2550.67	
2550.69	
2550.7	
2550.71	
2550.71	
2550.73	
2550.74	
2550.74	
2550.76	
2550.77	
2550.78	
2550.78	
2550.8	
2550.81	
2550.81	
2550.83	
2550.84	
2550.85	
2550.85	
2550.87	
2550.88	
2550.88	
2550.9	
2550.91	
2550.92	
2550.92	
2550.94	
2550.95	
2550.95	
2550.97	
2550.98	
2550.99	
2550.99	
2551.01	
2551.02	
2551.02	
2551.04	
2551.05	
2551.06	
2551.06	
2551.08	
2551.09	
2551.09	
2551.11	
2551.12	
2551.13	
2551.13	
2551.15	
2551.16	
2551.16	
2551.18	
2551.19	
2551.2	
2551.2	
2551.22	
2551.23	
2551.23	
2551.25	
2551.26	
2551.27	
2551.27	
2551.29	
2551.3	
2551.3	
2551.32	
2551.33	
2551.34	
2551.34	
2551.36	
2551.37	
2551.37	
2551.39	
2551.4	
2551.41	
2551.41	
2551.43	
2551.44	
2551.44	
2551.46	
2551.47	
2551.48	
2551.48	
2551.5	
2551.51	
2551.51	
2551.53	
2551.54	
2551.55	
2551.55	
2551.57	
2551.58	
2551.58	
2551.6	
2551.61	
2551.62	
2551.62	
2551.64	
2551.65	
2551.65	
2551.67	
2551.68	
2551.69	
2551.69	
2551.71	
2551.72	
2551.72	
2551.74	
2551.75	
2551.76	
2551.76	
2551.78	
2551.79	
2551.79	
2551.81	
2551.82	
2551.83	
2551.83	
2551.85	
2551.86	
2551.86	
2551.88	
2551.89	
2551.9	
2551.9	
2551.92	
2551.93	
2551.93	
2551.95	
2551.96	
2551.97	
2551.97	
2551.99	
2552	
2552	
2552.02	
2552.03	
2552.04	
2552.04	
2552.06	
2552.07	
2552.07	
2552.09	
2552.1	
2552.11	
2552.11	
2552.13	
2552.14	
2552.14	
2552.16	
2552.17	
2552.18	
2552.18	
2552.2	
2552.21	
2552.21	
2552.23	
2552.24	
2552.25	
2552.25	
2552.27	
2552.28	
2552.28	
2552.3	
2552.31	
2552.32	
2552.32	
2552.34	
2552.35	
2552.35	
2552.37	
2552.38	
2552.39	
2552.39	
2552.41	
2552.42	
2552.42	
2552.44	
2552.45	
2552.46	
2552.46	
2552.48	
2552.49	
2552.49	
2552.51	
2552.52	
2552.53	
2552.53	
2552.55	
2552.56	
2552.56	
2552.58	
2552.59	
2552.6	
2552.6	
2552.62	
2552.63	
2552.63	
2552.65	
2552.66	
2552.67	
2552.67	
2552.69	
2552.7	
2552.7	
2552.72	
2552.73	
2552.74	
2552.74	
2552.76	
2552.77	
2552.77	
2552.79	
2552.8	
2552.81	
2552.81	
2552.83	
2552.84	
2552.84	
2552.86	
2552.87	
2552.88	
2552.88	
2552.9	
2552.91	
2552.91	
2552.93	
2552.94	
2552.95	
2552.95	
2552.97	
2552.98	
2552.98	
2553	
2553.01	
2553.02	
2553.02	
2553.04	
2553.05	
2553.05	
2553.07	
2553.08	
2553.09	
2553.09	
2553.11	
2553.12	
2553.12	
2553.14	
2553.15	
2553.16	
2553.16	
2553.18	
2553.19	
2553.19	
2553.21	
2553.22	
2553.23	
2553.23	
2553.25	
2553.26	
2553.26	
2553.28	
2553.29	
2553.3	
2553.3	
2553.32	
2553.33	
2553.33	
2553.35	
2553.36	
2553.37	
2553.37	
2553.39	
2553.4	
2553.4	
2553.42	
2553.43	
2553.44	
2553.44	
2553.46	
2553.47	
2553.47	
2553.49	
2553.5	
2553.51	
2553.51	
2553.53	
2553.54	
2553.54	
2553.56	
2553.57	
2553.58	
2553.58	
2553.6	
2553.61	
2553.61	
2553.63	
2553.64	
2553.65	
2553.65	
2553.67	
2553.68	
2553.68	
2553.7	
2553.71	
2553.72	
2553.72	
2553.74	
2553.75	
2553.75	
2553.77	
2553.78	
2553.79	
2553.79	
2553.81	
2553.82	
2553.82	
2553.84	
2553.85	
2553.86	
2553.86	
2553.88	
2553.89	
2553.89	
2553.91	
2553.92	
2553.93	
2553.93	
2553.95	
2553.96	
2553.96	
2553.98	
2553.99	
2554	
2554	
2554.02	
2554.03	
2554.03	
2554.05	
2554.06	
2554.07	
2554.07	
2554.09	
2554.1	
2554.1	
2554.12	
2554.13	
2554.14	
2554.14	
2554.16	
2554.17	
2554.17	
2554.19	
2554.2	
2554.21	
2554.21	
2554.23	
2554.24	
2554.24	
2554.26	
2554.27	
2554.28	
2554.28	
2554.3	
2554.31	
2554.31	
2554.33	
2554.34	
2554.35	
2554.35	
2554.37	
2554.38	
2554.38	
2554.4	
2554.41	
2554.42	
2554.42	
2554.44	
2554.45	
2554.45	
2554.47	
2554.48	
2554.49	
2554.49	
2554.51	
2554.52	
2554.52	
2554.54	
2554.55	
2554.56	
2554.56	
2554.58	
2554.59	
2554.59	
2554.61	
2554.62	
2554.63	
2554.63	
2554.65	
2554.66	
2554.66	
2554.68	
2554.69	
2554.7	
2554.7	
2554.72	
2554.73	
2554.73	
2554.75	
2554.76	
2554.77	
2554.77	
2554.79	
2554.8	
2554.8	
2554.82	
2554.83	
2554.84	
2554.84	
2554.86	
2554.87	
2554.87	
2554.89	
2554.9	
2554.91	
2554.91	
2554.93	
2554.94	
2554.94	
2554.96	
2554.97	
2554.98	
2554.98	
2555	
2555.01	
2555.01	
2555.03	
2555.04	
2555.05	
2555.05	
2555.07	
2555.08	
2555.08	
2555.1	
2555.11	
2555.12	
2555.12	
2555.14	
2555.15	
2555.15	
2555.17	
2555.18	
2555.19	
2555.19	
2555.21	
2555.21	
2555.23	
2555.24	
2555.25	
2555.26	
2555.26	
2555.28	
2555.29	
2555.29	
2555.31	
2555.32	
2555.33	
2555.33	
2555.35	
2555.36	
2555.36	
2555.38	
2555.39	
2555.4	
2555.4	
2555.42	
2555.43	
2555.43	
2555.45	
2555.46	
2555.47	
2555.47	
2555.49	
2555.5	
2555.5	
2555.52	
2555.53	
2555.54	
2555.54	
2555.56	
2555.57	
2555.57	
2555.59	
2555.6	
2555.61	
2555.61	
2555.63	
2555.64	
2555.64	
2555.66	
2555.67	
2555.68	
2555.68	
2555.7	
2555.71	
2555.71	
2555.73	
2555.74	
2555.75	
2555.75	
2555.77	
2555.78	
2555.78	
2555.8	
2555.81	
2555.82	
2555.82	
2555.84	
2555.85	
2555.85	
2555.87	
2555.88	
2555.89	
2555.89	
2555.91	
2555.92	
2555.92	
2555.94	
2555.95	
2555.96	
2555.96	
2555.98	
2555.99	
2555.99	
2556.01	
2556.02	
2556.03	
2556.03	
2556.05	
2556.06	
2556.06	
2556.08	
2556.09	
2556.1	
2556.1	
2556.12	
2556.13	
2556.13	
2556.15	
2556.16	
2556.17	
2556.17	
2556.19	
2556.2	
2556.2	
2556.22	
2556.23	
2556.24	
2556.24	
2556.26	
2556.27	
2556.27	
2556.29	
2556.3	
2556.31	
2556.31	
2556.33	
2556.34	
2556.34	
2556.36	
2556.37	
2556.38	
2556.38	
2556.4	
2556.41	
2556.41	
2556.43	
2556.44	
2556.45	
2556.45	
2556.47	
2556.48	
2556.48	
2556.5	
2556.51	
2556.52	
2556.52	
2556.54	
2556.55	
2556.55	
2556.57	
2556.58	
2556.59	
2556.59	
2556.61	
2556.62	
2556.62	
2556.64	
2556.65	
2556.66	
2556.66	
2556.68	
2556.69	
2556.69	
2556.71	
2556.72	
2556.73	
2556.73	
2556.75	
2556.76	
2556.76	
2556.78	
2556.79	
2556.8	
2556.8	
2556.82	
2556.83	
2556.83	
2556.85	
2556.86	
2556.87	
2556.87	
2556.89	
2556.9	
2556.9	
2556.92	
2556.93	
2556.94	
2556.94	
2556.96	
2556.97	
2556.97	
2556.99	
2557	
2557.01	
2557.01	
2557.03	
2557.04	
2557.04	
2557.06	
2557.07	
2557.08	
2557.08	
2557.1	
2557.11	
2557.11	
2557.13	
2557.14	
2557.15	
2557.15	
2557.17	
2557.18	
2557.18	
2557.2	
2557.21	
2557.22	
2557.22	
2557.24	
2557.25	
2557.25	
2557.27	
2557.28	
2557.29	
2557.29	
2557.31	
2557.32	
2557.32	
2557.34	
2557.35	
2557.36	
2557.36	
2557.38	
2557.39	
2557.39	
2557.41	
2557.42	
2557.43	
2557.43	
2557.45	
2557.46	
2557.46	
2557.48	
2557.49	
2557.5	
2557.5	
2557.52	
2557.53	
2557.53	
2557.55	
2557.56	
2557.57	
2557.57	
2557.59	
2557.6	
2557.6	
2557.62	
2557.63	
2557.64	
2557.64	
2557.66	
2557.67	
2557.67	
2557.69	
2557.7	
2557.71	
2557.71	
2557.73	
2557.74	
2557.74	
2557.76	
2557.77	
2557.78	
2557.78	
2557.8	
2557.81	
2557.81	
2557.83	
2557.84	
2557.85	
2557.85	
2557.87	
2557.88	
2557.88	
2557.9	
2557.91	
2557.92	
2557.92	
2557.94	
2557.95	
2557.95	
2557.97	
2557.98	
2557.99	
2557.99	
2558.01	
2558.02	
2558.02	
2558.04	
2558.05	
2558.06	
2558.06	
2558.08	
2558.09	
2558.09	
2558.11	
2558.12	
2558.13	
2558.13	
2558.15	
2558.16	
2558.16	
2558.18	
2558.19	
2558.2	
2558.2	
2558.22	
2558.23	
2558.23	
2558.25	
2558.26	
2558.27	
2558.27	
2558.29	
2558.3	
