time	joint_joint0	joint_joint1	joint_joint2	joint_joint3	joint_joint4	joint_joint5	joint_joint6	cart_pos_x	cart_pos_y	cart_pos_z	cart_quat_x	cart_quat_y	cart_quat_z	cart_quat_w	force_joint_joint0	force_joint_joint1	force_joint_joint2	force_joint_joint3	force_joint_joint4	force_joint_joint5	force_joint_joint6	cart_force_x	cart_force_y	cart_force_z	cart_trq_x	cart_trq_y	cart_trq_z	
1486248568728	-2.24674	1.63752	-2.17319	1.88182	2.30176	-1.65977	-0.958214	-0.112632	0.718023	0.33099	-0.00657421	-0.933618	0.0089587	-0.358098	1.79897	-2.71401	1.92711	-0.579086	0.307975	1.18049	-0.347319	2.54385	-3.70693	8.86047	0.856975	-1.02727	-0.557782	
1486248568735	-2.24674	1.63752	-2.17319	1.88182	2.30176	-1.65977	-0.958214	-0.112632	0.718023	0.33099	-0.00657421	-0.933618	0.0089587	-0.358098	1.79897	-2.71401	1.92711	-0.579086	0.307975	1.18049	-0.347319	2.54385	-3.70693	8.86047	0.856975	-1.02727	-0.557782	
1486248571548	-2.24994	1.63872	-2.17507	1.88186	2.30332	-1.66138	-0.958214	-0.114368	0.718857	0.330231	-0.00513667	-0.934441	0.0082615	-0.355985	4.19946	-4.33504	3.55054	-1.2631	-0.498277	2.84306	-0.3537	1.07834	-7.64709	16.3759	2.249	-1.2341	-0.485771	
1486248571726	-2.25027	1.63893	-2.17515	1.88188	2.30347	-1.66153	-0.958214	-0.114571	0.718953	0.330159	-0.00499762	-0.934536	0.0081641	-0.355739	4.34765	-4.45562	3.71022	-1.27959	-0.562976	2.8832	-0.343237	1.12799	-7.93596	16.7649	2.29472	-1.20891	-0.474441	
1486248571966	-2.25025	1.63895	-2.17517	1.88188	2.30359	-1.66154	-0.958214	-0.114584	0.718978	0.33017	-0.0049692	-0.934551	0.00809775	-0.355703	4.36896	-4.47912	3.76301	-1.22423	-0.631181	2.65606	-0.31428	1.31592	-8.05768	16.2716	2.18389	-1.02832	-0.474404	
1486248572016	-2.25024	1.63894	-2.17517	1.88188	2.30359	-1.66154	-0.958214	-0.11458	0.718976	0.330174	-0.0049717	-0.934549	0.00809818	-0.355709	4.38334	-4.48391	3.76162	-1.21479	-0.638841	2.6396	-0.311448	1.32982	-8.08118	16.2243	2.18041	-1.01212	-0.476248	
1486248572116	-2.25024	1.63894	-2.17517	1.88188	2.3036	-1.66153	-0.958214	-0.114579	0.718976	0.330175	-0.00497115	-0.934548	0.00809766	-0.355711	4.3791	-4.46755	3.74573	-1.20176	-0.654204	2.60133	-0.306675	1.32668	-8.07374	16.077	2.16387	-0.976319	-0.474929	
1486248572146	-2.25023	1.63894	-2.17517	1.88188	2.3036	-1.66153	-0.958214	-0.114578	0.718976	0.330176	-0.00497149	-0.934547	0.00809695	-0.355713	4.36722	-4.48579	3.74388	-1.20295	-0.65617	2.5887	-0.305484	1.35856	-8.04066	16.0626	2.16364	-0.968533	-0.477734	
1486248572156	-2.25023	1.63894	-2.17517	1.88188	2.3036	-1.66153	-0.958214	-0.114578	0.718976	0.330176	-0.00497149	-0.934547	0.00809695	-0.355713	4.36722	-4.48579	3.74388	-1.20295	-0.65617	2.5887	-0.305484	1.35856	-8.04066	16.0626	2.16364	-0.968533	-0.477734	
1486248572166	-2.25023	1.63895	-2.17517	1.88188	2.3036	-1.66153	-0.958214	-0.114578	0.718976	0.330176	-0.00497149	-0.934547	0.00809695	-0.355713	4.37576	-4.48911	3.74508	-1.19983	-0.657775	2.58362	-0.305917	1.36597	-8.05915	16.0529	2.16216	-0.964112	-0.480126	
1486248572186	-2.25023	1.63895	-2.17517	1.88188	2.3036	-1.66153	-0.958214	-0.114578	0.718977	0.330178	-0.00497154	-0.934547	0.0080957	-0.355714	4.40406	-4.48611	3.74603	-1.19475	-0.661244	2.58144	-0.305664	1.34927	-8.11829	16.0442	2.16197	-0.95775	-0.482489	
1486248572216	-2.25023	1.63895	-2.17517	1.88188	2.3036	-1.66153	-0.958214	-0.114578	0.718977	0.330178	-0.00497154	-0.934547	0.0080957	-0.355714	4.39147	-4.47611	3.74094	-1.1956	-0.659496	2.57678	-0.306423	1.34367	-8.10054	16.0188	2.15601	-0.956607	-0.481658	
1486248572246	-2.25023	1.63894	-2.17517	1.88188	2.3036	-1.66153	-0.958214	-0.114577	0.718977	0.330178	-0.00497186	-0.934546	0.00809555	-0.355715	4.39277	-4.46755	3.73405	-1.19103	-0.661613	2.57158	-0.306776	1.33772	-8.10405	15.9824	2.15296	-0.95133	-0.482162	
1486248572266	-2.25023	1.63894	-2.17517	1.88188	2.3036	-1.66153	-0.958214	-0.114577	0.718977	0.330178	-0.00497186	-0.934546	0.00809555	-0.355715	4.38805	-4.48379	3.73912	-1.18972	-0.663618	2.56709	-0.307101	1.37236	-8.08869	15.9884	2.15468	-0.949079	-0.484361	
1486248572286	-2.25023	1.63894	-2.17517	1.88188	2.3036	-1.66153	-0.958214	-0.114577	0.718977	0.330178	-0.0049717	-0.934546	0.00809653	-0.355715	4.38805	-4.48379	3.73912	-1.18972	-0.663618	2.56709	-0.307101	1.37236	-8.08869	15.9884	2.15468	-0.949079	-0.484361	
1486248572356	-2.25023	1.63894	-2.17518	1.88188	2.3036	-1.66153	-0.958214	-0.114577	0.718977	0.330179	-0.00497141	-0.934546	0.00809624	-0.355716	4.37772	-4.46486	3.73034	-1.19725	-0.661816	2.55858	-0.305403	1.32951	-8.0812	15.9557	2.14505	-0.942944	-0.481344	
1486248572496	-2.25023	1.63894	-2.17518	1.88188	2.3036	-1.66153	-0.958214	-0.114576	0.718977	0.330179	-0.0049716	-0.934546	0.00809519	-0.355716	4.38449	-4.45941	3.72601	-1.17846	-0.667597	2.55232	-0.306492	1.36183	-8.08867	15.8979	2.14343	-0.936875	-0.482861	
1486248572536	-2.25023	1.63894	-2.17518	1.88188	2.3036	-1.66153	-0.958214	-0.114575	0.718977	0.33018	-0.00497181	-0.934545	0.00809555	-0.355717	4.37858	-4.47536	3.72713	-1.17886	-0.667518	2.55009	-0.307633	1.3912	-8.06946	15.9072	2.14658	-0.937067	-0.486149	
1486248572556	-2.25023	1.63894	-2.17518	1.88188	2.3036	-1.66153	-0.958214	-0.114575	0.718977	0.33018	-0.00497181	-0.934545	0.00809555	-0.355717	4.3767	-4.48566	3.73101	-1.18317	-0.668123	2.54881	-0.307787	1.39893	-8.06443	15.9242	2.14804	-0.936019	-0.48739	
1486248572726	-2.25023	1.63894	-2.17518	1.88188	2.3036	-1.66153	-0.958214	-0.114576	0.718977	0.33018	-0.00497096	-0.934546	0.00809465	-0.355717	4.37904	-4.45767	3.71443	-1.17096	-0.663617	2.54849	-0.307964	1.38098	-8.07236	15.8646	2.14241	-0.938617	-0.486234	
1486248572756	-2.25023	1.63894	-2.17518	1.88188	2.3036	-1.66153	-0.958214	-0.114575	0.718977	0.33018	-0.00497109	-0.934545	0.00809514	-0.355717	4.37011	-4.47884	3.71626	-1.17866	-0.664004	2.54813	-0.308905	1.40005	-8.04532	15.8928	2.14811	-0.93868	-0.489412	
1486248572886	-2.25022	1.63894	-2.17518	1.88188	2.3036	-1.66153	-0.958214	-0.114575	0.718977	0.330181	-0.00497149	-0.934545	0.00809442	-0.355718	4.37188	-4.46593	3.70958	-1.1792	-0.666708	2.54531	-0.310011	1.3739	-8.05472	15.8643	2.14475	-0.93316	-0.489318	
1486248572956	-2.25022	1.63894	-2.17518	1.88188	2.3036	-1.66153	-0.958214	-0.114574	0.718977	0.330181	-0.00497168	-0.934545	0.00809488	-0.355719	4.38149	-4.46123	3.70365	-1.17291	-0.666248	2.54667	-0.310027	1.37098	-8.06944	15.8488	2.14626	-0.933675	-0.490452	
1486248573126	-2.25022	1.63894	-2.17518	1.88188	2.3036	-1.66153	-0.958214	-0.114574	0.718977	0.330181	-0.00497144	-0.934545	0.00809457	-0.355719	4.37399	-4.45552	3.69136	-1.17229	-0.667051	2.54039	-0.312219	1.36538	-8.05414	15.8095	2.14376	-0.928604	-0.493183	
1486248573146	-2.25022	1.63894	-2.17518	1.88188	2.3036	-1.66153	-0.958214	-0.114574	0.718977	0.330181	-0.00497144	-0.934545	0.00809457	-0.355719	4.37678	-4.45574	3.68747	-1.17104	-0.667305	2.54044	-0.311756	1.3626	-8.05497	15.8035	2.14548	-0.927868	-0.493725	
1486248573156	-2.25022	1.63894	-2.17518	1.88188	2.3036	-1.66153	-0.958214	-0.114574	0.718977	0.330181	-0.00497144	-0.934545	0.00809457	-0.355719	4.37678	-4.45574	3.68747	-1.17104	-0.667305	2.54044	-0.311756	1.3626	-8.05497	15.8035	2.14548	-0.927868	-0.493725	
1486248573166	-2.25022	1.63894	-2.17518	1.88188	2.3036	-1.66153	-0.958214	-0.114574	0.718977	0.330181	-0.00497144	-0.934545	0.00809457	-0.355719	4.37215	-4.45134	3.68759	-1.17062	-0.667379	2.53956	-0.311578	1.36172	-8.04852	15.796	2.14334	-0.927697	-0.492334	
1486248573246	-2.25022	1.63894	-2.17518	1.88188	2.3036	-1.66153	-0.958214	-0.114574	0.718977	0.330181	-0.00497144	-0.934545	0.00809457	-0.355719	4.36712	-4.45389	3.68881	-1.17397	-0.665924	2.53736	-0.31182	1.36381	-8.04175	15.801	2.14159	-0.927691	-0.492794	
1486248573256	-2.25022	1.63894	-2.17518	1.88188	2.3036	-1.66153	-0.958214	-0.114574	0.718977	0.330181	-0.00497162	-0.934544	0.00809509	-0.35572	4.36712	-4.45389	3.68881	-1.17397	-0.665924	2.53736	-0.31182	1.36381	-8.04175	15.801	2.14159	-0.927691	-0.492794	
1486248573266	-2.25022	1.63894	-2.17518	1.88188	2.3036	-1.66153	-0.958214	-0.114574	0.718977	0.330182	-0.00497176	-0.934544	0.00809442	-0.35572	4.38498	-4.45921	3.69009	-1.16743	-0.668265	2.53859	-0.311616	1.37175	-8.0708	15.8024	2.14552	-0.926229	-0.494968	
1486248573276	-2.25022	1.63894	-2.17518	1.88188	2.3036	-1.66153	-0.958214	-0.114574	0.718977	0.330182	-0.00497176	-0.934544	0.00809442	-0.35572	4.38498	-4.45921	3.69009	-1.16743	-0.668265	2.53859	-0.311616	1.37175	-8.0708	15.8024	2.14552	-0.926229	-0.494968	
1486248573286	-2.25022	1.63894	-2.17518	1.88188	2.3036	-1.66153	-0.958214	-0.114574	0.718977	0.330182	-0.00497176	-0.934544	0.00809442	-0.35572	4.37506	-4.45593	3.6908	-1.16936	-0.667671	2.53681	-0.311842	1.37257	-8.05577	15.7975	2.14239	-0.926315	-0.49364	
1486248573296	-2.25022	1.63894	-2.17518	1.88188	2.3036	-1.66153	-0.958214	-0.114574	0.718977	0.330181	-0.00497144	-0.934545	0.00809457	-0.355719	4.37506	-4.45593	3.6908	-1.16936	-0.667671	2.53681	-0.311842	1.37257	-8.05577	15.7975	2.14239	-0.926315	-0.49364	
1486248573326	-2.25022	1.63894	-2.17518	1.88188	2.3036	-1.66153	-0.958214	-0.114574	0.718977	0.330182	-0.00497176	-0.934544	0.00809442	-0.35572	4.36674	-4.46307	3.68588	-1.17292	-0.667901	2.53475	-0.312984	1.37811	-8.03375	15.795	2.14445	-0.924864	-0.49592	
1486248573336	-2.25022	1.63894	-2.17518	1.88188	2.3036	-1.66153	-0.958214	-0.114574	0.718977	0.330182	-0.00497176	-0.934544	0.00809442	-0.35572	4.36674	-4.46307	3.68588	-1.17292	-0.667901	2.53475	-0.312984	1.37811	-8.03375	15.795	2.14445	-0.924864	-0.49592	
1486248573356	-2.25022	1.63894	-2.17518	1.88188	2.3036	-1.66153	-0.958214	-0.114574	0.718977	0.330182	-0.00497176	-0.934544	0.00809442	-0.35572	4.37452	-4.45781	3.68722	-1.1664	-0.667623	2.53462	-0.313131	1.38304	-8.05236	15.7846	2.14251	-0.925444	-0.495928	
1486248573366	-2.25022	1.63894	-2.17518	1.88188	2.3036	-1.66153	-0.958214	-0.114574	0.718977	0.330182	-0.00497176	-0.934544	0.00809442	-0.35572	4.37219	-4.45802	3.68803	-1.1679	-0.666733	2.53392	-0.312706	1.38236	-8.04917	15.7876	2.14158	-0.92577	-0.495458	
1486248573386	-2.25022	1.63894	-2.17518	1.88188	2.3036	-1.66153	-0.958214	-0.114574	0.718977	0.330182	-0.00497176	-0.934544	0.00809442	-0.35572	4.37073	-4.46612	3.68832	-1.16666	-0.667382	2.53239	-0.313001	1.39881	-8.04111	15.7887	2.14347	-0.925127	-0.497068	
1486248573396	-2.25022	1.63894	-2.17518	1.88188	2.3036	-1.66153	-0.958214	-0.114574	0.718977	0.330182	-0.00497176	-0.934544	0.00809442	-0.35572	4.37073	-4.46612	3.68832	-1.16666	-0.667382	2.53239	-0.313001	1.39881	-8.04111	15.7887	2.14347	-0.925127	-0.497068	
1486248573426	-2.25022	1.63894	-2.17518	1.88188	2.3036	-1.66153	-0.958214	-0.114574	0.718977	0.330182	-0.00497176	-0.934544	0.00809442	-0.35572	4.36882	-4.45403	3.68441	-1.16759	-0.665729	2.53069	-0.312795	1.37953	-8.04474	15.7728	2.13891	-0.924462	-0.495674	
1486248573436	-2.25022	1.63894	-2.17518	1.88188	2.3036	-1.66153	-0.958214	-0.114574	0.718977	0.330181	-0.00497162	-0.934544	0.00809509	-0.35572	4.36882	-4.45403	3.68441	-1.16759	-0.665729	2.53069	-0.312795	1.37953	-8.04474	15.7728	2.13891	-0.924462	-0.495674	
1486248573456	-2.25022	1.63894	-2.17518	1.88188	2.3036	-1.66153	-0.958214	-0.114574	0.718977	0.330182	-0.00497176	-0.934544	0.00809442	-0.35572	4.36078	-4.45387	3.68553	-1.16787	-0.6657	2.52949	-0.312933	1.38703	-8.03008	15.7697	2.13744	-0.92475	-0.4948	
1486248573466	-2.25022	1.63894	-2.17518	1.88188	2.3036	-1.66153	-0.958214	-0.114574	0.718977	0.330182	-0.00497197	-0.934544	0.00809433	-0.35572	4.36948	-4.44545	3.68258	-1.16305	-0.665594	2.52976	-0.313352	1.37881	-8.05002	15.754	2.13596	-0.92434	-0.49516	
1486248573486	-2.25022	1.63894	-2.17518	1.88188	2.3036	-1.66153	-0.958214	-0.114574	0.718977	0.330182	-0.00497197	-0.934544	0.00809433	-0.35572	4.37317	-4.45179	3.68545	-1.16393	-0.666668	2.52925	-0.31295	1.38321	-8.05528	15.7639	2.13752	-0.923129	-0.495859	
1486248573496	-2.25022	1.63894	-2.17518	1.88188	2.3036	-1.66153	-0.958214	-0.114574	0.718977	0.330182	-0.00497197	-0.934544	0.00809433	-0.35572	4.37317	-4.45179	3.68545	-1.16393	-0.666668	2.52925	-0.31295	1.38321	-8.05528	15.7639	2.13752	-0.923129	-0.495859	
1486248573506	-2.25022	1.63894	-2.17518	1.88188	2.3036	-1.66153	-0.958214	-0.114574	0.718977	0.330182	-0.00497197	-0.934544	0.00809433	-0.35572	4.37102	-4.45323	3.68504	-1.16767	-0.665708	2.52811	-0.312985	1.37788	-8.05274	15.7687	2.13687	-0.92269	-0.496295	
1486248573516	-2.25022	1.63894	-2.17518	1.88188	2.3036	-1.66153	-0.958214	-0.114574	0.718977	0.330182	-0.00497197	-0.934544	0.00809433	-0.35572	4.37102	-4.45323	3.68504	-1.16767	-0.665708	2.52811	-0.312985	1.37788	-8.05274	15.7687	2.13687	-0.92269	-0.496295	
1486248573536	-2.25022	1.63894	-2.17518	1.88188	2.3036	-1.66153	-0.958214	-0.114574	0.718977	0.330182	-0.00497197	-0.934544	0.00809433	-0.35572	4.37158	-4.43986	3.6789	-1.16426	-0.66519	2.52791	-0.313544	1.3641	-8.05779	15.7436	2.13391	-0.922378	-0.495533	
1486248573566	-2.25022	1.63894	-2.17518	1.88188	2.3036	-1.66153	-0.958214	-0.114573	0.718977	0.330182	-0.00497183	-0.934544	0.00809499	-0.35572	4.37194	-4.45882	3.68705	-1.1632	-0.668381	2.52721	-0.312826	1.39648	-8.04885	15.7646	2.13881	-0.921249	-0.496652	
1486248573616	-2.25022	1.63894	-2.17518	1.88188	2.3036	-1.66153	-0.958214	-0.114574	0.718977	0.330182	-0.00497197	-0.934544	0.00809433	-0.35572	4.36451	-4.44288	3.67348	-1.16106	-0.663598	2.52627	-0.313053	1.37969	-8.03589	15.7312	2.13514	-0.923576	-0.496162	
1486248573626	-2.25022	1.63894	-2.17518	1.88188	2.3036	-1.66153	-0.958214	-0.114574	0.718977	0.330182	-0.00497197	-0.934544	0.00809433	-0.35572	4.38586	-4.44664	3.67904	-1.15723	-0.665351	2.52663	-0.312811	1.37938	-8.07944	15.7413	2.13646	-0.921554	-0.498038	
1486248573636	-2.25022	1.63894	-2.17518	1.88188	2.3036	-1.66153	-0.958214	-0.114574	0.718977	0.330182	-0.00497197	-0.934544	0.00809433	-0.35572	4.38586	-4.44664	3.67904	-1.15723	-0.665351	2.52663	-0.312811	1.37938	-8.07944	15.7413	2.13646	-0.921554	-0.498038	
1486248573646	-2.25022	1.63894	-2.17518	1.88188	2.3036	-1.66153	-0.958214	-0.114574	0.718977	0.330182	-0.00497197	-0.934544	0.00809433	-0.35572	4.38795	-4.43734	3.67617	-1.1544	-0.664517	2.52711	-0.312568	1.37004	-8.0864	15.7278	2.13444	-0.922123	-0.496939	
1486248573666	-2.25022	1.63894	-2.17518	1.88188	2.3036	-1.66153	-0.958214	-0.114574	0.718977	0.330182	-0.00497197	-0.934544	0.00809433	-0.35572	4.37043	-4.42791	3.66925	-1.16017	-0.662125	2.52673	-0.312043	1.35234	-8.054	15.7164	2.13166	-0.923348	-0.494197	
1486248573686	-2.25022	1.63894	-2.17518	1.88187	2.3036	-1.66153	-0.958214	-0.114573	0.718977	0.330182	-0.00497233	-0.934544	0.00809519	-0.35572	4.36358	-4.44772	3.67476	-1.16092	-0.663595	2.52406	-0.312395	1.38847	-8.03209	15.7328	2.13523	-0.922668	-0.496514	
1486248573836	-2.25022	1.63894	-2.17518	1.88188	2.3036	-1.66153	-0.958214	-0.114573	0.718977	0.330183	-0.00497235	-0.934544	0.00809416	-0.355721	4.36654	-4.45536	3.67414	-1.16592	-0.665741	2.51869	-0.312175	1.38233	-8.03702	15.7344	2.13551	-0.916473	-0.49867	
1486248573846	-2.25022	1.63894	-2.17518	1.88188	2.3036	-1.66153	-0.958214	-0.114573	0.718977	0.330183	-0.00497235	-0.934544	0.00809416	-0.355721	4.35994	-4.46506	3.67439	-1.16621	-0.666307	2.51761	-0.312371	1.40114	-8.01726	15.7387	2.138	-0.91649	-0.499796	
1486248573856	-2.25022	1.63894	-2.17518	1.88188	2.3036	-1.66153	-0.958214	-0.114573	0.718977	0.330183	-0.00497235	-0.934544	0.00809416	-0.355721	4.35994	-4.46506	3.67439	-1.16621	-0.666307	2.51761	-0.312371	1.40114	-8.01726	15.7387	2.138	-0.91649	-0.499796	
1486248573866	-2.25022	1.63894	-2.17518	1.88188	2.3036	-1.66153	-0.958214	-0.114573	0.718977	0.330183	-0.00497235	-0.934544	0.00809416	-0.355721	4.37782	-4.4436	3.67124	-1.15502	-0.667236	2.51923	-0.312383	1.38197	-8.06024	15.7059	2.134	-0.915744	-0.498251	
1486248573876	-2.25022	1.63894	-2.17518	1.88188	2.3036	-1.66153	-0.958214	-0.114573	0.718977	0.330183	-0.00497235	-0.934544	0.00809416	-0.355721	4.37782	-4.4436	3.67124	-1.15502	-0.667236	2.51923	-0.312383	1.38197	-8.06024	15.7059	2.134	-0.915744	-0.498251	
1486248573886	-2.25022	1.63894	-2.17518	1.88187	2.3036	-1.66153	-0.958214	-0.114573	0.718977	0.330182	-0.0049722	-0.934544	0.00809483	-0.355721	4.37508	-4.44985	3.67161	-1.15557	-0.665984	2.51947	-0.311967	1.39222	-8.0506	15.7143	2.13575	-0.917386	-0.498788	
1486248573896	-2.25022	1.63894	-2.17518	1.88187	2.3036	-1.66153	-0.958214	-0.114573	0.718977	0.330182	-0.0049722	-0.934544	0.00809483	-0.355721	4.37508	-4.44985	3.67161	-1.15557	-0.665984	2.51947	-0.311967	1.39222	-8.0506	15.7143	2.13575	-0.917386	-0.498788	
1486248573916	-2.25022	1.63894	-2.17518	1.88187	2.3036	-1.66153	-0.958214	-0.114573	0.718977	0.330182	-0.00497203	-0.934544	0.00809456	-0.355721	4.37525	-4.45809	3.67573	-1.15271	-0.667246	2.51889	-0.312087	1.4139	-8.047	15.7198	2.13743	-0.917433	-0.49962	
1486248573956	-2.25022	1.63894	-2.17518	1.88187	2.3036	-1.66153	-0.958214	-0.114573	0.718977	0.330183	-0.00497224	-0.934544	0.00809447	-0.355721	4.37792	-4.45047	3.67193	-1.15114	-0.665545	2.51884	-0.311175	1.40225	-8.05375	15.7092	2.13583	-0.917963	-0.498703	
1486248573976	-2.25022	1.63894	-2.17518	1.88187	2.3036	-1.66153	-0.958214	-0.114573	0.718977	0.330182	-0.00497203	-0.934544	0.00809456	-0.355721	4.36978	-4.44313	3.67027	-1.15112	-0.666176	2.51709	-0.311108	1.39782	-8.04104	15.6938	2.13274	-0.916788	-0.496775	
1486248574026	-2.25022	1.63894	-2.17518	1.88187	2.3036	-1.66153	-0.958214	-0.114573	0.718977	0.330183	-0.00497224	-0.934544	0.00809447	-0.355721	4.36789	-4.46311	3.67323	-1.1559	-0.666227	2.51431	-0.311659	1.41836	-8.03065	15.7164	2.13656	-0.91551	-0.500558	
1486248574036	-2.25022	1.63894	-2.17518	1.88187	2.3036	-1.66153	-0.958214	-0.114573	0.718977	0.330183	-0.00497224	-0.934544	0.00809447	-0.355721	4.36789	-4.46311	3.67323	-1.1559	-0.666227	2.51431	-0.311659	1.41836	-8.03065	15.7164	2.13656	-0.91551	-0.500558	
1486248574096	-2.25022	1.63894	-2.17518	1.88187	2.3036	-1.66153	-0.958214	-0.114573	0.718977	0.330183	-0.00497241	-0.934544	0.00809473	-0.355721	4.35134	-4.45949	3.66994	-1.16277	-0.666517	2.51259	-0.312584	1.40814	-8.00131	15.7098	2.1343	-0.914189	-0.499404	
1486248574106	-2.25022	1.63894	-2.17518	1.88187	2.3036	-1.66153	-0.958214	-0.114573	0.718977	0.330182	-0.0049721	-0.934544	0.00809513	-0.355721	4.36606	-4.45265	3.66956	-1.15742	-0.66732	2.51338	-0.312755	1.39924	-8.03344	15.7	2.1335	-0.913141	-0.499941	
1486248574116	-2.25022	1.63894	-2.17518	1.88187	2.3036	-1.66153	-0.958214	-0.114573	0.718977	0.330182	-0.0049721	-0.934544	0.00809513	-0.355721	4.36606	-4.45265	3.66956	-1.15742	-0.66732	2.51338	-0.312755	1.39924	-8.03344	15.7	2.1335	-0.913141	-0.499941	
1486248574126	-2.25022	1.63894	-2.17518	1.88187	2.3036	-1.66153	-0.958214	-0.114573	0.718977	0.330182	-0.0049721	-0.934544	0.00809513	-0.355721	4.35699	-4.43526	3.65846	-1.15727	-0.664171	2.51326	-0.312785	1.37678	-8.01918	15.6707	2.12956	-0.914627	-0.498027	
1486248574156	-2.25022	1.63894	-2.17518	1.88187	2.3036	-1.66153	-0.958214	-0.114572	0.718977	0.330183	-0.00497292	-0.934544	0.00809519	-0.355722	4.36674	-4.44499	3.66542	-1.15158	-0.666913	2.51237	-0.312398	1.4004	-8.03429	15.6778	2.13179	-0.91314	-0.499234	
1486248574166	-2.25022	1.63894	-2.17518	1.88187	2.3036	-1.66153	-0.958214	-0.114573	0.718977	0.330182	-0.0049721	-0.934544	0.00809513	-0.355721	4.33234	-4.45445	3.66235	-1.16342	-0.665558	2.50948	-0.312344	1.41112	-7.96099	15.6857	2.13216	-0.913941	-0.497815	
1486248574256	-2.25022	1.63894	-2.17518	1.88187	2.3036	-1.66153	-0.958214	-0.114572	0.718977	0.330183	-0.00497242	-0.934544	0.00809499	-0.355722	4.36323	-4.4557	3.66699	-1.15046	-0.66721	2.50921	-0.310521	1.42094	-8.01922	15.6813	2.13365	-0.912087	-0.499339	
1486248574266	-2.25022	1.63894	-2.17518	1.88187	2.3036	-1.66153	-0.958214	-0.114572	0.718977	0.330183	-0.00497242	-0.934544	0.00809499	-0.355722	4.37496	-4.44448	3.66398	-1.14365	-0.668642	2.51128	-0.310886	1.40967	-8.0441	15.6625	2.13308	-0.911463	-0.498979	
1486248574296	-2.25022	1.63894	-2.17518	1.88187	2.3036	-1.66153	-0.958214	-0.114572	0.718977	0.330183	-0.00497242	-0.934544	0.00809499	-0.355722	4.36507	-4.4519	3.66351	-1.14926	-0.668328	2.51021	-0.311059	1.41396	-8.02157	15.6721	2.13441	-0.911286	-0.499531	
1486248574306	-2.25022	1.63894	-2.17518	1.88187	2.3036	-1.66153	-0.958214	-0.114572	0.718977	0.330183	-0.00497242	-0.934544	0.00809499	-0.355722	4.37084	-4.4484	3.66455	-1.14676	-0.668188	2.51007	-0.310991	1.41169	-8.03601	15.6684	2.13305	-0.911153	-0.499447	
1486248574326	-2.25021	1.63894	-2.17518	1.88187	2.3036	-1.66153	-0.958214	-0.114572	0.718977	0.330183	-0.00497242	-0.934544	0.00809499	-0.355722	4.33485	-4.45693	3.66285	-1.15794	-0.665403	2.50603	-0.311687	1.42781	-7.96384	15.6749	2.13119	-0.912925	-0.498524	
1486248574336	-2.25021	1.63894	-2.17518	1.88187	2.3036	-1.66153	-0.958214	-0.114572	0.718977	0.330183	-0.00497242	-0.934544	0.00809499	-0.355722	4.33485	-4.45693	3.66285	-1.15794	-0.665403	2.50603	-0.311687	1.42781	-7.96384	15.6749	2.13119	-0.912925	-0.498524	
1486248574366	-2.25021	1.63894	-2.17518	1.88187	2.3036	-1.66153	-0.958214	-0.114572	0.718977	0.330184	-0.00497274	-0.934543	0.00809485	-0.355722	4.31789	-4.45317	3.65914	-1.15902	-0.664634	2.5042	-0.312887	1.43413	-7.93171	15.6596	2.1287	-0.913628	-0.497794	
1486248574386	-2.25021	1.63894	-2.17518	1.88187	2.3036	-1.66153	-0.958214	-0.114572	0.718977	0.330184	-0.00497274	-0.934543	0.00809485	-0.355722	4.34394	-4.44401	3.65706	-1.15095	-0.665615	2.50678	-0.312285	1.41634	-7.98396	15.6487	2.12954	-0.912444	-0.498592	
1486248574406	-2.25021	1.63894	-2.17518	1.88187	2.3036	-1.66153	-0.958214	-0.114572	0.718977	0.330184	-0.00497274	-0.934543	0.00809485	-0.355722	4.34302	-4.45003	3.66124	-1.15567	-0.66628	2.50711	-0.312719	1.41622	-7.98372	15.666	2.13036	-0.912011	-0.499106	
1486248574416	-2.25021	1.63894	-2.17518	1.88187	2.3036	-1.66153	-0.958214	-0.114571	0.718977	0.330183	-0.00497324	-0.934543	0.00809505	-0.355722	4.34302	-4.45003	3.66124	-1.15567	-0.66628	2.50711	-0.312719	1.41622	-7.98372	15.666	2.13036	-0.912011	-0.499106	
1486248574446	-2.25021	1.63894	-2.17518	1.88187	2.3036	-1.66153	-0.958214	-0.114572	0.718977	0.330184	-0.00497274	-0.934543	0.00809485	-0.355722	4.3466	-4.45855	3.66675	-1.1562	-0.668404	2.50566	-0.312735	1.42688	-7.98991	15.6772	2.13149	-0.909899	-0.500101	
1486248574516	-2.25021	1.63894	-2.17518	1.88187	2.3036	-1.66153	-0.958214	-0.114571	0.718977	0.330183	-0.00497324	-0.934543	0.00809505	-0.355722	4.34992	-4.45454	3.66896	-1.15436	-0.668138	2.50465	-0.312755	1.42571	-8.00175	15.6732	2.12888	-0.909607	-0.499683	
1486248574616	-2.25021	1.63894	-2.17518	1.88187	2.3036	-1.66153	-0.958214	-0.114571	0.718977	0.330184	-0.00497345	-0.934543	0.00809495	-0.355723	4.35259	-4.4335	3.65306	-1.14379	-0.662752	2.50367	-0.312214	1.41321	-8.00677	15.6237	2.12488	-0.912457	-0.499346	
1486248574646	-2.25021	1.63894	-2.17518	1.88187	2.3036	-1.66153	-0.958214	-0.114571	0.718977	0.330184	-0.00497345	-0.934543	0.00809495	-0.355723	4.35928	-4.45374	3.65997	-1.14058	-0.665782	2.5022	-0.313654	1.44977	-8.01219	15.6401	2.12971	-0.910802	-0.503656	
1486248574666	-2.25021	1.63894	-2.17518	1.88187	2.3036	-1.66153	-0.958214	-0.114571	0.718977	0.330184	-0.00497345	-0.934543	0.00809495	-0.355723	4.33046	-4.44889	3.65669	-1.1446	-0.663617	2.49912	-0.312136	1.4553	-7.95518	15.6264	2.12579	-0.912396	-0.499334	
1486248574756	-2.25021	1.63894	-2.17518	1.88187	2.3036	-1.66153	-0.958214	-0.114571	0.718977	0.330184	-0.00497327	-0.934543	0.00809461	-0.355723	4.35171	-4.42329	3.65087	-1.1365	-0.665266	2.50292	-0.311877	1.41539	-8.00499	15.5957	2.12287	-0.910841	-0.497171	
1486248574816	-2.25021	1.63894	-2.17518	1.88187	2.3036	-1.66153	-0.958214	-0.114571	0.718977	0.330184	-0.00497327	-0.934543	0.00809461	-0.355723	4.35611	-4.43962	3.65956	-1.14149	-0.667528	2.50212	-0.311624	1.42618	-8.01135	15.6264	2.12607	-0.908685	-0.498805	
1486248574846	-2.25021	1.63894	-2.17518	1.88187	2.3036	-1.66153	-0.958214	-0.114571	0.718977	0.330184	-0.00497377	-0.934543	0.00809481	-0.355723	4.34271	-4.44924	3.65924	-1.14328	-0.666873	2.49878	-0.312817	1.44922	-7.98153	15.6266	2.1263	-0.908785	-0.500593	
1486248574936	-2.25021	1.63894	-2.17518	1.88187	2.3036	-1.66153	-0.958214	-0.114571	0.718977	0.330184	-0.00497377	-0.934543	0.00809481	-0.355723	4.36061	-4.45834	3.66392	-1.13859	-0.670472	2.50115	-0.312874	1.45929	-8.01058	15.639	2.13143	-0.907194	-0.502742	
1486248574966	-2.25021	1.63894	-2.17518	1.88187	2.3036	-1.66153	-0.958214	-0.114571	0.718977	0.330184	-0.00497327	-0.934543	0.00809461	-0.355723	4.34667	-4.44302	3.65825	-1.14065	-0.665962	2.49984	-0.312275	1.44306	-7.99114	15.6206	2.12521	-0.909858	-0.499645	
1486248575016	-2.25021	1.63894	-2.17518	1.88187	2.3036	-1.66153	-0.958214	-0.11457	0.718977	0.330184	-0.0049734	-0.934543	0.0080951	-0.355724	4.35679	-4.42525	3.65487	-1.1361	-0.665434	2.50125	-0.311873	1.41843	-8.01867	15.6003	2.12151	-0.909757	-0.497767	
1486248575046	-2.25021	1.63894	-2.17518	1.88187	2.3036	-1.66153	-0.958214	-0.114571	0.718977	0.330185	-0.00497353	-0.934543	0.00809449	-0.355724	4.35459	-4.44707	3.65943	-1.14083	-0.66711	2.49761	-0.312193	1.44198	-8.00684	15.6228	2.12556	-0.906923	-0.501262	
1486248575076	-2.25021	1.63894	-2.17518	1.88187	2.3036	-1.66153	-0.958214	-0.11457	0.718977	0.330185	-0.00497335	-0.934543	0.00809402	-0.355725	4.37422	-4.44576	3.66027	-1.13265	-0.669772	2.49959	-0.312702	1.44369	-8.04352	15.6164	2.12783	-0.905522	-0.502973	
1486248575116	-2.25021	1.63894	-2.17518	1.88187	2.3036	-1.66153	-0.958214	-0.114571	0.718977	0.330185	-0.00497353	-0.934543	0.00809449	-0.355724	4.3893	-4.44418	3.66446	-1.12525	-0.669749	2.50206	-0.31219	1.45023	-8.07387	15.619	2.12841	-0.907282	-0.503063	
1486248575126	-2.25021	1.63894	-2.17518	1.88187	2.3036	-1.66153	-0.958214	-0.114571	0.718977	0.330185	-0.00497353	-0.934543	0.00809449	-0.355724	4.36882	-4.44623	3.66049	-1.13312	-0.668414	2.49964	-0.312248	1.44842	-8.03234	15.6183	2.12741	-0.907189	-0.502193	
1486248575166	-2.25021	1.63894	-2.17518	1.88187	2.3036	-1.66153	-0.958214	-0.11457	0.718977	0.330185	-0.00497385	-0.934543	0.00809435	-0.355724	4.35822	-4.44428	3.65182	-1.13541	-0.665513	2.49894	-0.312644	1.44467	-8.00798	15.6074	2.12746	-0.908761	-0.502829	
1486248575266	-2.25021	1.63894	-2.17518	1.88187	2.3036	-1.66153	-0.958214	-0.11457	0.718977	0.330185	-0.00497353	-0.934542	0.00809448	-0.355725	4.29772	-4.44361	3.6436	-1.15509	-0.663097	2.49261	-0.312264	1.44025	-7.88887	15.5983	2.12243	-0.908572	-0.49766	
1486248575276	-2.25021	1.63894	-2.17518	1.88187	2.3036	-1.66153	-0.958214	-0.11457	0.718977	0.330185	-0.00497353	-0.934542	0.00809448	-0.355725	4.29772	-4.44361	3.6436	-1.15509	-0.663097	2.49261	-0.312264	1.44025	-7.88887	15.5983	2.12243	-0.908572	-0.49766	
1486248575326	-2.25021	1.63894	-2.17518	1.88187	2.3036	-1.66153	-0.958214	-0.11457	0.718977	0.330186	-0.00497388	-0.934542	0.00809378	-0.355725	4.3357	-4.45579	3.65249	-1.13888	-0.667377	2.49268	-0.310675	1.46945	-7.95477	15.6035	2.12776	-0.90564	-0.50104	
1486248575356	-2.25021	1.63894	-2.17518	1.88187	2.3036	-1.66153	-0.958214	-0.11457	0.718977	0.330186	-0.00497388	-0.934542	0.00809378	-0.355725	4.33236	-4.44786	3.64779	-1.14033	-0.665162	2.49315	-0.311255	1.45589	-7.95203	15.5949	2.12568	-0.906959	-0.500738	
1486248575416	-2.25021	1.63894	-2.17518	1.88187	2.3036	-1.66153	-0.958214	-0.114569	0.718977	0.330186	-0.00497438	-0.934542	0.00809398	-0.355725	4.32807	-4.44117	3.64699	-1.13888	-0.6637	2.49336	-0.311622	1.45509	-7.9477	15.5864	2.12304	-0.908723	-0.499668	
1486248575456	-2.25021	1.63894	-2.17518	1.88187	2.3036	-1.66153	-0.958214	-0.114569	0.718977	0.330186	-0.00497438	-0.934542	0.00809398	-0.355725	4.35792	-4.42419	3.64536	-1.12676	-0.665508	2.49714	-0.311221	1.43361	-8.01084	15.5652	2.1223	-0.907751	-0.499305	
1486248575516	-2.25021	1.63894	-2.17518	1.88187	2.3036	-1.66153	-0.958214	-0.114569	0.718977	0.330186	-0.00497475	-0.934542	0.00809381	-0.355726	4.33375	-4.4283	3.64398	-1.13075	-0.666349	2.4938	-0.311122	1.4488	-7.95931	15.558	2.12147	-0.906934	-0.497597	
1486248575536	-2.25021	1.63894	-2.17518	1.88187	2.3036	-1.66153	-0.958214	-0.114569	0.718977	0.330186	-0.00497412	-0.934542	0.00809422	-0.355726	4.34631	-4.42638	3.64477	-1.12766	-0.666438	2.4949	-0.311217	1.44381	-7.98568	15.5585	2.12178	-0.906772	-0.498563	
1486248575566	-2.25021	1.63894	-2.17518	1.88187	2.3036	-1.66153	-0.958214	-0.114569	0.718977	0.330186	-0.00497412	-0.934542	0.00809422	-0.355726	4.32392	-4.42652	3.64512	-1.13516	-0.666562	2.49231	-0.311749	1.4451	-7.94493	15.558	2.11896	-0.906155	-0.496635	
1486248575736	-2.25021	1.63894	-2.17518	1.88187	2.3036	-1.66153	-0.958214	-0.114569	0.718977	0.330187	-0.00497496	-0.934542	0.00809372	-0.355726	4.31972	-4.43409	3.64308	-1.13282	-0.663119	2.48956	-0.311512	1.46708	-7.93165	15.5565	2.11933	-0.908308	-0.498617	
1486248575746	-2.25021	1.63894	-2.17518	1.88187	2.3036	-1.66153	-0.958214	-0.114569	0.718977	0.330187	-0.00497496	-0.934542	0.00809372	-0.355726	4.32608	-4.42448	3.64172	-1.13186	-0.661225	2.48917	-0.311593	1.45136	-7.95192	15.5484	2.11578	-0.908535	-0.498356	
1486248575796	-2.2502	1.63894	-2.17518	1.88187	2.3036	-1.66153	-0.958214	-0.114568	0.718976	0.330187	-0.00497515	-0.934542	0.00809418	-0.355727	4.30811	-4.44452	3.6482	-1.1397	-0.665579	2.48708	-0.311548	1.47635	-7.90777	15.5714	2.11997	-0.905723	-0.498272	
1486248575806	-2.2502	1.63894	-2.17518	1.88187	2.3036	-1.66153	-0.958214	-0.114568	0.718976	0.330187	-0.00497515	-0.934542	0.00809418	-0.355727	4.31768	-4.43415	3.64727	-1.13387	-0.666094	2.48879	-0.310904	1.46673	-7.92904	15.5581	2.11869	-0.905879	-0.496831	
1486248575816	-2.2502	1.63894	-2.17518	1.88187	2.3036	-1.66153	-0.958214	-0.114568	0.718977	0.330187	-0.00497528	-0.934542	0.00809357	-0.355727	4.31768	-4.43415	3.64727	-1.13387	-0.666094	2.48879	-0.310904	1.46673	-7.92904	15.5581	2.11869	-0.905879	-0.496831	
1486248575886	-2.2502	1.63894	-2.17518	1.88187	2.3036	-1.66153	-0.958214	-0.114568	0.718976	0.330187	-0.00497515	-0.934542	0.00809418	-0.355727	4.33982	-4.44298	3.65152	-1.12825	-0.669578	2.49015	-0.310885	1.47513	-7.96713	15.5679	2.1234	-0.903402	-0.49964	
1486248575916	-2.2502	1.63894	-2.17518	1.88187	2.3036	-1.66153	-0.958214	-0.114568	0.718977	0.330187	-0.00497465	-0.934541	0.00809398	-0.355727	4.31055	-4.42797	3.6416	-1.13626	-0.665803	2.4877	-0.311385	1.45448	-7.9164	15.5445	2.11712	-0.904849	-0.496371	
1486248575926	-2.2502	1.63894	-2.17518	1.88187	2.3036	-1.66153	-0.958214	-0.114568	0.718977	0.330187	-0.00497465	-0.934541	0.00809398	-0.355727	4.33883	-4.42742	3.64196	-1.12951	-0.667128	2.48958	-0.311003	1.44539	-7.97068	15.5452	2.11977	-0.9031	-0.498842	
1486248575936	-2.2502	1.63894	-2.17518	1.88187	2.3036	-1.66153	-0.958214	-0.114568	0.718977	0.330187	-0.00497465	-0.934541	0.00809398	-0.355727	4.33883	-4.42742	3.64196	-1.12951	-0.667128	2.48958	-0.311003	1.44539	-7.97068	15.5452	2.11977	-0.9031	-0.498842	
1486248575946	-2.2502	1.63894	-2.17518	1.88187	2.3036	-1.66153	-0.958214	-0.114568	0.718977	0.330187	-0.00497465	-0.934541	0.00809398	-0.355727	4.28759	-4.42918	3.63524	-1.1441	-0.664598	2.48561	-0.31051	1.45037	-7.86635	15.54	2.11704	-0.904739	-0.494547	
1486248575956	-2.2502	1.63894	-2.17518	1.88187	2.3036	-1.66153	-0.958214	-0.114568	0.718976	0.330187	-0.00497515	-0.934542	0.00809418	-0.355727	4.28759	-4.42918	3.63524	-1.1441	-0.664598	2.48561	-0.31051	1.45037	-7.86635	15.54	2.11704	-0.904739	-0.494547	
1486248575976	-2.2502	1.63894	-2.17518	1.88187	2.3036	-1.66153	-0.958214	-0.114568	0.718976	0.330187	-0.00497552	-0.934541	0.00809402	-0.355728	4.3254	-4.43419	3.64469	-1.13608	-0.669723	2.48663	-0.311109	1.45016	-7.94371	15.5515	2.11961	-0.899949	-0.498106	
1486248575986	-2.2502	1.63894	-2.17518	1.88187	2.3036	-1.66153	-0.958214	-0.114568	0.718977	0.330188	-0.00497502	-0.934541	0.00809382	-0.355728	4.31245	-4.42344	3.63686	-1.13959	-0.668106	2.48681	-0.311352	1.4322	-7.92025	15.5352	2.1173	-0.900743	-0.496261	
1486248575996	-2.2502	1.63894	-2.17518	1.88187	2.3036	-1.66153	-0.958214	-0.114568	0.718977	0.330188	-0.00497502	-0.934541	0.00809382	-0.355728	4.31245	-4.42344	3.63686	-1.13959	-0.668106	2.48681	-0.311352	1.4322	-7.92025	15.5352	2.1173	-0.900743	-0.496261	
1486248576006	-2.2502	1.63894	-2.17518	1.88187	2.3036	-1.66153	-0.958214	-0.114568	0.718977	0.330188	-0.00497502	-0.934541	0.00809382	-0.355728	4.30626	-4.42962	3.64016	-1.14448	-0.665984	2.48549	-0.310648	1.43687	-7.90937	15.5514	2.11662	-0.90195	-0.496065	
1486248576056	-2.2502	1.63894	-2.17518	1.88187	2.3036	-1.66153	-0.958214	-0.114568	0.718977	0.330188	-0.00497502	-0.934541	0.00809382	-0.355728	4.31259	-4.42851	3.63491	-1.13911	-0.666114	2.48498	-0.310636	1.43996	-7.91659	15.536	2.11807	-0.901252	-0.497512	
1486248576066	-2.2502	1.63894	-2.17518	1.88187	2.3036	-1.66153	-0.958214	-0.114568	0.718976	0.330187	-0.00497491	-0.934541	0.00809432	-0.355728	4.31169	-4.4413	3.64222	-1.14156	-0.66632	2.48307	-0.311803	1.4599	-7.9162	15.5558	2.11856	-0.90103	-0.49982	
1486248576076	-2.2502	1.63894	-2.17518	1.88187	2.3036	-1.66153	-0.958214	-0.114568	0.718976	0.330187	-0.00497491	-0.934541	0.00809432	-0.355728	4.31169	-4.4413	3.64222	-1.14156	-0.66632	2.48307	-0.311803	1.4599	-7.9162	15.5558	2.11856	-0.90103	-0.49982	
1486248576086	-2.2502	1.63894	-2.17518	1.88187	2.3036	-1.66153	-0.958214	-0.114568	0.718976	0.330187	-0.00497491	-0.934541	0.00809432	-0.355728	4.30761	-4.43126	3.64175	-1.1413	-0.667505	2.48439	-0.310893	1.44733	-7.91099	15.5462	2.11665	-0.900833	-0.496409	
1486248576096	-2.2502	1.63894	-2.17518	1.88187	2.3036	-1.66153	-0.958214	-0.114568	0.718977	0.330188	-0.00497502	-0.934541	0.00809382	-0.355728	4.30761	-4.43126	3.64175	-1.1413	-0.667505	2.48439	-0.310893	1.44733	-7.91099	15.5462	2.11665	-0.900833	-0.496409	
1486248576116	-2.2502	1.63894	-2.17518	1.88187	2.3036	-1.66153	-0.958214	-0.114567	0.718976	0.330188	-0.00497568	-0.934541	0.00809395	-0.355728	4.31047	-4.43051	3.63882	-1.13703	-0.667648	2.48333	-0.309956	1.45181	-7.91214	15.5344	2.11728	-0.900168	-0.496434	
1486248576129	-2.2502	1.63894	-2.17518	1.88187	2.3036	-1.66153	-0.958214	-0.114567	0.718976	0.330188	-0.00497528	-0.934541	0.00809316	-0.355727	4.32814	-4.43353	3.64616	-1.13542	-0.669338	2.48494	-0.309853	1.44901	-7.95045	15.5508	2.11826	-0.899107	-0.497372	
1486248576136	-2.2502	1.63894	-2.17518	1.88187	2.3036	-1.66153	-0.958214	-0.114567	0.718976	0.330188	-0.00497528	-0.934541	0.00809316	-0.355727	4.32814	-4.43353	3.64616	-1.13542	-0.669338	2.48494	-0.309853	1.44901	-7.95045	15.5508	2.11826	-0.899107	-0.497372	
1486248576146	-2.2502	1.63894	-2.17518	1.88187	2.3036	-1.66153	-0.958214	-0.114567	0.718976	0.330188	-0.00497528	-0.934541	0.00809316	-0.355727	4.33746	-4.41537	3.63441	-1.12634	-0.667023	2.48584	-0.309461	1.4314	-7.96865	15.5132	2.11628	-0.900168	-0.49702	
1486248576156	-2.2502	1.63894	-2.17518	1.88187	2.3036	-1.66153	-0.958214	-0.114568	0.718977	0.330188	-0.00497518	-0.934541	0.00809375	-0.355728	4.33746	-4.41537	3.63441	-1.12634	-0.667023	2.48584	-0.309461	1.4314	-7.96865	15.5132	2.11628	-0.900168	-0.49702	
1486248576166	-2.2502	1.63894	-2.17518	1.88187	2.3036	-1.66153	-0.958214	-0.114567	0.718976	0.330188	-0.00497568	-0.934541	0.00809395	-0.355728	4.31134	-4.4371	3.64063	-1.13767	-0.66544	2.48153	-0.309861	1.4621	-7.91381	15.5434	2.11711	-0.901127	-0.498024	
1486248576196	-2.2502	1.63894	-2.17518	1.88187	2.3036	-1.66153	-0.958214	-0.114567	0.718976	0.330188	-0.00497568	-0.934541	0.00809395	-0.355728	4.32535	-4.43801	3.64491	-1.13166	-0.667171	2.48101	-0.309703	1.46942	-7.94246	15.5419	2.11713	-0.899605	-0.498906	
1486248576206	-2.2502	1.63894	-2.17518	1.88187	2.3036	-1.66153	-0.958214	-0.114567	0.718976	0.330188	-0.00497568	-0.934541	0.00809395	-0.355728	4.33677	-4.42439	3.64077	-1.12705	-0.665995	2.48395	-0.310145	1.45009	-7.96973	15.5278	2.11558	-0.90099	-0.498622	
1486248576276	-2.2502	1.63894	-2.17518	1.88187	2.3036	-1.66153	-0.958214	-0.114567	0.718976	0.330188	-0.004976	-0.934541	0.0080938	-0.355729	4.29532	-4.41329	3.63035	-1.13505	-0.664438	2.48053	-0.311146	1.44435	-7.89005	15.4981	2.11041	-0.901557	-0.494836	
1486248576296	-2.2502	1.63894	-2.17518	1.88187	2.3036	-1.66153	-0.958214	-0.114567	0.718976	0.330188	-0.004976	-0.934541	0.0080938	-0.355729	4.33578	-4.4201	3.63991	-1.12393	-0.669219	2.48415	-0.310959	1.45119	-7.96737	15.5133	2.11548	-0.899018	-0.497987	
1486248576306	-2.2502	1.63894	-2.17518	1.88187	2.3036	-1.66153	-0.958214	-0.114567	0.718976	0.330188	-0.004976	-0.934541	0.0080938	-0.355729	4.33131	-4.41385	3.63697	-1.12668	-0.668496	2.48347	-0.310302	1.43653	-7.96115	15.5068	2.11355	-0.898456	-0.496453	
1486248576326	-2.2502	1.63894	-2.17518	1.88187	2.3036	-1.66153	-0.958214	-0.114567	0.718976	0.330188	-0.004976	-0.934541	0.0080938	-0.355729	4.32266	-4.44181	3.64515	-1.13249	-0.669471	2.48046	-0.309983	1.47378	-7.93401	15.5417	2.11862	-0.897728	-0.499154	
1486248576336	-2.2502	1.63894	-2.17518	1.88187	2.3036	-1.66153	-0.958214	-0.114567	0.718976	0.330188	-0.00497589	-0.934541	0.0080943	-0.355729	4.32266	-4.44181	3.64515	-1.13249	-0.669471	2.48046	-0.309983	1.47378	-7.93401	15.5417	2.11862	-0.897728	-0.499154	
1486248576346	-2.2502	1.63894	-2.17518	1.88187	2.3036	-1.66153	-0.958214	-0.114567	0.718976	0.330188	-0.0049755	-0.934541	0.00809361	-0.355729	4.31684	-4.42075	3.63373	-1.13413	-0.666005	2.48192	-0.309269	1.43712	-7.92775	15.5165	2.11465	-0.89944	-0.4962	
1486248576356	-2.2502	1.63894	-2.17518	1.88187	2.3036	-1.66153	-0.958214	-0.114567	0.718976	0.330188	-0.0049755	-0.934541	0.00809361	-0.355729	4.31684	-4.42075	3.63373	-1.13413	-0.666005	2.48192	-0.309269	1.43712	-7.92775	15.5165	2.11465	-0.89944	-0.4962	
1486248576366	-2.2502	1.63894	-2.17518	1.88187	2.3036	-1.66153	-0.958214	-0.114567	0.718976	0.330188	-0.0049755	-0.934541	0.00809361	-0.355729	4.31591	-4.41111	3.633	-1.13239	-0.665513	2.48088	-0.309261	1.42928	-7.93221	15.5027	2.11081	-0.899181	-0.494729	
1486248576386	-2.2502	1.63894	-2.17518	1.88187	2.3036	-1.66153	-0.958214	-0.114566	0.718976	0.330189	-0.00497632	-0.934541	0.00809366	-0.355729	4.29882	-4.43751	3.64145	-1.13842	-0.667682	2.47837	-0.309366	1.47088	-7.88817	15.5333	2.11557	-0.898703	-0.496148	
1486248576406	-2.2502	1.63894	-2.17518	1.88187	2.3036	-1.66153	-0.958214	-0.114566	0.718976	0.330189	-0.00497632	-0.934541	0.00809366	-0.355729	4.29993	-4.42844	3.63787	-1.13463	-0.666205	2.47835	-0.309115	1.46534	-7.89256	15.5171	2.11332	-0.89973	-0.495265	
1486248576426	-2.2502	1.63894	-2.17518	1.88187	2.3036	-1.66153	-0.958214	-0.114566	0.718976	0.330189	-0.00497632	-0.934541	0.00809366	-0.355729	4.31881	-4.41312	3.63677	-1.12491	-0.667108	2.48038	-0.308614	1.45079	-7.93472	15.4962	2.11115	-0.899295	-0.494121	
1486248576466	-2.2502	1.63894	-2.17518	1.88187	2.3036	-1.66153	-0.958214	-0.114566	0.718976	0.330189	-0.00497632	-0.934541	0.00809366	-0.355729	4.32359	-4.43102	3.64582	-1.12173	-0.670118	2.47893	-0.309424	1.48663	-7.93865	15.5133	2.11464	-0.897986	-0.496912	
1486248576476	-2.2502	1.63894	-2.17518	1.88187	2.3036	-1.66153	-0.958214	-0.114566	0.718976	0.330189	-0.00497621	-0.934541	0.00809416	-0.355729	4.32359	-4.43102	3.64582	-1.12173	-0.670118	2.47893	-0.309424	1.48663	-7.93865	15.5133	2.11464	-0.897986	-0.496912	
1486248576506	-2.2502	1.63894	-2.17518	1.88187	2.3036	-1.66153	-0.958214	-0.114566	0.718976	0.330189	-0.00497621	-0.934541	0.00809416	-0.355729	4.2854	-4.41061	3.63076	-1.12939	-0.664266	2.4785	-0.308651	1.46225	-7.86622	15.4824	2.10872	-0.902498	-0.491312	
1486248576526	-2.2502	1.63894	-2.17518	1.88187	2.3036	-1.66153	-0.958214	-0.114566	0.718976	0.330189	-0.00497653	-0.93454	0.00809402	-0.35573	4.31679	-4.43899	3.64118	-1.12035	-0.668788	2.47926	-0.30819	1.50284	-7.91263	15.5131	2.11877	-0.900007	-0.497333	
1486248576536	-2.2502	1.63894	-2.17518	1.88187	2.3036	-1.66153	-0.958214	-0.114566	0.718976	0.330189	-0.00497653	-0.93454	0.00809402	-0.35573	4.31679	-4.43899	3.64118	-1.12035	-0.668788	2.47926	-0.30819	1.50284	-7.91263	15.5131	2.11877	-0.900007	-0.497333	
1486248576546	-2.2502	1.63894	-2.17518	1.88187	2.3036	-1.66153	-0.958214	-0.114566	0.718976	0.330189	-0.00497664	-0.934541	0.00809352	-0.35573	4.32803	-4.41748	3.63205	-1.10961	-0.666583	2.48025	-0.307985	1.48561	-7.93885	15.474	2.11499	-0.901356	-0.496341	
1486248576556	-2.2502	1.63894	-2.17518	1.88187	2.3036	-1.66153	-0.958214	-0.114566	0.718976	0.330189	-0.00497664	-0.934541	0.00809352	-0.35573	4.32803	-4.41748	3.63205	-1.10961	-0.666583	2.48025	-0.307985	1.48561	-7.93885	15.474	2.11499	-0.901356	-0.496341	
