time	
1292.23	
1292.23	
1292.25	
1292.26	
1292.27	
1292.27	
1292.29	
1292.3	
1292.3	
1292.32	
1292.33	
1292.34	
1292.34	
1292.36	
1292.37	
1292.37	
1292.39	
1292.4	
1292.41	
1292.41	
1292.43	
1292.44	
1292.44	
1292.46	
1292.47	
1292.48	
1292.48	
1292.5	
1292.51	
1292.51	
1292.53	
1292.54	
1292.55	
1292.55	
1292.57	
1292.58	
1292.58	
1292.6	
1292.61	
1292.62	
1292.62	
1292.64	
1292.65	
1292.65	
1292.67	
1292.68	
1292.69	
1292.69	
1292.71	
1292.72	
1292.72	
1292.74	
1292.75	
1292.76	
1292.76	
1292.78	
1292.79	
1292.79	
1292.81	
1292.82	
1292.83	
1292.83	
1292.85	
1292.86	
1292.86	
1292.88	
1292.89	
1292.9	
1292.9	
1292.92	
1292.93	
1292.93	
1292.95	
1292.96	
1292.97	
1292.97	
1292.99	
1293	
1293	
1293.02	
1293.03	
1293.04	
1293.04	
1293.06	
1293.07	
1293.07	
1293.09	
1293.1	
1293.11	
1293.11	
1293.13	
1293.14	
1293.14	
1293.16	
1293.17	
1293.18	
1293.18	
1293.2	
1293.21	
1293.21	
1293.23	
1293.24	
1293.25	
1293.25	
1293.27	
1293.28	
1293.28	
1293.3	
1293.31	
1293.32	
1293.32	
1293.34	
1293.35	
1293.35	
1293.37	
1293.38	
1293.39	
1293.39	
1293.41	
1293.42	
1293.42	
1293.44	
1293.45	
1293.46	
1293.46	
1293.48	
1293.49	
1293.49	
1293.51	
1293.52	
1293.53	
1293.53	
1293.55	
1293.56	
1293.56	
1293.58	
1293.59	
1293.6	
1293.6	
1293.62	
1293.63	
1293.63	
1293.65	
1293.66	
1293.67	
1293.67	
1293.69	
1293.7	
1293.7	
1293.72	
1293.73	
1293.74	
1293.74	
1293.76	
1293.77	
1293.77	
1293.79	
1293.8	
1293.81	
1293.81	
1293.83	
1293.84	
1293.84	
1293.86	
1293.87	
1293.88	
1293.88	
1293.9	
1293.91	
1293.91	
1293.93	
1293.94	
1293.95	
1293.95	
1293.97	
1293.98	
1293.98	
1294	
1294.01	
1294.02	
1294.02	
1294.04	
1294.05	
1294.05	
1294.07	
1294.08	
1294.09	
1294.09	
1294.11	
1294.12	
1294.12	
1294.14	
1294.15	
1294.16	
1294.16	
1294.18	
1294.19	
1294.19	
1294.21	
1294.22	
1294.23	
1294.23	
1294.25	
1294.26	
1294.26	
1294.28	
1294.29	
1294.3	
1294.3	
1294.32	
1294.33	
1294.33	
1294.35	
1294.36	
1294.37	
1294.37	
1294.39	
1294.4	
1294.4	
1294.42	
1294.43	
1294.44	
1294.44	
1294.46	
1294.47	
1294.47	
1294.49	
1294.5	
1294.51	
1294.51	
1294.53	
1294.54	
1294.54	
1294.56	
1294.57	
1294.58	
1294.58	
1294.6	
1294.61	
1294.61	
1294.63	
1294.64	
1294.65	
1294.65	
1294.67	
1294.68	
1294.68	
1294.7	
1294.71	
1294.72	
1294.72	
1294.74	
1294.75	
1294.75	
1294.77	
1294.78	
1294.79	
1294.79	
1294.81	
1294.82	
1294.82	
1294.84	
1294.85	
1294.86	
1294.86	
1294.88	
1294.89	
1294.89	
1294.91	
1294.92	
1294.93	
1294.93	
1294.95	
1294.96	
1294.96	
1294.98	
1294.99	
1295	
1295	
1295.02	
1295.03	
1295.03	
1295.05	
1295.06	
1295.07	
1295.07	
1295.09	
1295.1	
1295.1	
1295.12	
1295.13	
1295.14	
1295.14	
1295.16	
1295.17	
1295.17	
1295.19	
1295.2	
1295.21	
1295.21	
1295.23	
1295.24	
1295.24	
1295.26	
1295.27	
1295.28	
1295.28	
1295.3	
1295.31	
1295.31	
1295.33	
1295.34	
1295.35	
1295.35	
1295.37	
1295.38	
1295.38	
1295.4	
1295.41	
1295.42	
1295.42	
1295.44	
1295.45	
1295.45	
1295.47	
1295.48	
1295.49	
1295.49	
1295.51	
1295.52	
1295.52	
1295.54	
1295.55	
1295.56	
1295.56	
1295.58	
1295.59	
1295.59	
1295.61	
1295.62	
1295.63	
1295.63	
1295.65	
1295.66	
1295.66	
1295.68	
1295.69	
1295.7	
1295.7	
1295.72	
1295.73	
1295.73	
1295.75	
1295.76	
1295.77	
1295.77	
1295.79	
1295.8	
1295.8	
1295.82	
1295.83	
1295.84	
1295.84	
1295.86	
1295.87	
1295.87	
1295.89	
1295.9	
1295.91	
1295.91	
1295.93	
1295.94	
1295.94	
1295.96	
1295.97	
1295.98	
1295.98	
1296	
1296.01	
1296.01	
1296.03	
1296.04	
1296.05	
1296.05	
1296.07	
1296.08	
1296.08	
1296.1	
1296.11	
1296.12	
1296.12	
1296.14	
1296.15	
1296.15	
1296.17	
1296.18	
1296.19	
1296.19	
1296.21	
1296.22	
1296.22	
1296.24	
1296.25	
1296.26	
1296.26	
1296.28	
1296.29	
1296.29	
1296.31	
1296.32	
1296.33	
1296.33	
1296.35	
1296.36	
1296.36	
1296.38	
1296.39	
1296.4	
1296.4	
1296.42	
1296.43	
1296.43	
1296.45	
1296.46	
1296.47	
1296.47	
1296.49	
1296.5	
1296.5	
1296.52	
1296.53	
1296.54	
1296.54	
1296.56	
1296.57	
1296.57	
1296.59	
1296.6	
1296.61	
1296.61	
1296.63	
1296.64	
1296.64	
1296.66	
1296.67	
1296.68	
1296.68	
1296.7	
1296.71	
1296.71	
1296.73	
1296.74	
1296.75	
1296.75	
1296.77	
1296.78	
1296.78	
1296.8	
1296.81	
1296.82	
1296.82	
1296.84	
1296.85	
1296.85	
1296.87	
1296.88	
1296.89	
1296.89	
1296.91	
1296.92	
1296.92	
1296.94	
1296.95	
1296.96	
1296.96	
1296.98	
1296.99	
1296.99	
1297.01	
1297.02	
1297.03	
1297.03	
1297.05	
1297.06	
1297.06	
1297.08	
1297.09	
1297.1	
1297.1	
1297.12	
1297.13	
1297.13	
1297.15	
1297.16	
1297.17	
1297.17	
1297.19	
1297.2	
1297.2	
1297.22	
1297.23	
1297.24	
1297.24	
1297.26	
1297.27	
1297.27	
1297.29	
1297.3	
1297.31	
1297.31	
1297.33	
1297.34	
1297.34	
1297.36	
1297.37	
1297.38	
1297.38	
1297.4	
1297.41	
1297.41	
1297.43	
1297.44	
1297.45	
1297.45	
1297.47	
1297.48	
1297.48	
1297.5	
1297.51	
1297.52	
1297.52	
1297.54	
1297.55	
1297.55	
1297.57	
1297.58	
1297.59	
1297.59	
1297.61	
1297.62	
1297.62	
1297.64	
1297.65	
1297.66	
1297.66	
1297.68	
1297.69	
1297.69	
1297.71	
1297.72	
1297.73	
1297.73	
1297.75	
1297.76	
1297.76	
1297.78	
1297.79	
1297.8	
1297.8	
1297.82	
1297.83	
1297.83	
1297.85	
1297.86	
1297.87	
1297.87	
1297.89	
1297.9	
1297.9	
1297.92	
1297.93	
1297.94	
1297.94	
1297.96	
1297.97	
1297.97	
1297.99	
1298	
1298.01	
1298.01	
1298.03	
1298.04	
1298.04	
1298.06	
1298.07	
1298.08	
1298.08	
1298.1	
1298.11	
1298.11	
1298.13	
1298.14	
1298.15	
1298.15	
1298.17	
1298.18	
1298.18	
1298.2	
1298.21	
1298.22	
1298.22	
1298.24	
1298.25	
1298.25	
1298.27	
1298.28	
1298.29	
1298.29	
1298.31	
1298.32	
1298.32	
1298.34	
1298.35	
1298.36	
1298.36	
1298.38	
1298.39	
1298.39	
1298.41	
1298.42	
1298.43	
1298.43	
1298.45	
1298.46	
1298.46	
1298.48	
1298.49	
1298.5	
1298.5	
1298.52	
1298.53	
1298.53	
1298.55	
1298.56	
1298.57	
1298.57	
1298.59	
1298.6	
1298.6	
1298.62	
1298.63	
1298.64	
1298.64	
1298.66	
1298.67	
1298.67	
1298.69	
1298.7	
1298.71	
1298.71	
1298.73	
1298.74	
1298.74	
1298.76	
1298.77	
1298.78	
1298.78	
1298.8	
1298.81	
1298.81	
1298.83	
1298.84	
1298.85	
1298.85	
1298.87	
1298.88	
1298.88	
1298.9	
1298.91	
1298.92	
1298.92	
1298.94	
1298.95	
1298.95	
1298.97	
1298.98	
1298.99	
1298.99	
1299.01	
1299.02	
1299.02	
1299.04	
1299.05	
1299.06	
1299.06	
1299.08	
1299.09	
1299.09	
1299.11	
1299.12	
1299.13	
1299.13	
1299.15	
1299.16	
1299.16	
1299.18	
1299.19	
1299.2	
1299.2	
1299.22	
1299.23	
1299.23	
1299.25	
1299.26	
1299.27	
1299.27	
1299.29	
1299.3	
1299.3	
1299.32	
1299.33	
1299.34	
1299.34	
1299.36	
1299.37	
1299.37	
1299.39	
1299.4	
1299.41	
1299.41	
1299.43	
1299.44	
1299.44	
1299.46	
1299.47	
1299.48	
1299.48	
1299.5	
1299.51	
1299.51	
1299.53	
1299.54	
1299.55	
1299.55	
1299.57	
1299.58	
1299.58	
1299.6	
1299.61	
1299.62	
1299.62	
1299.64	
1299.65	
1299.65	
1299.67	
1299.68	
1299.69	
1299.69	
1299.71	
1299.72	
1299.72	
1299.74	
1299.75	
1299.76	
1299.76	
1299.78	
1299.79	
1299.79	
1299.81	
1299.82	
1299.83	
1299.83	
1299.85	
1299.86	
1299.86	
1299.88	
1299.89	
1299.9	
1299.9	
1299.92	
1299.93	
1299.93	
1299.95	
1299.96	
1299.97	
1299.97	
1299.99	
1300	
1300	
1300.02	
1300.03	
1300.04	
1300.04	
1300.06	
1300.07	
1300.07	
1300.09	
1300.1	
1300.11	
1300.11	
1300.13	
1300.14	
1300.14	
1300.16	
1300.17	
1300.18	
1300.18	
1300.2	
1300.21	
1300.21	
1300.23	
1300.24	
1300.25	
1300.25	
1300.27	
1300.28	
1300.28	
1300.3	
1300.31	
1300.32	
1300.32	
1300.34	
1300.35	
1300.35	
1300.37	
1300.38	
1300.39	
1300.39	
1300.41	
1300.42	
1300.42	
1300.44	
1300.45	
1300.46	
1300.46	
1300.48	
1300.49	
1300.49	
1300.51	
1300.52	
1300.53	
1300.53	
1300.55	
1300.56	
1300.56	
1300.58	
1300.59	
1300.6	
1300.6	
1300.62	
1300.63	
1300.63	
1300.65	
1300.66	
1300.67	
1300.67	
1300.69	
1300.7	
1300.7	
1300.72	
1300.73	
1300.74	
1300.74	
1300.76	
1300.77	
1300.77	
1300.79	
1300.8	
1300.81	
1300.81	
1300.83	
1300.84	
1300.84	
1300.86	
1300.87	
1300.88	
1300.88	
1300.9	
1300.91	
1300.91	
1300.93	
1300.94	
1300.95	
1300.95	
1300.97	
1300.98	
1300.98	
1301	
1301.01	
1301.02	
1301.02	
1301.04	
1301.05	
1301.05	
1301.07	
1301.08	
1301.09	
1301.09	
1301.11	
1301.12	
1301.12	
1301.14	
1301.15	
1301.16	
1301.16	
1301.18	
1301.19	
1301.19	
1301.21	
1301.22	
1301.23	
1301.23	
1301.25	
1301.26	
1301.26	
1301.28	
1301.29	
1301.3	
1301.3	
1301.32	
1301.33	
1301.33	
1301.35	
1301.36	
1301.37	
1301.37	
1301.39	
1301.4	
1301.4	
1301.42	
1301.43	
1301.44	
1301.44	
1301.46	
1301.47	
1301.47	
1301.49	
1301.5	
1301.51	
1301.51	
1301.53	
1301.54	
1301.54	
1301.56	
1301.57	
1301.58	
1301.58	
1301.6	
1301.61	
1301.61	
1301.63	
1301.64	
1301.65	
1301.65	
1301.67	
1301.68	
1301.68	
1301.7	
1301.71	
1301.72	
1301.72	
1301.74	
1301.75	
1301.75	
1301.77	
1301.78	
1301.79	
1301.79	
1301.81	
1301.82	
1301.82	
1301.84	
1301.85	
1301.86	
1301.86	
1301.88	
1301.89	
1301.89	
1301.91	
1301.92	
1301.93	
1301.93	
1301.95	
1301.96	
1301.96	
1301.98	
1301.99	
1302	
1302	
1302.02	
1302.03	
1302.03	
1302.05	
1302.06	
1302.07	
1302.07	
1302.09	
1302.1	
1302.1	
1302.12	
1302.13	
1302.14	
1302.14	
1302.16	
1302.17	
1302.17	
1302.19	
1302.2	
1302.21	
1302.21	
1302.23	
1302.24	
1302.24	
1302.26	
1302.27	
1302.28	
1302.28	
1302.3	
1302.31	
1302.31	
1302.33	
1302.34	
1302.35	
1302.35	
1302.37	
1302.38	
1302.38	
1302.4	
1302.41	
1302.42	
1302.42	
1302.44	
1302.45	
1302.45	
1302.47	
1302.48	
1302.49	
1302.49	
1302.51	
1302.52	
1302.52	
1302.54	
1302.55	
1302.56	
1302.56	
1302.58	
1302.59	
1302.59	
1302.61	
1302.62	
1302.63	
1302.63	
1302.65	
1302.66	
1302.66	
1302.68	
1302.69	
1302.7	
1302.7	
1302.72	
1302.73	
1302.73	
1302.75	
1302.76	
1302.77	
1302.77	
1302.79	
1302.8	
1302.8	
1302.82	
1302.83	
1302.84	
1302.84	
1302.86	
1302.87	
1302.87	
1302.89	
1302.9	
1302.91	
1302.91	
1302.93	
1302.94	
1302.94	
1302.96	
1302.97	
1302.98	
1302.98	
1303	
1303.01	
1303.01	
1303.03	
1303.04	
1303.05	
1303.05	
1303.07	
1303.08	
1303.08	
1303.1	
1303.11	
1303.12	
1303.12	
1303.14	
1303.15	
1303.15	
1303.17	
1303.18	
1303.19	
1303.19	
1303.21	
1303.22	
1303.22	
1303.24	
1303.25	
1303.26	
1303.26	
1303.28	
1303.29	
1303.29	
1303.31	
1303.32	
1303.33	
1303.33	
1303.35	
1303.36	
1303.36	
1303.38	
1303.39	
1303.4	
1303.4	
1303.42	
1303.43	
1303.43	
1303.45	
1303.46	
1303.47	
1303.47	
1303.49	
1303.5	
1303.5	
1303.52	
1303.53	
1303.54	
1303.54	
1303.56	
1303.57	
1303.57	
1303.59	
1303.6	
1303.61	
1303.61	
1303.63	
1303.64	
1303.64	
1303.66	
1303.67	
1303.68	
1303.68	
1303.7	
1303.71	
1303.71	
1303.73	
1303.74	
1303.75	
1303.75	
1303.77	
1303.78	
1303.78	
1303.8	
1303.81	
1303.82	
1303.82	
1303.84	
1303.85	
1303.85	
1303.87	
1303.88	
1303.89	
1303.89	
1303.91	
1303.92	
1303.92	
1303.94	
1303.95	
1303.96	
1303.96	
1303.98	
1303.99	
1303.99	
1304.01	
1304.02	
1304.03	
1304.03	
1304.05	
1304.06	
1304.06	
1304.08	
1304.09	
1304.1	
1304.1	
1304.12	
1304.13	
1304.13	
1304.15	
1304.16	
1304.17	
1304.17	
1304.19	
1304.2	
1304.2	
1304.22	
1304.23	
1304.24	
1304.24	
1304.26	
1304.27	
1304.27	
1304.29	
1304.3	
1304.31	
1304.31	
1304.33	
1304.34	
1304.34	
1304.36	
1304.37	
1304.38	
1304.38	
1304.4	
1304.41	
1304.41	
1304.43	
1304.44	
1304.45	
1304.45	
1304.47	
1304.48	
1304.48	
1304.5	
1304.51	
1304.52	
1304.52	
1304.54	
1304.55	
1304.55	
1304.57	
1304.58	
1304.59	
1304.59	
1304.61	
1304.62	
1304.62	
1304.64	
1304.65	
1304.66	
1304.66	
1304.68	
1304.69	
1304.69	
1304.71	
1304.72	
1304.73	
1304.73	
1304.75	
1304.76	
1304.76	
1304.78	
1304.79	
1304.8	
1304.8	
1304.82	
1304.83	
1304.83	
1304.85	
1304.86	
1304.87	
1304.87	
1304.89	
1304.9	
1304.9	
1304.92	
1304.93	
1304.94	
1304.94	
1304.96	
1304.97	
1304.97	
1304.99	
1305	
1305.01	
1305.01	
1305.03	
1305.04	
1305.04	
1305.06	
1305.07	
1305.08	
1305.08	
1305.1	
1305.11	
1305.11	
1305.13	
1305.14	
1305.15	
1305.15	
1305.17	
1305.18	
