time	
714.732	
714.746	
714.76	
714.76	
714.774	
714.788	
714.788	
714.802	
714.816	
714.83	
714.83	
714.844	
714.858	
714.858	
714.872	
714.886	
714.9	
714.9	
714.914	
714.928	
714.928	
714.942	
714.956	
714.97	
714.97	
714.984	
714.998	
714.998	
715.012	
715.026	
715.04	
715.04	
715.054	
715.068	
715.068	
715.082	
715.096	
715.11	
715.11	
715.124	
715.138	
715.138	
715.152	
715.166	
715.18	
715.18	
715.194	
715.208	
715.208	
715.222	
715.236	
715.25	
715.25	
715.264	
715.278	
715.278	
715.292	
715.306	
715.32	
715.32	
715.334	
715.348	
715.348	
715.362	
715.376	
715.39	
715.39	
715.404	
715.418	
715.418	
715.432	
715.447	
715.46	
715.46	
715.474	
715.488	
715.488	
715.502	
715.516	
715.516	
715.531	
715.544	
715.558	
715.558	
715.572	
715.586	
715.6	
715.6	
715.615	
715.628	
715.628	
715.642	
715.657	
715.67	
715.67	
715.684	
715.698	
715.698	
715.712	
715.726	
715.726	
715.741	
715.754	
715.768	
715.768	
715.782	
715.796	
715.81	
715.81	
715.824	
715.838	
715.838	
715.852	
715.866	
715.88	
715.88	
715.894	
715.908	
715.908	
715.922	
715.936	
715.95	
715.95	
715.964	
715.978	
715.978	
715.992	
716.006	
716.02	
716.02	
716.034	
716.048	
716.048	
716.062	
716.076	
716.09	
716.09	
716.104	
716.118	
716.118	
716.132	
716.146	
716.16	
716.16	
716.174	
716.188	
716.188	
716.202	
716.216	
716.23	
716.23	
716.244	
716.258	
716.258	
716.272	
716.286	
716.3	
716.3	
716.314	
716.328	
716.328	
716.342	
716.356	
716.37	
716.37	
716.384	
716.398	
716.398	
716.412	
716.426	
716.44	
716.44	
716.454	
716.468	
716.468	
716.482	
716.496	
716.51	
716.51	
716.524	
716.538	
716.538	
716.552	
716.566	
716.58	
716.58	
716.594	
716.608	
716.608	
716.622	
716.636	
716.65	
716.65	
716.664	
716.678	
716.678	
716.692	
716.706	
716.72	
716.72	
716.734	
716.748	
716.748	
716.762	
716.776	
716.79	
716.79	
716.804	
716.818	
716.818	
716.832	
716.846	
716.86	
716.86	
716.874	
716.888	
716.888	
716.902	
716.916	
716.93	
716.93	
716.944	
716.959	
716.959	
716.972	
716.986	
717	
717	
717.014	
717.028	
717.028	
717.042	
717.056	
717.07	
717.07	
717.084	
717.098	
717.098	
717.112	
717.126	
717.14	
717.14	
717.154	
717.168	
717.168	
717.182	
717.196	
717.21	
717.21	
717.224	
717.238	
717.238	
717.252	
717.266	
717.28	
717.28	
717.294	
717.308	
717.308	
717.322	
717.336	
717.35	
717.35	
717.364	
717.378	
717.378	
717.392	
717.406	
717.42	
717.42	
717.434	
717.448	
717.448	
717.462	
717.476	
717.49	
717.49	
717.504	
717.518	
717.518	
717.532	
717.546	
717.56	
717.56	
717.574	
717.588	
717.588	
717.602	
717.616	
717.63	
717.63	
717.644	
717.658	
717.658	
717.672	
717.686	
717.7	
717.7	
717.714	
717.728	
717.728	
717.742	
717.756	
717.77	
717.77	
717.784	
717.798	
717.798	
717.812	
717.826	
717.84	
717.84	
717.854	
717.868	
717.868	
717.882	
717.896	
717.91	
717.91	
717.924	
717.938	
717.938	
717.952	
717.966	
717.98	
717.98	
717.994	
718.008	
718.008	
718.022	
718.036	
718.05	
718.05	
718.064	
718.078	
718.078	
718.092	
718.106	
718.12	
718.12	
718.134	
718.148	
718.148	
718.162	
718.176	
718.19	
718.19	
718.204	
718.218	
718.218	
718.232	
718.246	
718.26	
718.26	
718.274	
718.288	
718.288	
718.302	
718.316	
718.33	
718.33	
718.344	
718.358	
718.358	
718.372	
718.386	
718.4	
718.4	
718.414	
718.428	
718.428	
718.442	
718.456	
718.47	
718.47	
718.484	
718.498	
718.498	
718.512	
718.526	
718.54	
718.54	
718.554	
718.568	
718.568	
718.582	
718.596	
718.61	
718.61	
718.624	
718.638	
718.638	
718.652	
718.666	
718.68	
718.68	
718.694	
718.708	
718.708	
718.722	
718.736	
718.75	
718.75	
718.764	
718.778	
718.778	
718.792	
718.806	
718.82	
718.82	
718.834	
718.848	
718.848	
718.862	
718.876	
718.89	
718.89	
718.904	
718.918	
718.918	
718.932	
718.946	
718.96	
718.96	
718.974	
718.988	
718.988	
719.002	
719.016	
719.03	
719.03	
719.044	
719.058	
719.058	
719.072	
719.086	
719.1	
719.1	
719.114	
719.128	
719.128	
719.142	
719.156	
719.17	
719.17	
719.184	
719.198	
719.198	
719.212	
719.226	
719.24	
719.24	
719.254	
719.268	
719.268	
719.282	
719.296	
719.31	
719.31	
719.324	
719.338	
719.338	
719.352	
719.366	
719.38	
719.38	
719.394	
719.408	
719.408	
719.422	
719.436	
719.45	
719.45	
719.464	
719.478	
719.478	
719.492	
719.506	
719.52	
719.52	
719.534	
719.548	
719.548	
719.562	
719.576	
719.59	
719.59	
719.604	
719.618	
719.618	
719.632	
719.646	
719.66	
719.66	
719.674	
719.688	
719.688	
719.702	
719.716	
719.73	
719.73	
719.744	
719.758	
719.758	
719.772	
719.786	
719.8	
719.8	
719.814	
719.828	
719.828	
719.842	
719.856	
719.87	
719.87	
719.884	
719.898	
719.898	
719.912	
719.926	
719.94	
719.94	
719.954	
719.968	
719.968	
719.982	
719.996	
720.01	
720.01	
720.024	
720.038	
720.038	
720.052	
720.066	
720.08	
720.08	
720.094	
720.108	
720.108	
720.122	
720.136	
720.15	
720.15	
720.164	
720.178	
720.178	
720.192	
720.206	
720.22	
720.22	
720.234	
720.248	
720.248	
720.262	
720.276	
720.29	
720.29	
720.304	
720.318	
720.318	
720.332	
720.346	
720.36	
720.36	
720.374	
720.388	
720.388	
720.402	
720.416	
720.43	
720.43	
720.444	
720.458	
720.458	
720.472	
720.486	
720.5	
720.5	
720.514	
720.528	
720.528	
720.542	
720.556	
720.57	
720.57	
720.584	
720.598	
720.598	
720.612	
720.626	
720.64	
720.64	
720.654	
720.668	
720.668	
720.682	
720.696	
720.71	
720.71	
720.724	
720.738	
720.738	
720.752	
720.766	
720.78	
720.78	
720.794	
720.808	
720.808	
720.822	
720.836	
720.85	
720.85	
720.864	
720.878	
720.878	
720.892	
720.906	
720.92	
720.92	
720.934	
720.948	
720.948	
720.962	
720.976	
720.99	
720.99	
721.004	
721.018	
721.018	
721.032	
721.046	
721.06	
721.06	
721.074	
721.088	
721.088	
721.102	
721.116	
721.13	
721.13	
721.144	
721.158	
721.158	
721.172	
721.186	
721.2	
721.2	
721.214	
721.228	
721.228	
721.242	
721.256	
721.27	
721.27	
721.284	
721.298	
721.298	
721.312	
721.326	
721.34	
721.34	
721.354	
721.368	
721.368	
721.382	
721.396	
721.41	
721.41	
721.424	
721.438	
721.438	
721.452	
721.466	
721.48	
721.48	
721.494	
721.508	
721.508	
721.522	
721.536	
721.55	
721.55	
721.564	
721.578	
721.578	
721.592	
721.606	
721.62	
721.62	
721.634	
721.648	
721.648	
721.662	
721.676	
721.69	
721.69	
721.704	
721.718	
721.718	
721.732	
721.746	
721.76	
721.76	
721.774	
721.788	
721.788	
721.802	
721.816	
721.83	
721.83	
721.844	
721.858	
721.858	
721.872	
721.886	
721.9	
721.9	
721.914	
721.928	
721.928	
721.942	
721.956	
721.97	
721.97	
721.984	
721.998	
721.998	
722.012	
722.026	
722.04	
722.04	
722.054	
722.068	
722.068	
722.082	
722.096	
722.11	
722.11	
722.124	
722.138	
722.138	
722.152	
722.166	
722.18	
722.18	
722.194	
722.208	
722.208	
722.222	
722.236	
722.25	
722.25	
722.264	
722.278	
722.278	
722.292	
722.306	
722.32	
722.32	
722.334	
722.348	
722.348	
722.362	
722.376	
722.39	
722.39	
722.404	
722.418	
722.418	
722.432	
722.446	
722.46	
722.46	
722.474	
722.488	
722.488	
722.502	
722.516	
722.53	
722.53	
722.544	
722.558	
722.558	
722.572	
722.586	
722.6	
722.6	
722.614	
722.628	
722.628	
722.642	
722.656	
722.67	
722.67	
722.684	
722.698	
722.698	
722.712	
722.726	
722.74	
722.74	
722.754	
722.768	
722.768	
722.782	
722.796	
722.81	
722.81	
722.824	
722.838	
722.838	
722.852	
722.866	
722.88	
722.88	
722.894	
722.908	
722.908	
722.922	
722.936	
722.95	
722.95	
722.964	
722.978	
722.978	
722.992	
723.006	
723.02	
723.02	
723.034	
723.048	
723.048	
723.062	
723.076	
723.09	
723.09	
723.104	
723.118	
723.118	
723.132	
723.146	
723.16	
723.16	
723.174	
723.188	
723.188	
723.202	
723.216	
723.23	
723.23	
723.244	
723.258	
723.258	
723.272	
723.286	
723.3	
723.3	
723.314	
723.328	
723.328	
723.342	
723.356	
723.37	
723.37	
723.384	
723.398	
723.398	
723.412	
723.426	
723.44	
723.44	
723.454	
723.468	
723.468	
723.482	
723.496	
723.51	
723.51	
723.524	
723.538	
723.538	
723.552	
723.566	
723.58	
723.58	
723.594	
723.608	
723.608	
723.622	
723.636	
723.65	
723.65	
723.664	
723.678	
723.678	
723.692	
723.706	
723.72	
723.72	
723.734	
723.748	
723.748	
723.762	
723.776	
723.79	
723.79	
723.804	
723.818	
723.818	
723.832	
723.846	
723.86	
723.86	
723.874	
723.888	
723.888	
723.902	
723.916	
723.93	
723.93	
723.944	
723.958	
723.958	
723.972	
723.986	
724	
724	
724.014	
724.028	
724.028	
724.042	
724.056	
724.07	
724.07	
724.084	
724.098	
724.098	
724.112	
724.126	
724.14	
724.14	
724.154	
724.168	
724.168	
724.182	
724.196	
724.21	
724.21	
724.224	
724.238	
724.238	
724.252	
724.266	
724.28	
724.28	
724.294	
724.308	
724.308	
724.322	
724.336	
724.35	
724.35	
724.364	
724.378	
724.378	
724.392	
724.406	
724.42	
724.42	
724.434	
724.448	
724.448	
724.462	
724.476	
724.49	
724.49	
724.504	
724.518	
724.518	
724.532	
724.546	
724.56	
724.56	
724.574	
724.588	
724.588	
724.602	
724.616	
724.63	
724.63	
724.644	
724.658	
724.658	
724.672	
724.686	
724.7	
724.7	
724.714	
724.728	
724.728	
724.742	
724.756	
724.77	
724.77	
724.784	
724.798	
724.798	
724.812	
724.826	
724.84	
724.84	
724.854	
724.868	
724.868	
724.882	
724.896	
724.91	
724.91	
724.924	
724.938	
724.938	
724.952	
724.966	
724.98	
724.98	
724.994	
725.008	
725.008	
725.022	
725.036	
725.05	
725.05	
725.064	
725.078	
725.078	
725.092	
725.106	
725.12	
725.12	
725.134	
725.148	
725.148	
725.162	
725.176	
725.19	
725.19	
725.204	
725.218	
725.218	
725.232	
725.246	
725.26	
725.26	
725.274	
725.288	
725.288	
725.302	
725.316	
725.33	
725.33	
725.344	
725.358	
725.358	
725.372	
725.386	
725.4	
725.4	
725.414	
725.428	
725.428	
725.442	
725.456	
725.47	
725.47	
725.484	
725.498	
725.498	
725.512	
725.526	
725.54	
725.54	
725.554	
725.568	
725.568	
725.582	
725.596	
725.61	
725.61	
725.624	
725.638	
725.638	
725.652	
725.666	
725.68	
725.68	
725.694	
725.708	
725.708	
725.722	
725.736	
725.75	
725.75	
725.764	
725.778	
725.778	
725.792	
725.806	
725.82	
725.82	
725.834	
725.848	
725.848	
725.862	
725.876	
725.89	
725.89	
725.904	
725.918	
725.918	
725.932	
725.946	
725.96	
725.96	
725.974	
725.988	
725.988	
726.002	
726.016	
726.03	
726.03	
726.044	
726.058	
726.058	
726.072	
726.086	
726.1	
726.1	
726.114	
726.128	
726.128	
726.142	
726.156	
726.17	
726.17	
726.184	
726.198	
726.198	
726.212	
726.226	
726.24	
726.24	
726.254	
726.268	
726.268	
726.282	
726.296	
726.31	
726.31	
726.324	
726.338	
726.338	
726.352	
726.366	
726.38	
726.38	
726.394	
726.408	
726.408	
726.422	
726.436	
726.45	
726.45	
726.464	
726.478	
726.478	
726.492	
726.506	
726.52	
726.52	
726.534	
726.548	
726.548	
726.562	
726.576	
726.59	
726.59	
726.604	
726.618	
726.618	
726.632	
726.646	
726.66	
726.66	
726.674	
726.688	
726.688	
726.702	
726.716	
726.73	
726.73	
726.744	
726.758	
726.758	
726.772	
726.786	
726.8	
726.8	
726.814	
726.828	
726.828	
726.842	
726.856	
726.87	
726.87	
726.884	
726.898	
726.898	
726.912	
726.926	
726.94	
726.94	
726.954	
726.968	
726.968	
726.982	
726.996	
727.01	
727.01	
727.024	
727.038	
727.038	
727.052	
727.066	
727.08	
727.08	
727.094	
727.108	
727.108	
727.122	
727.136	
727.15	
727.15	
727.164	
727.178	
727.178	
727.192	
727.206	
727.22	
727.22	
727.234	
727.248	
727.248	
727.262	
727.276	
727.29	
727.29	
727.304	
727.318	
727.318	
727.332	
727.346	
727.36	
727.36	
727.374	
727.388	
727.388	
727.402	
727.416	
727.43	
727.43	
727.444	
727.458	
727.458	
727.472	
727.486	
727.5	
727.5	
727.514	
727.528	
727.528	
727.542	
727.556	
727.57	
727.57	
727.584	
727.598	
727.598	
727.612	
727.626	
727.64	
727.64	
727.654	
727.668	
727.668	
727.682	
727.696	
