time	joint_joint0	joint_joint1	joint_joint2	joint_joint3	joint_joint4	joint_joint5	joint_joint6	cart_pos_x	cart_pos_y	cart_pos_z	cart_quat_x	cart_quat_y	cart_quat_z	cart_quat_w	force_joint_joint0	force_joint_joint1	force_joint_joint2	force_joint_joint3	force_joint_joint4	force_joint_joint5	force_joint_joint6	cart_force_x	cart_force_y	cart_force_z	cart_trq_x	cart_trq_y	cart_trq_z	
1486254067735	-2.11238	1.63427	-2.13737	1.76069	2.38066	-1.65811	-0.957776	-0.0593829	0.732319	0.336905	-0.00702951	-0.934974	0.0132185	-0.354401	0.539448	-1.49736	0.80633	0.82907	0.202125	0.159654	-0.326306	5.03988	-0.727512	1.20528	0.20373	-0.551212	-0.478483	
1486254067955	-2.11238	1.63427	-2.13737	1.76071	2.38066	-1.65811	-0.957776	-0.059383	0.732317	0.33691	-0.00703252	-0.934972	0.0132145	-0.354404	0.520441	-1.50378	0.8045	0.814454	0.205086	0.15954	-0.327322	5.02742	-0.697299	1.23032	0.203901	-0.552677	-0.479214	
1486254068318	-2.11238	1.63427	-2.13737	1.76071	2.38066	-1.65811	-0.957776	-0.059383	0.732315	0.336912	-0.00703453	-0.934972	0.0132116	-0.354407	0.539217	-1.48291	0.787037	0.825659	0.209754	0.158947	-0.327335	5.00286	-0.729164	1.18408	0.201872	-0.553046	-0.481631	
1486254069715	-2.1141	1.63433	-2.13738	1.76159	2.38119	-1.65826	-0.957776	-0.0599803	0.7323	0.336444	-0.00675817	-0.935231	0.0129311	-0.353737	1.33634	-2.40611	1.56756	0.488636	-0.0273059	0.822042	-0.322694	4.84455	-2.23715	4.64154	0.729576	-0.739045	-0.454826	
1486254069739	-2.11414	1.63436	-2.13738	1.7616	2.3812	-1.65829	-0.957776	-0.0599913	0.732289	0.336466	-0.00677537	-0.93523	0.0129075	-0.353741	1.36572	-2.44033	1.60182	0.48133	-0.0405013	0.857185	-0.324104	4.85146	-2.28633	4.78205	0.755497	-0.751072	-0.451813	
1486254069756	-2.11417	1.63437	-2.13738	1.76161	2.3812	-1.6583	-0.957776	-0.0600103	0.732295	0.336457	-0.00676958	-0.935242	0.0129008	-0.35371	1.3578	-2.45555	1.62074	0.451336	-0.0408204	0.884861	-0.323546	4.79997	-2.28355	4.9185	0.770073	-0.765546	-0.445671	
1486254069916	-2.11434	1.63442	-2.13738	1.76162	2.38125	-1.65841	-0.957776	-0.0600755	0.73231	0.336403	-0.00674296	-0.935282	0.0128968	-0.353604	1.51525	-2.59413	1.7709	0.378471	-0.0804505	1.00219	-0.309085	4.6801	-2.60351	5.5609	0.854184	-0.795163	-0.425207	
1486254069935	-2.11438	1.63444	-2.13738	1.76163	2.38125	-1.65844	-0.957776	-0.0600755	0.73231	0.336403	-0.00674296	-0.935282	0.0128968	-0.353604	1.51268	-2.57752	1.77254	0.365576	-0.0746116	1.0106	-0.306274	4.62229	-2.61485	5.59473	0.851736	-0.802114	-0.419125	
1486254070115	-2.11441	1.63444	-2.13738	1.76166	2.38125	-1.65851	-0.957776	-0.0601255	0.732312	0.336372	-0.00673863	-0.935318	0.0129054	-0.35351	1.52908	-2.55709	1.76206	0.366463	-0.0856384	0.983709	-0.294895	4.56167	-2.64559	5.5112	0.838909	-0.77174	-0.411554	
1486254070726	-2.11441	1.63442	-2.13738	1.76162	2.38125	-1.65851	-0.957776	-0.0601194	0.732313	0.336354	-0.00673017	-0.93532	0.0129287	-0.353503	1.41305	-2.15917	1.38975	0.593163	-0.022556	0.813054	-0.279852	4.52745	-2.26878	4.10337	0.72164	-0.713765	-0.416439	
1486254070757	-2.11441	1.63442	-2.13738	1.76162	2.38125	-1.65851	-0.957776	-0.0601196	0.732313	0.336354	-0.00672989	-0.93532	0.0129287	-0.353503	1.41851	-2.17753	1.40506	0.583583	-0.026533	0.819848	-0.276966	4.5246	-2.27952	4.16389	0.728427	-0.714421	-0.413497	
1486254071117	-2.11441	1.63441	-2.13738	1.76161	2.38125	-1.65851	-0.957776	-0.060119	0.732313	0.336347	-0.00672688	-0.935322	0.0129355	-0.353498	1.47253	-2.07175	1.32333	0.667957	-0.0231625	0.810715	-0.269902	4.49286	-2.31944	3.85019	0.722378	-0.707695	-0.410957	
1486254071405	-2.11441	1.63441	-2.13738	1.76161	2.38125	-1.65851	-0.957776	-0.0601186	0.732313	0.336345	-0.00672632	-0.935322	0.0129382	-0.353498	1.4292	-2.0748	1.31431	0.655415	-0.0157157	0.801953	-0.270941	4.50338	-2.24042	3.84234	0.716694	-0.709657	-0.41171	
1486254071725	-2.11441	1.63441	-2.13738	1.76161	2.38125	-1.65851	-0.957778	-0.0601184	0.732313	0.336344	-0.00672487	-0.935322	0.0129394	-0.353497	1.43526	-2.06823	1.31739	0.649909	-0.0191174	0.803991	-0.269004	4.50222	-2.23408	3.89171	0.723764	-0.705002	-0.411956	
1486254072695	-2.11441	1.63441	-2.13738	1.7616	2.38125	-1.65851	-0.957778	-0.0601179	0.732314	0.336342	-0.00672336	-0.935323	0.0129421	-0.353495	1.41708	-2.09938	1.32807	0.6268	-0.0208355	0.798624	-0.270667	4.47827	-2.2327	3.91037	0.717835	-0.701492	-0.411646	
1486254072757	-2.11441	1.63441	-2.13738	1.7616	2.38125	-1.65851	-0.957778	-0.0601179	0.732314	0.336342	-0.006723	-0.935323	0.0129426	-0.353495	1.42057	-2.09567	1.32818	0.630685	-0.0203388	0.800059	-0.270018	4.47967	-2.23785	3.90567	0.717824	-0.703034	-0.410691	
1486254073675	-2.11441	1.63441	-2.13738	1.7616	2.38125	-1.65851	-0.957778	-0.0601175	0.732315	0.33634	-0.00672239	-0.935323	0.012944	-0.353495	1.4321	-2.08485	1.32161	0.629584	-0.0164014	0.802062	-0.270401	4.44924	-2.26574	3.90241	0.716388	-0.704569	-0.41197	
1486254073965	-2.11441	1.63441	-2.13738	1.76159	2.38125	-1.65851	-0.957778	-0.0601175	0.732315	0.33634	-0.00672208	-0.935323	0.0129445	-0.353494	1.41586	-2.09565	1.32232	0.628599	-0.0181451	0.797464	-0.270049	4.4761	-2.22782	3.89868	0.717141	-0.702423	-0.411993	
1486254074015	-2.11441	1.63441	-2.13738	1.76159	2.38125	-1.65851	-0.957778	-0.0601175	0.732315	0.33634	-0.00672208	-0.935323	0.0129445	-0.353494	1.41126	-2.10462	1.32532	0.624175	-0.0180372	0.797045	-0.271129	4.48456	-2.22061	3.91416	0.718072	-0.702615	-0.413549	
1486254074735	-2.11441	1.63441	-2.13738	1.76159	2.38125	-1.65851	-0.957778	-0.0601173	0.732315	0.336339	-0.00672152	-0.935323	0.0129453	-0.353494	1.42032	-2.0975	1.3237	0.624069	-0.0157933	0.796082	-0.271098	4.46745	-2.24443	3.90959	0.715049	-0.702264	-0.414128	
1486254074747	-2.11441	1.63441	-2.13738	1.76159	2.38125	-1.65851	-0.957778	-0.0601173	0.732315	0.336339	-0.00672152	-0.935323	0.0129453	-0.353494	1.43643	-2.09882	1.32655	0.631068	-0.0185027	0.797859	-0.271274	4.47433	-2.27176	3.90684	0.717122	-0.701196	-0.415082	
1486254075005	-2.11441	1.63441	-2.13738	1.76159	2.38125	-1.65851	-0.957778	-0.0601173	0.732315	0.336339	-0.00672118	-0.935323	0.0129457	-0.353493	1.403	-2.09814	1.32631	0.62439	-0.0184171	0.79462	-0.272254	4.48626	-2.21018	3.90133	0.713905	-0.702045	-0.412508	
1486254075445	-2.11441	1.63441	-2.13738	1.76159	2.38125	-1.65851	-0.95778	-0.0601173	0.732316	0.336338	-0.00671973	-0.935324	0.0129457	-0.353492	1.41088	-2.08072	1.32104	0.629589	-0.0169084	0.797539	-0.272152	4.46506	-2.22755	3.88202	0.711873	-0.704042	-0.410958	
