time	
2295.4	
2295.41	
2295.42	
2295.44	
2295.44	
2295.45	
2295.47	
2295.47	
2295.48	
2295.49	
2295.51	
2295.51	
2295.52	
2295.54	
2295.54	
2295.55	
2295.56	
2295.58	
2295.58	
2295.59	
2295.61	
2295.61	
2295.62	
2295.63	
2295.65	
2295.65	
2295.66	
2295.68	
2295.68	
2295.69	
2295.7	
2295.72	
2295.72	
2295.73	
2295.75	
2295.75	
2295.76	
2295.77	
2295.79	
2295.79	
2295.8	
2295.82	
2295.82	
2295.83	
2295.84	
2295.86	
2295.86	
2295.87	
2295.89	
2295.89	
2295.9	
2295.91	
2295.93	
2295.93	
2295.94	
2295.96	
2295.96	
2295.97	
2295.98	
2296	
2296	
2296.01	
2296.03	
2296.03	
2296.04	
2296.05	
2296.07	
2296.07	
2296.08	
2296.1	
2296.1	
2296.11	
2296.12	
2296.14	
2296.14	
2296.15	
2296.17	
2296.17	
2296.18	
2296.19	
2296.21	
2296.21	
2296.22	
2296.24	
2296.24	
2296.25	
2296.26	
2296.28	
2296.28	
2296.29	
2296.31	
2296.31	
2296.32	
2296.33	
2296.35	
2296.35	
2296.36	
2296.38	
2296.38	
2296.39	
2296.4	
2296.42	
2296.42	
2296.43	
2296.45	
2296.45	
2296.46	
2296.47	
2296.49	
2296.49	
2296.5	
2296.52	
2296.52	
2296.53	
2296.54	
2296.56	
2296.56	
2296.57	
2296.59	
2296.59	
2296.6	
2296.61	
2296.63	
2296.63	
2296.64	
2296.66	
2296.66	
2296.67	
2296.68	
2296.7	
2296.7	
2296.71	
2296.73	
2296.73	
2296.74	
2296.75	
2296.77	
2296.77	
2296.78	
2296.8	
2296.8	
2296.81	
2296.82	
2296.84	
2296.84	
2296.85	
2296.87	
2296.87	
2296.88	
2296.89	
2296.91	
2296.91	
2296.92	
2296.94	
2296.94	
2296.95	
2296.96	
2296.98	
2296.98	
2296.99	
2297.01	
2297.01	
2297.02	
2297.03	
2297.05	
2297.05	
2297.06	
2297.08	
2297.08	
2297.09	
2297.1	
2297.12	
2297.12	
2297.13	
2297.15	
2297.15	
2297.16	
2297.17	
2297.19	
2297.19	
2297.2	
2297.22	
2297.22	
2297.23	
2297.24	
2297.26	
2297.26	
2297.27	
2297.29	
2297.29	
2297.3	
2297.31	
2297.33	
2297.33	
2297.34	
2297.36	
2297.36	
2297.37	
2297.38	
2297.4	
2297.4	
2297.41	
2297.43	
2297.43	
2297.44	
2297.45	
2297.47	
2297.47	
2297.48	
2297.5	
2297.5	
2297.51	
2297.52	
2297.54	
2297.54	
2297.55	
2297.57	
2297.57	
2297.58	
2297.59	
2297.61	
2297.61	
2297.62	
2297.64	
2297.64	
2297.65	
2297.66	
2297.68	
2297.68	
2297.69	
2297.71	
2297.71	
2297.72	
2297.73	
2297.75	
2297.75	
2297.76	
2297.78	
2297.78	
2297.79	
2297.8	
2297.82	
2297.82	
2297.83	
2297.85	
2297.85	
2297.86	
2297.87	
2297.89	
2297.89	
2297.9	
2297.92	
2297.92	
2297.93	
2297.94	
2297.96	
2297.96	
2297.97	
2297.99	
2297.99	
2298	
2298.01	
2298.03	
2298.03	
2298.04	
2298.06	
2298.06	
2298.07	
2298.08	
2298.1	
2298.1	
2298.11	
2298.13	
2298.13	
2298.14	
2298.15	
2298.17	
2298.17	
2298.18	
2298.2	
2298.2	
2298.21	
2298.22	
2298.24	
2298.24	
2298.25	
2298.27	
2298.27	
2298.28	
2298.29	
2298.31	
2298.31	
2298.32	
2298.34	
2298.34	
2298.35	
2298.36	
2298.38	
2298.38	
2298.39	
2298.41	
2298.41	
2298.42	
2298.43	
2298.45	
2298.45	
2298.46	
2298.48	
2298.48	
2298.49	
2298.5	
2298.52	
2298.52	
2298.53	
2298.55	
2298.55	
2298.56	
2298.57	
2298.59	
2298.59	
2298.6	
2298.62	
2298.62	
2298.63	
2298.64	
2298.66	
2298.66	
2298.67	
2298.69	
2298.69	
2298.7	
2298.71	
2298.73	
2298.73	
2298.74	
2298.76	
2298.76	
2298.77	
2298.78	
2298.8	
2298.8	
2298.81	
2298.83	
2298.83	
2298.84	
2298.85	
2298.87	
2298.87	
2298.88	
2298.9	
2298.9	
2298.91	
2298.92	
2298.94	
2298.94	
2298.95	
2298.97	
2298.97	
2298.98	
2298.99	
2299.01	
2299.01	
2299.02	
2299.04	
2299.04	
2299.05	
2299.06	
2299.08	
2299.08	
2299.09	
2299.11	
2299.11	
2299.12	
2299.13	
2299.15	
2299.15	
2299.16	
2299.18	
2299.18	
2299.19	
2299.2	
2299.22	
2299.22	
2299.23	
2299.25	
2299.25	
2299.26	
2299.27	
2299.29	
2299.29	
2299.3	
2299.32	
2299.32	
2299.33	
2299.34	
2299.36	
2299.36	
2299.37	
2299.39	
2299.39	
2299.4	
2299.41	
2299.43	
2299.43	
2299.44	
2299.46	
2299.46	
2299.47	
2299.48	
2299.5	
2299.5	
2299.51	
2299.53	
2299.53	
2299.54	
2299.55	
2299.57	
2299.57	
2299.58	
2299.6	
2299.6	
2299.61	
2299.62	
2299.64	
2299.64	
2299.65	
2299.67	
2299.67	
2299.68	
2299.69	
2299.71	
2299.71	
2299.72	
2299.74	
2299.74	
2299.75	
2299.76	
2299.78	
2299.78	
2299.79	
2299.81	
2299.81	
2299.82	
2299.83	
2299.85	
2299.85	
2299.86	
2299.88	
2299.88	
2299.89	
2299.9	
2299.92	
2299.92	
2299.93	
2299.95	
2299.95	
2299.96	
2299.97	
2299.99	
2299.99	
2300	
2300.02	
2300.02	
2300.03	
2300.04	
2300.06	
2300.06	
2300.07	
2300.09	
2300.09	
2300.1	
2300.11	
2300.13	
2300.13	
2300.14	
2300.16	
2300.16	
2300.17	
2300.18	
2300.2	
2300.2	
2300.21	
2300.23	
2300.23	
2300.24	
2300.25	
2300.27	
2300.27	
2300.28	
2300.3	
2300.3	
2300.31	
2300.32	
2300.34	
2300.34	
2300.35	
2300.37	
2300.37	
2300.38	
2300.39	
2300.41	
2300.41	
2300.42	
2300.44	
2300.44	
2300.45	
2300.46	
2300.48	
2300.48	
2300.49	
2300.51	
2300.51	
2300.52	
2300.53	
2300.55	
2300.55	
2300.56	
2300.58	
2300.58	
2300.59	
2300.6	
2300.62	
2300.62	
2300.63	
2300.65	
2300.65	
2300.66	
2300.67	
2300.69	
2300.69	
2300.7	
2300.72	
2300.72	
2300.73	
2300.74	
2300.76	
2300.76	
2300.77	
2300.79	
2300.79	
2300.8	
2300.81	
2300.83	
2300.83	
2300.84	
2300.86	
2300.86	
2300.87	
2300.88	
2300.9	
2300.9	
2300.91	
2300.93	
2300.93	
2300.94	
2300.95	
2300.97	
2300.97	
2300.98	
2301	
2301	
2301.01	
2301.02	
2301.04	
2301.04	
2301.05	
2301.07	
2301.07	
2301.08	
2301.09	
2301.11	
2301.11	
2301.12	
2301.14	
2301.14	
2301.15	
2301.16	
2301.18	
2301.18	
2301.19	
2301.21	
2301.21	
2301.22	
2301.23	
2301.25	
2301.25	
2301.26	
2301.28	
2301.28	
2301.29	
2301.3	
2301.32	
2301.32	
2301.33	
2301.35	
2301.35	
2301.36	
2301.37	
2301.39	
2301.39	
2301.4	
2301.42	
2301.42	
2301.43	
2301.44	
2301.46	
2301.46	
2301.47	
2301.49	
2301.49	
2301.5	
2301.51	
2301.53	
2301.53	
2301.54	
2301.56	
2301.56	
2301.57	
2301.58	
2301.6	
2301.6	
2301.61	
2301.63	
2301.63	
2301.64	
2301.65	
2301.67	
2301.67	
2301.68	
2301.7	
2301.7	
2301.71	
2301.72	
2301.74	
2301.74	
2301.75	
2301.77	
2301.77	
2301.78	
2301.79	
2301.81	
2301.81	
2301.82	
2301.84	
2301.84	
2301.85	
2301.86	
2301.88	
2301.88	
2301.89	
2301.91	
2301.91	
2301.92	
2301.93	
2301.95	
2301.95	
2301.96	
2301.98	
2301.98	
2301.99	
2302	
2302.02	
2302.02	
2302.03	
2302.05	
2302.05	
2302.06	
2302.07	
2302.09	
2302.09	
2302.1	
2302.12	
2302.12	
2302.13	
2302.14	
2302.16	
2302.16	
2302.17	
2302.19	
2302.19	
2302.2	
2302.21	
2302.23	
2302.23	
2302.24	
2302.26	
2302.26	
2302.27	
2302.28	
2302.3	
2302.3	
2302.31	
2302.33	
2302.33	
2302.34	
2302.35	
2302.37	
2302.37	
2302.38	
2302.4	
2302.4	
2302.41	
2302.42	
2302.44	
2302.44	
2302.45	
2302.47	
2302.47	
2302.48	
2302.49	
2302.51	
2302.51	
2302.52	
2302.54	
2302.54	
2302.55	
2302.56	
2302.58	
2302.58	
2302.59	
2302.61	
2302.61	
2302.62	
2302.63	
2302.65	
2302.65	
2302.66	
2302.68	
2302.68	
2302.69	
2302.7	
2302.72	
2302.72	
2302.73	
2302.75	
2302.75	
2302.76	
2302.77	
2302.79	
2302.79	
2302.8	
2302.82	
2302.82	
2302.83	
2302.84	
2302.86	
2302.86	
2302.87	
2302.89	
2302.89	
2302.9	
2302.91	
2302.93	
2302.93	
2302.94	
2302.96	
2302.96	
2302.97	
2302.98	
2303	
2303	
2303.01	
2303.03	
2303.03	
2303.04	
2303.05	
2303.07	
2303.07	
2303.08	
2303.1	
2303.1	
2303.11	
2303.12	
2303.14	
2303.14	
2303.15	
2303.17	
2303.17	
2303.18	
2303.19	
2303.21	
2303.21	
2303.22	
2303.24	
2303.24	
2303.25	
2303.26	
2303.28	
2303.28	
2303.29	
2303.31	
2303.31	
2303.32	
2303.33	
2303.35	
2303.35	
2303.36	
2303.38	
2303.38	
2303.39	
2303.4	
2303.42	
2303.42	
2303.43	
2303.45	
2303.45	
2303.46	
2303.47	
2303.49	
2303.49	
2303.5	
2303.52	
2303.52	
2303.53	
2303.54	
2303.56	
2303.56	
2303.57	
2303.59	
2303.59	
2303.6	
2303.61	
2303.63	
2303.63	
2303.64	
2303.66	
2303.66	
2303.67	
2303.68	
2303.7	
2303.7	
2303.71	
2303.73	
2303.73	
2303.74	
2303.75	
2303.77	
2303.77	
2303.78	
2303.8	
2303.8	
2303.81	
2303.82	
2303.84	
2303.84	
2303.85	
2303.87	
2303.87	
2303.88	
2303.89	
2303.91	
2303.91	
2303.92	
2303.94	
2303.94	
2303.95	
2303.96	
2303.98	
2303.98	
2303.99	
2304.01	
2304.01	
2304.02	
2304.03	
2304.05	
2304.05	
2304.06	
2304.08	
2304.08	
2304.09	
2304.1	
2304.12	
2304.12	
2304.13	
2304.15	
2304.15	
2304.16	
2304.17	
2304.19	
2304.19	
2304.2	
2304.22	
2304.22	
2304.23	
2304.24	
2304.26	
2304.26	
2304.27	
2304.29	
2304.29	
2304.3	
2304.31	
2304.33	
2304.33	
2304.34	
2304.36	
2304.36	
2304.37	
2304.38	
2304.4	
2304.4	
2304.41	
2304.43	
2304.43	
2304.44	
2304.45	
2304.47	
2304.47	
2304.48	
2304.5	
2304.5	
2304.51	
2304.52	
2304.54	
2304.54	
2304.55	
2304.57	
2304.57	
2304.58	
2304.59	
2304.61	
2304.61	
2304.62	
2304.64	
2304.64	
2304.65	
2304.66	
2304.68	
2304.68	
2304.69	
2304.71	
2304.71	
2304.72	
2304.73	
2304.75	
2304.75	
2304.76	
2304.78	
2304.78	
2304.79	
2304.8	
2304.82	
2304.82	
2304.83	
2304.85	
2304.85	
2304.86	
2304.87	
2304.89	
2304.89	
2304.9	
2304.92	
2304.92	
2304.93	
2304.94	
2304.96	
2304.96	
2304.97	
2304.99	
2304.99	
2305	
2305.01	
2305.03	
2305.03	
2305.04	
2305.06	
2305.06	
2305.07	
2305.08	
2305.1	
2305.1	
2305.11	
2305.13	
2305.13	
2305.14	
2305.15	
2305.17	
2305.17	
2305.18	
2305.2	
2305.2	
2305.21	
2305.22	
2305.24	
2305.24	
2305.25	
2305.27	
2305.27	
2305.28	
2305.29	
2305.31	
2305.31	
2305.32	
2305.34	
2305.34	
2305.35	
2305.36	
2305.38	
2305.38	
2305.39	
2305.41	
2305.41	
2305.42	
2305.43	
2305.45	
2305.45	
2305.46	
2305.48	
2305.48	
2305.49	
2305.5	
2305.52	
2305.52	
2305.53	
2305.55	
2305.55	
2305.56	
2305.57	
2305.59	
2305.59	
2305.6	
2305.62	
2305.62	
2305.63	
2305.64	
2305.66	
2305.66	
2305.67	
2305.69	
2305.69	
2305.7	
2305.71	
2305.73	
2305.73	
2305.74	
2305.76	
2305.76	
2305.77	
2305.78	
2305.8	
2305.8	
2305.81	
2305.83	
2305.83	
2305.84	
2305.85	
2305.87	
2305.87	
2305.88	
2305.9	
2305.9	
2305.91	
2305.92	
2305.94	
2305.94	
2305.95	
2305.97	
2305.97	
2305.98	
2305.99	
2306.01	
2306.01	
2306.02	
2306.04	
2306.04	
2306.05	
2306.06	
2306.08	
2306.08	
2306.09	
2306.11	
2306.11	
2306.12	
2306.13	
2306.15	
2306.15	
2306.16	
2306.18	
2306.18	
2306.19	
2306.2	
2306.22	
2306.22	
2306.23	
2306.25	
2306.25	
2306.26	
2306.27	
2306.29	
2306.29	
2306.3	
2306.32	
2306.32	
2306.33	
2306.34	
2306.36	
2306.36	
2306.37	
2306.39	
2306.39	
2306.4	
2306.41	
2306.43	
2306.43	
2306.44	
2306.46	
2306.46	
2306.47	
2306.48	
2306.5	
2306.5	
2306.51	
2306.53	
2306.53	
2306.54	
2306.55	
2306.57	
2306.57	
2306.58	
2306.6	
2306.6	
2306.61	
2306.62	
2306.64	
2306.64	
2306.65	
2306.67	
2306.67	
2306.68	
2306.69	
2306.71	
2306.71	
2306.72	
2306.74	
2306.74	
2306.75	
2306.76	
2306.78	
2306.78	
2306.79	
2306.81	
2306.81	
2306.82	
2306.83	
2306.85	
2306.85	
2306.86	
2306.88	
2306.88	
2306.89	
2306.9	
2306.92	
2306.92	
2306.93	
2306.95	
2306.95	
2306.96	
2306.97	
2306.99	
2306.99	
2307	
2307.02	
2307.02	
2307.03	
2307.04	
2307.06	
2307.06	
2307.07	
2307.09	
2307.09	
2307.1	
2307.11	
2307.13	
2307.13	
2307.14	
2307.16	
2307.16	
2307.17	
2307.18	
2307.2	
2307.2	
2307.21	
2307.23	
2307.23	
2307.24	
2307.25	
2307.27	
2307.27	
2307.28	
2307.3	
2307.3	
2307.31	
2307.32	
2307.34	
2307.34	
2307.35	
2307.37	
2307.37	
2307.38	
2307.39	
2307.41	
2307.41	
2307.42	
2307.44	
2307.44	
2307.45	
2307.46	
2307.48	
2307.48	
2307.49	
2307.51	
2307.51	
2307.52	
2307.53	
2307.55	
2307.55	
2307.56	
2307.58	
2307.58	
2307.59	
2307.6	
2307.62	
2307.62	
2307.63	
2307.65	
2307.65	
2307.66	
2307.67	
2307.69	
2307.69	
2307.7	
2307.72	
2307.72	
2307.73	
2307.74	
2307.76	
2307.76	
2307.77	
2307.79	
2307.79	
2307.8	
2307.81	
2307.83	
2307.83	
2307.84	
2307.86	
2307.86	
2307.87	
2307.88	
2307.9	
2307.9	
2307.91	
2307.93	
2307.93	
2307.94	
2307.95	
2307.97	
2307.97	
2307.98	
2308	
2308	
2308.01	
2308.02	
2308.04	
2308.04	
2308.05	
2308.07	
2308.07	
2308.08	
2308.09	
2308.11	
2308.11	
2308.12	
2308.14	
2308.14	
2308.15	
2308.16	
2308.18	
2308.18	
2308.19	
2308.21	
2308.21	
2308.22	
2308.23	
2308.25	
2308.25	
2308.26	
2308.28	
2308.28	
2308.29	
2308.3	
2308.32	
2308.32	
2308.33	
2308.35	
2308.35	
2308.36	
