time	
800.496	
800.496	
800.51	
800.524	
800.524	
800.538	
800.552	
800.566	
800.566	
800.58	
800.594	
800.594	
800.608	
800.622	
800.636	
800.636	
800.65	
800.664	
800.664	
800.678	
800.692	
800.706	
800.706	
800.72	
800.734	
800.734	
800.748	
800.762	
800.776	
800.776	
800.79	
800.804	
800.804	
800.818	
800.832	
800.846	
800.846	
800.86	
800.874	
800.874	
800.888	
800.902	
800.916	
800.916	
800.93	
800.944	
800.944	
800.958	
800.972	
800.986	
800.986	
801	
801.014	
801.014	
801.028	
801.042	
801.056	
801.056	
801.07	
801.084	
801.084	
801.098	
801.112	
801.126	
801.126	
801.14	
801.154	
801.154	
801.168	
801.182	
801.196	
801.196	
801.21	
801.224	
801.224	
801.238	
801.252	
801.266	
801.266	
801.28	
801.294	
801.294	
801.308	
801.322	
801.336	
801.364	
801.364	
801.378	
801.378	
801.406	
801.406	
801.42	
801.42	
801.434	
801.448	
801.448	
801.462	
801.476	
801.49	
801.504	
801.504	
801.518	
801.518	
801.532	
801.546	
801.56	
801.56	
801.574	
801.588	
801.602	
801.602	
801.616	
801.63	
801.63	
801.644	
801.658	
801.672	
801.672	
801.686	
801.7	
801.7	
801.714	
801.728	
801.728	
801.742	
801.756	
801.77	
801.77	
801.784	
801.798	
801.798	
801.812	
801.826	
801.84	
801.84	
801.854	
801.868	
801.868	
801.882	
801.896	
801.91	
801.91	
801.924	
801.938	
801.938	
801.952	
801.966	
801.98	
801.98	
801.994	
802.008	
802.008	
802.022	
802.036	
802.05	
802.05	
802.064	
802.078	
802.078	
802.092	
802.106	
802.12	
802.12	
802.134	
802.148	
802.148	
802.162	
802.176	
802.19	
802.19	
802.204	
802.218	
802.218	
802.232	
802.246	
802.26	
802.26	
802.274	
802.288	
802.288	
802.302	
802.316	
802.33	
802.33	
802.344	
802.358	
802.358	
802.372	
802.386	
802.4	
802.4	
802.414	
802.428	
802.428	
802.442	
802.456	
802.47	
802.47	
802.484	
802.498	
802.498	
802.512	
802.526	
802.54	
802.54	
802.554	
802.568	
802.568	
802.582	
802.596	
802.61	
802.61	
802.624	
802.638	
802.638	
802.652	
802.666	
802.68	
802.68	
802.694	
802.708	
802.708	
802.722	
802.736	
802.75	
802.75	
802.764	
802.778	
802.778	
802.792	
802.806	
802.82	
802.82	
802.834	
802.848	
802.848	
802.862	
802.876	
802.89	
802.89	
802.904	
802.918	
802.918	
802.932	
802.946	
802.96	
802.96	
802.974	
802.988	
802.988	
803.002	
803.016	
803.03	
803.03	
803.044	
803.058	
803.058	
803.072	
803.086	
803.1	
803.1	
803.114	
803.128	
803.128	
803.142	
803.156	
803.17	
803.17	
803.184	
803.198	
803.198	
803.212	
803.226	
803.24	
803.24	
803.254	
803.268	
803.268	
803.282	
803.296	
803.31	
803.31	
803.324	
803.338	
803.338	
803.352	
803.366	
803.38	
803.38	
803.394	
803.408	
803.408	
803.422	
803.436	
803.45	
803.45	
803.464	
803.478	
803.478	
803.492	
803.506	
803.52	
803.52	
803.534	
803.548	
803.548	
803.562	
803.576	
803.59	
803.59	
803.604	
803.618	
803.618	
803.632	
803.646	
803.66	
803.66	
803.674	
803.688	
803.688	
803.702	
803.716	
803.73	
803.73	
803.744	
803.758	
803.758	
803.772	
803.786	
803.8	
803.8	
803.814	
803.828	
803.828	
803.842	
803.856	
803.87	
803.87	
803.884	
803.898	
803.898	
803.912	
803.926	
803.94	
803.94	
803.954	
803.968	
803.968	
803.982	
803.996	
804.01	
804.01	
804.024	
804.038	
804.038	
804.052	
804.066	
804.08	
804.08	
804.094	
804.108	
804.108	
804.122	
804.136	
804.15	
804.15	
804.164	
804.178	
804.178	
804.192	
804.206	
804.22	
804.22	
804.234	
804.248	
804.248	
804.262	
804.276	
804.29	
804.29	
804.304	
804.318	
804.318	
804.332	
804.346	
804.36	
804.36	
804.374	
804.388	
804.388	
804.402	
804.416	
804.43	
804.43	
804.444	
804.458	
804.458	
804.472	
804.486	
804.5	
804.5	
804.514	
804.528	
804.528	
804.542	
804.556	
804.57	
804.57	
804.584	
804.598	
804.598	
804.612	
804.626	
804.64	
804.64	
804.654	
804.668	
804.682	
804.682	
804.696	
804.71	
804.71	
804.724	
804.738	
804.738	
804.752	
804.766	
804.78	
804.78	
804.794	
804.808	
804.808	
804.822	
804.836	
804.85	
804.85	
804.864	
804.878	
804.878	
804.892	
804.906	
804.92	
804.92	
804.934	
804.948	
804.948	
804.962	
804.976	
804.99	
804.99	
805.004	
805.018	
805.018	
805.032	
805.046	
805.06	
805.06	
805.074	
805.088	
805.088	
805.102	
805.13	
805.13	
805.13	
805.144	
805.158	
805.158	
805.172	
805.186	
805.2	
805.2	
805.214	
805.228	
805.228	
805.242	
805.256	
805.27	
805.27	
805.284	
805.298	
805.298	
805.312	
805.326	
805.34	
805.34	
805.354	
805.368	
805.368	
805.382	
805.396	
805.41	
805.41	
805.424	
805.438	
805.438	
805.452	
805.466	
805.48	
805.48	
805.494	
805.508	
805.508	
805.522	
805.536	
805.55	
805.55	
805.564	
805.578	
805.578	
805.592	
805.606	
805.62	
805.62	
805.634	
805.648	
805.648	
805.662	
805.676	
805.69	
805.69	
805.704	
805.718	
805.718	
805.732	
805.746	
805.76	
805.76	
805.774	
805.788	
805.788	
805.802	
805.816	
805.83	
805.83	
805.844	
805.858	
805.858	
805.872	
805.886	
805.9	
805.9	
805.914	
805.928	
805.928	
805.942	
805.956	
805.97	
805.97	
805.984	
805.998	
805.998	
