time	
648.424	
648.424	
648.438	
648.452	
648.452	
648.466	
648.48	
648.494	
648.494	
648.508	
648.522	
648.522	
648.536	
648.55	
648.564	
648.564	
648.578	
648.592	
648.592	
648.606	
648.62	
648.634	
648.634	
648.648	
648.662	
648.662	
648.676	
648.69	
648.704	
648.704	
648.718	
648.732	
648.732	
648.746	
648.76	
648.774	
648.774	
648.788	
648.802	
648.802	
648.816	
648.83	
648.844	
648.844	
648.858	
648.872	
648.872	
648.886	
648.9	
648.914	
648.914	
648.928	
648.942	
648.942	
648.956	
648.97	
648.984	
648.984	
648.998	
649.012	
649.012	
649.026	
649.04	
649.054	
649.054	
649.068	
649.082	
649.082	
649.096	
649.11	
649.124	
649.124	
649.138	
649.152	
649.152	
649.166	
649.18	
649.194	
649.194	
649.208	
649.222	
649.222	
649.236	
649.25	
649.264	
649.264	
649.278	
649.292	
649.292	
649.306	
649.32	
649.334	
649.334	
649.348	
649.362	
649.362	
649.376	
649.39	
649.404	
649.404	
649.418	
649.432	
649.432	
649.446	
649.46	
649.474	
649.474	
649.488	
649.502	
649.502	
649.516	
649.53	
649.544	
649.544	
649.558	
649.572	
649.572	
649.586	
649.6	
649.614	
649.614	
649.628	
649.642	
649.642	
649.656	
649.67	
649.684	
649.684	
649.698	
649.712	
649.712	
649.726	
649.74	
649.754	
649.754	
649.768	
649.782	
649.782	
649.796	
649.81	
649.824	
649.824	
649.838	
649.852	
649.852	
649.866	
649.88	
649.894	
649.894	
649.908	
649.922	
649.922	
649.936	
649.95	
649.964	
649.964	
649.978	
649.992	
649.992	
650.006	
650.02	
650.034	
650.034	
650.048	
650.062	
650.062	
650.076	
650.09	
650.104	
650.104	
650.118	
650.132	
650.132	
650.146	
650.16	
650.174	
650.174	
650.188	
650.202	
650.202	
650.216	
650.23	
650.244	
650.244	
650.258	
650.272	
650.272	
650.286	
650.3	
650.314	
650.314	
650.328	
650.342	
650.342	
650.356	
650.37	
650.384	
650.384	
650.398	
650.412	
650.412	
650.426	
650.44	
650.454	
650.454	
650.468	
650.482	
650.482	
650.496	
650.51	
650.524	
650.524	
650.538	
650.552	
650.552	
650.566	
650.58	
650.594	
650.594	
650.608	
650.622	
650.622	
650.636	
650.65	
650.664	
650.664	
650.678	
650.692	
650.692	
650.706	
650.72	
650.734	
650.734	
650.748	
650.762	
650.762	
650.776	
650.79	
650.804	
650.804	
650.818	
650.832	
650.832	
650.846	
650.86	
650.874	
650.874	
650.888	
650.902	
650.902	
650.916	
650.93	
650.944	
650.944	
650.958	
650.972	
650.972	
650.986	
651	
651.014	
651.014	
651.028	
651.042	
651.042	
651.056	
651.07	
651.084	
651.084	
651.098	
651.112	
651.112	
651.126	
651.14	
651.154	
651.154	
651.168	
651.182	
651.182	
651.196	
651.21	
651.224	
651.224	
651.238	
651.252	
651.252	
651.266	
651.28	
651.294	
651.294	
651.308	
651.322	
651.322	
651.336	
651.35	
651.364	
651.364	
651.378	
651.392	
651.392	
651.406	
651.42	
651.434	
651.434	
651.448	
651.462	
651.462	
651.476	
651.49	
651.504	
651.504	
651.518	
651.532	
651.532	
651.546	
651.56	
651.574	
651.574	
651.588	
651.602	
651.602	
651.616	
651.63	
651.644	
651.644	
651.658	
651.672	
651.672	
651.686	
651.7	
651.714	
651.714	
651.728	
651.742	
651.742	
651.756	
651.77	
651.784	
651.784	
651.798	
651.812	
651.812	
651.826	
651.84	
651.854	
651.854	
651.868	
651.882	
651.882	
651.896	
651.91	
651.924	
651.924	
651.938	
651.952	
651.952	
651.966	
651.98	
651.994	
651.994	
652.008	
652.022	
652.022	
652.036	
652.05	
652.064	
652.064	
652.078	
652.092	
652.092	
652.106	
652.12	
652.134	
652.134	
652.148	
652.162	
652.162	
652.176	
652.19	
652.204	
652.204	
652.218	
652.232	
652.232	
652.246	
652.26	
652.274	
652.274	
652.288	
652.302	
652.302	
652.316	
652.33	
652.344	
652.344	
652.358	
652.372	
652.372	
652.386	
652.4	
652.414	
652.414	
652.428	
652.442	
652.442	
652.456	
652.47	
652.484	
652.484	
652.498	
652.512	
652.512	
652.526	
652.54	
652.554	
652.554	
652.568	
652.582	
652.582	
652.596	
652.61	
652.624	
652.624	
652.638	
652.652	
652.652	
652.666	
652.68	
652.694	
652.694	
652.708	
652.722	
652.722	
652.745	
652.766	
652.766	
652.766	
652.781	
652.794	
652.794	
652.806	
652.829	
652.844	
652.844	
652.862	
652.862	
652.876	
652.89	
652.89	
652.904	
652.904	
652.918	
652.932	
652.932	
652.946	
652.96	
652.974	
652.974	
652.988	
653.002	
653.002	
653.016	
653.03	
653.044	
653.044	
653.058	
653.072	
653.072	
653.086	
653.1	
653.114	
653.114	
653.128	
653.142	
653.142	
653.156	
653.17	
653.184	
653.184	
653.198	
653.212	
653.212	
653.226	
653.24	
653.254	
653.254	
653.268	
653.282	
653.282	
653.296	
653.31	
653.324	
653.324	
653.338	
653.352	
653.352	
653.366	
653.38	
653.394	
653.394	
653.408	
653.422	
653.422	
653.436	
653.45	
653.464	
653.464	
653.478	
653.492	
653.492	
653.52	
653.534	
653.534	
653.534	
653.548	
653.562	
653.562	
653.576	
653.59	
653.604	
653.604	
653.618	
653.632	
653.632	
653.646	
653.66	
653.674	
653.674	
653.688	
653.702	
653.702	
653.716	
653.73	
653.744	
653.744	
653.758	
653.772	
653.772	
653.786	
653.8	
653.814	
653.814	
653.828	
653.842	
653.842	
653.856	
653.87	
653.884	
653.884	
653.898	
653.912	
653.912	
653.926	
653.94	
653.954	
653.954	
653.968	
653.982	
653.982	
653.996	
654.01	
654.024	
654.024	
654.038	
654.052	
654.052	
654.066	
654.08	
654.094	
654.094	
654.108	
654.122	
654.122	
654.136	
654.15	
654.164	
654.164	
654.178	
654.192	
654.192	
654.206	
654.22	
654.234	
654.234	
654.248	
654.262	
654.262	
654.276	
654.29	
654.304	
654.304	
654.318	
654.332	
654.332	
654.346	
654.36	
654.374	
654.374	
654.388	
654.402	
654.402	
654.416	
654.43	
654.444	
654.444	
654.458	
654.472	
654.472	
654.486	
654.5	
654.514	
654.514	
654.528	
654.542	
654.542	
654.556	
654.57	
654.584	
654.584	
654.598	
654.612	
654.612	
654.626	
654.64	
654.654	
654.654	
654.668	
654.682	
654.682	
654.696	
654.71	
654.724	
654.724	
654.738	
654.752	
654.752	
654.766	
654.78	
654.794	
654.794	
654.808	
654.822	
654.822	
654.836	
654.85	
654.864	
654.864	
654.878	
654.892	
654.892	
654.906	
654.92	
654.934	
654.934	
654.948	
654.962	
654.962	
654.976	
654.99	
655.004	
655.004	
655.018	
655.032	
655.032	
655.046	
655.06	
655.074	
655.074	
655.088	
655.102	
655.102	
655.116	
655.13	
655.144	
655.144	
655.158	
655.172	
655.172	
655.186	
655.2	
655.214	
655.214	
655.228	
655.242	
655.242	
655.256	
655.27	
655.284	
655.284	
655.298	
655.312	
655.312	
655.326	
655.34	
655.354	
655.354	
655.368	
655.382	
655.382	
655.396	
655.41	
655.424	
655.424	
655.438	
655.452	
655.452	
655.466	
655.48	
655.494	
655.494	
655.508	
655.522	
655.522	
655.536	
655.55	
655.564	
655.564	
655.578	
655.592	
655.592	
655.606	
655.62	
655.634	
655.634	
655.648	
655.662	
655.662	
655.676	
655.69	
655.704	
655.704	
655.718	
655.732	
655.732	
655.746	
655.76	
655.774	
655.774	
655.788	
655.802	
655.802	
655.816	
655.83	
655.844	
655.844	
655.858	
655.872	
655.872	
655.886	
655.9	
655.914	
655.914	
655.928	
655.942	
655.942	
655.956	
655.97	
655.984	
655.984	
655.998	
656.012	
656.012	
656.026	
656.04	
656.054	
656.054	
656.068	
656.082	
656.082	
656.096	
656.11	
656.124	
656.124	
656.138	
656.152	
656.152	
656.166	
656.18	
656.194	
656.194	
656.208	
656.222	
656.222	
656.236	
656.25	
656.264	
656.264	
656.278	
656.292	
656.292	
656.306	
656.32	
656.334	
656.334	
656.348	
656.362	
656.362	
656.376	
656.39	
656.404	
656.404	
656.418	
656.432	
656.432	
656.446	
656.46	
656.474	
656.474	
656.488	
656.502	
656.502	
656.516	
656.53	
656.544	
656.544	
656.558	
656.572	
656.572	
656.586	
656.6	
656.614	
656.614	
656.628	
656.642	
656.642	
656.656	
656.67	
656.684	
656.684	
656.698	
656.712	
656.712	
656.726	
656.74	
656.754	
656.754	
656.768	
656.782	
656.782	
656.796	
656.81	
656.824	
656.824	
656.838	
656.852	
656.852	
656.866	
656.88	
656.894	
656.894	
656.908	
656.922	
656.922	
656.936	
656.95	
656.964	
656.964	
656.978	
656.992	
656.992	
657.006	
657.02	
657.034	
657.034	
657.048	
657.062	
657.062	
657.076	
657.09	
657.104	
657.104	
657.118	
657.132	
657.132	
657.146	
657.16	
657.174	
657.174	
657.188	
657.202	
657.202	
657.216	
657.23	
657.244	
657.244	
657.258	
657.272	
657.272	
657.286	
657.3	
657.314	
657.314	
657.328	
657.342	
657.342	
657.356	
657.37	
657.384	
657.384	
657.398	
657.412	
657.412	
657.426	
657.44	
657.454	
657.454	
657.468	
657.482	
657.482	
657.496	
657.51	
657.524	
657.524	
657.538	
657.552	
657.552	
657.566	
657.58	
657.594	
657.594	
657.608	
657.622	
657.622	
657.636	
657.65	
657.664	
657.664	
657.678	
657.692	
657.692	
657.706	
657.72	
657.734	
657.734	
657.748	
657.762	
657.762	
657.776	
657.79	
657.804	
657.804	
657.818	
657.832	
657.832	
657.846	
657.86	
657.874	
657.874	
657.888	
657.902	
657.902	
657.916	
657.93	
657.944	
657.944	
657.958	
657.972	
657.972	
657.986	
658	
658.014	
658.014	
658.028	
658.042	
658.042	
658.056	
658.07	
658.084	
658.084	
658.098	
658.112	
658.112	
658.126	
658.14	
658.154	
658.154	
658.168	
658.182	
658.182	
658.196	
658.21	
658.224	
658.238	
658.238	
658.252	
658.252	
658.266	
658.28	
658.294	
658.294	
658.308	
658.322	
658.322	
658.336	
658.35	
658.364	
658.364	
658.378	
658.392	
658.392	
658.406	
658.42	
658.434	
658.434	
658.448	
658.462	
658.462	
658.476	
658.49	
658.504	
658.504	
658.518	
658.532	
658.532	
658.546	
658.56	
658.574	
658.574	
658.588	
658.602	
658.616	
658.616	
658.63	
658.644	
658.644	
658.658	
658.672	
658.672	
658.686	
658.7	
658.714	
658.714	
658.728	
658.742	
658.742	
658.756	
658.77	
658.784	
658.784	
658.798	
658.812	
658.812	
658.826	
658.84	
658.854	
658.854	
658.868	
658.882	
658.882	
658.896	
658.91	
658.924	
658.924	
658.938	
658.952	
658.952	
658.966	
658.98	
658.994	
658.994	
659.008	
659.022	
659.036	
659.036	
659.05	
659.064	
659.064	
659.078	
659.092	
659.092	
659.106	
659.12	
659.134	
659.134	
659.148	
659.162	
659.162	
659.176	
659.19	
659.204	
659.204	
659.218	
659.232	
659.232	
659.246	
659.26	
659.274	
659.274	
659.288	
659.302	
659.302	
659.316	
659.33	
659.344	
659.344	
659.358	
659.372	
659.372	
659.386	
659.4	
659.414	
659.414	
659.428	
659.442	
659.442	
659.456	
659.47	
659.484	
659.484	
659.498	
659.512	
659.512	
659.526	
659.54	
659.554	
659.554	
659.568	
659.582	
659.582	
659.596	
659.61	
659.624	
659.624	
659.638	
659.652	
659.652	
659.666	
659.68	
659.694	
659.694	
659.708	
659.722	
659.722	
659.736	
659.75	
659.764	
659.764	
659.778	
659.792	
659.792	
659.806	
659.82	
659.834	
659.834	
659.848	
659.862	
659.862	
659.876	
659.89	
659.904	
659.904	
659.918	
659.932	
659.932	
659.946	
659.96	
659.974	
659.974	
659.988	
660.002	
660.002	
660.016	
660.03	
660.044	
660.044	
660.058	
660.072	
660.072	
660.086	
660.1	
660.114	
660.114	
660.128	
660.142	
660.142	
660.156	
660.17	
660.184	
660.184	
660.198	
660.212	
660.212	
660.226	
660.24	
660.254	
660.254	
660.268	
660.282	
660.282	
660.296	
660.31	
660.324	
660.324	
660.338	
660.352	
660.352	
660.366	
660.38	
660.394	
660.394	
660.408	
660.422	
660.422	
660.436	
660.45	
660.464	
660.464	
660.478	
660.492	
660.492	
660.506	
660.52	
660.534	
660.534	
660.548	
660.562	
660.562	
660.576	
660.59	
660.604	
660.604	
660.618	
660.632	
660.632	
660.646	
660.66	
660.674	
660.674	
660.688	
660.702	
660.702	
660.716	
660.73	
660.744	
660.744	
660.758	
660.772	
660.772	
660.786	
660.8	
660.814	
660.814	
660.828	
660.842	
660.842	
660.856	
660.87	
660.884	
660.884	
660.898	
660.912	
660.912	
660.926	
660.94	
660.954	
660.954	
660.968	
660.982	
660.982	
660.996	
661.01	
661.024	
661.024	
661.038	
661.052	
661.052	
661.066	
661.08	
661.094	
661.094	
661.108	
661.122	
661.122	
661.136	
661.15	
661.164	
661.164	
661.178	
661.192	
661.192	
661.206	
661.22	
661.234	
661.234	
661.248	
661.262	
661.262	
661.276	
661.29	
661.304	
661.304	
661.318	
661.332	
661.332	
661.346	
661.36	
661.374	
661.374	
661.388	
661.402	
