time	joint_joint0	joint_joint1	joint_joint2	joint_joint3	joint_joint4	joint_joint5	joint_joint6	cart_pos_x	cart_pos_y	cart_pos_z	cart_quat_x	cart_quat_y	cart_quat_z	cart_quat_w	force_joint_joint0	force_joint_joint1	force_joint_joint2	force_joint_joint3	force_joint_joint4	force_joint_joint5	force_joint_joint6	cart_force_x	cart_force_y	cart_force_z	cart_trq_x	cart_trq_y	cart_trq_z	
1486255528386	-2.11224	1.63427	-2.13738	1.76061	2.38078	-1.65812	-0.95779	-0.0593449	0.732346	0.336937	-0.00700597	-0.934973	0.0131915	-0.354405	0.440325	-1.40628	0.781365	0.861673	0.187385	0.155121	-0.330198	5.06298	-0.523637	0.993425	0.185261	-0.551055	-0.456359	
1486255529614	-2.11223	1.63427	-2.13737	1.7607	2.38078	-1.65812	-0.95779	-0.05934	0.732318	0.336964	-0.00703734	-0.934962	0.0131677	-0.354432	0.420448	-1.46743	0.774138	0.815991	0.171402	0.142315	-0.330163	5.02839	-0.474194	1.06459	0.201294	-0.523428	-0.465205	
1486255529824	-2.11235	1.63427	-2.13737	1.76069	2.38095	-1.65813	-0.95779	-0.0593443	0.732319	0.33696	-0.00703288	-0.934969	0.0131572	-0.354417	0.674352	-1.51904	0.824432	0.897738	0.123124	0.253092	-0.322355	5.05217	-0.850139	1.26586	0.297655	-0.5474	-0.462431	
1486255530442	-2.11432	1.63448	-2.13738	1.76166	2.38139	-1.6584	-0.95779	-0.0601009	0.732337	0.336427	-0.00671629	-0.935304	0.0127993	-0.353549	1.49171	-2.60095	1.81964	0.368185	-0.144828	0.983121	-0.303804	4.6739	-2.56037	5.52569	0.851198	-0.740388	-0.401632	
1486255530853	-2.11432	1.63445	-2.13738	1.76164	2.38139	-1.65843	-0.95779	-0.0601006	0.732331	0.336406	-0.00671204	-0.93531	0.0128265	-0.353534	1.30959	-2.26477	1.48456	0.496759	-0.0825706	0.7583	-0.298195	4.58003	-2.15886	4.24142	0.697848	-0.643463	-0.419487	
1486255530872	-2.11432	1.63445	-2.13738	1.76164	2.38139	-1.65843	-0.95779	-0.0601006	0.732331	0.336406	-0.00671204	-0.93531	0.0128265	-0.353534	1.30959	-2.26477	1.48456	0.496759	-0.0825706	0.7583	-0.298195	4.58003	-2.15886	4.24142	0.697848	-0.643463	-0.419487	
1486255531222	-2.11432	1.63445	-2.13738	1.76162	2.38139	-1.65843	-0.95779	-0.060099	0.732333	0.336399	-0.00670845	-0.935312	0.0128362	-0.353527	1.5115	-2.21653	1.47208	0.577285	-0.0925755	0.860154	-0.277109	4.47019	-2.44607	4.31226	0.767623	-0.685412	-0.40115	
1486255532022	-2.11434	1.63444	-2.13738	1.76159	2.38139	-1.65844	-0.957792	-0.0601023	0.732335	0.336378	-0.00669876	-0.935319	0.012855	-0.35351	1.4234	-2.14294	1.37241	0.625681	-0.0836747	0.820793	-0.27559	4.5165	-2.21082	3.97041	0.751381	-0.672854	-0.401494	
1486255532563	-2.11434	1.63443	-2.13738	1.76159	2.38139	-1.65844	-0.957792	-0.0601016	0.732335	0.336376	-0.00669775	-0.935319	0.0128576	-0.353509	1.41272	-2.14246	1.37308	0.617799	-0.0814054	0.818814	-0.275771	4.50683	-2.1982	3.97948	0.74834	-0.673177	-0.400943	
1486255532742	-2.11434	1.63443	-2.13738	1.76159	2.38139	-1.65844	-0.957792	-0.0601016	0.732335	0.336375	-0.00669738	-0.935319	0.0128589	-0.353508	1.40978	-2.15412	1.37922	0.612748	-0.0841306	0.816935	-0.275258	4.51473	-2.19292	3.99717	0.749577	-0.670241	-0.400968	
1486255533146	-2.11434	1.63443	-2.13738	1.76159	2.38139	-1.65844	-0.957792	-0.0601011	0.732335	0.336373	-0.00669664	-0.935319	0.0128609	-0.353507	1.40151	-2.17874	1.38216	0.602106	-0.0816936	0.812685	-0.275565	4.53342	-2.17656	4.03043	0.752041	-0.669222	-0.405284	
1486255533866	-2.11434	1.63443	-2.13738	1.76158	2.38139	-1.65844	-0.957792	-0.0601005	0.732335	0.336371	-0.00669533	-0.93532	0.0128639	-0.353506	1.40945	-2.167	1.37271	0.596382	-0.0829357	0.812099	-0.276729	4.48827	-2.19785	4.01872	0.750845	-0.664203	-0.406559	
1486255534026	-2.11434	1.63443	-2.13738	1.76158	2.38139	-1.65844	-0.957792	-0.0601002	0.732335	0.33637	-0.006695	-0.93532	0.0128649	-0.353506	1.39919	-2.18323	1.37421	0.592985	-0.0815781	0.810868	-0.275692	4.51158	-2.17114	4.03651	0.75423	-0.665458	-0.407603	
1486255534216	-2.11434	1.63443	-2.13738	1.76158	2.38139	-1.65844	-0.957792	-0.0601002	0.732335	0.33637	-0.00669472	-0.93532	0.0128653	-0.353506	1.39918	-2.19211	1.38256	0.591141	-0.0833063	0.807867	-0.275147	4.52478	-2.17409	4.04858	0.753049	-0.663204	-0.407411	
1486255536036	-2.11434	1.63442	-2.13738	1.76157	2.38139	-1.65844	-0.957792	-0.0600987	0.732335	0.336365	-0.00669233	-0.93532	0.0128715	-0.353504	1.391	-2.20442	1.37948	0.577695	-0.0848408	0.804957	-0.279277	4.51565	-2.16389	4.06556	0.754519	-0.658609	-0.412837	
