time	
2048.87	
2048.88	
2048.88	
2048.9	
2048.91	
2048.93	
2048.93	
2048.94	
2048.95	
2048.95	
2048.97	
2048.98	
2049	
2049	
2049.01	
2049.02	
2049.02	
2049.04	
2049.05	
2049.07	
2049.07	
2049.08	
2049.09	
2049.09	
2049.11	
2049.12	
2049.14	
2049.14	
2049.15	
2049.16	
2049.16	
2049.18	
2049.19	
2049.21	
2049.21	
2049.22	
2049.23	
2049.23	
2049.25	
2049.26	
2049.28	
2049.28	
2049.29	
2049.3	
2049.3	
2049.32	
2049.33	
2049.35	
2049.35	
2049.36	
2049.37	
2049.37	
2049.39	
2049.4	
2049.42	
2049.42	
2049.43	
2049.44	
2049.44	
2049.46	
2049.47	
2049.49	
2049.49	
2049.5	
2049.51	
2049.51	
2049.53	
2049.54	
2049.56	
2049.56	
2049.57	
2049.58	
2049.58	
2049.6	
2049.61	
2049.63	
2049.63	
2049.64	
2049.65	
2049.65	
2049.67	
2049.68	
2049.7	
2049.7	
2049.71	
2049.72	
2049.72	
2049.74	
2049.75	
2049.77	
2049.77	
2049.78	
2049.79	
2049.79	
2049.81	
2049.82	
2049.84	
2049.84	
2049.85	
2049.86	
2049.88	
2049.88	
2049.89	
2049.91	
2049.91	
2049.92	
2049.93	
2049.93	
2049.95	
2049.96	
2049.98	
2049.98	
2049.99	
2050	
2050	
2050.02	
2050.03	
2050.05	
2050.05	
2050.06	
2050.07	
2050.07	
2050.09	
2050.1	
2050.12	
2050.12	
2050.13	
2050.14	
2050.14	
2050.16	
2050.17	
2050.19	
2050.19	
2050.2	
2050.21	
2050.21	
2050.23	
2050.24	
2050.26	
2050.26	
2050.27	
2050.28	
2050.28	
2050.3	
2050.31	
2050.33	
2050.33	
2050.34	
2050.35	
2050.35	
2050.37	
2050.38	
2050.4	
2050.4	
2050.41	
2050.42	
2050.42	
2050.44	
2050.45	
2050.47	
2050.47	
2050.48	
2050.49	
2050.49	
2050.51	
2050.52	
2050.54	
2050.54	
2050.55	
2050.56	
2050.56	
2050.58	
2050.59	
2050.61	
2050.61	
2050.62	
2050.63	
2050.63	
2050.65	
2050.66	
2050.68	
2050.68	
2050.69	
2050.7	
2050.7	
2050.72	
2050.73	
2050.75	
2050.75	
2050.76	
2050.77	
2050.77	
2050.79	
2050.8	
2050.82	
2050.82	
2050.83	
2050.84	
2050.84	
2050.86	
2050.87	
2050.89	
2050.89	
2050.9	
2050.91	
2050.91	
2050.93	
2050.94	
2050.96	
2050.96	
2050.97	
2050.98	
2050.98	
2051	
2051.01	
2051.03	
2051.03	
2051.04	
2051.05	
2051.05	
2051.07	
2051.08	
2051.1	
2051.1	
2051.11	
2051.12	
2051.12	
2051.14	
2051.15	
2051.17	
2051.17	
2051.18	
2051.19	
2051.19	
2051.21	
2051.22	
2051.24	
2051.24	
2051.25	
2051.26	
2051.26	
2051.28	
2051.29	
2051.31	
2051.31	
2051.32	
2051.33	
2051.33	
2051.35	
2051.36	
2051.38	
2051.38	
2051.39	
2051.4	
2051.4	
2051.42	
2051.43	
2051.45	
2051.45	
2051.46	
2051.47	
2051.47	
2051.49	
2051.5	
2051.52	
2051.52	
2051.53	
2051.54	
2051.54	
2051.56	
2051.57	
2051.59	
2051.59	
2051.6	
2051.61	
2051.61	
2051.63	
2051.64	
2051.66	
2051.66	
2051.67	
2051.68	
2051.68	
2051.7	
2051.71	
2051.73	
2051.73	
2051.74	
2051.75	
2051.75	
2051.77	
2051.78	
2051.8	
2051.8	
2051.81	
2051.82	
2051.82	
2051.84	
2051.85	
2051.87	
2051.87	
2051.88	
2051.89	
2051.89	
2051.91	
2051.92	
2051.94	
2051.94	
2051.95	
2051.96	
2051.96	
2051.98	
2051.99	
2052.01	
2052.01	
2052.02	
2052.03	
2052.03	
2052.05	
2052.06	
2052.08	
2052.08	
2052.09	
2052.1	
2052.1	
2052.12	
2052.13	
2052.15	
2052.15	
2052.16	
2052.17	
2052.17	
2052.19	
2052.2	
2052.22	
2052.22	
2052.23	
2052.24	
2052.24	
2052.26	
2052.27	
2052.29	
2052.29	
2052.3	
2052.31	
2052.31	
2052.33	
2052.34	
2052.36	
2052.36	
2052.37	
2052.38	
2052.38	
2052.4	
2052.41	
2052.43	
2052.43	
2052.44	
2052.45	
2052.45	
2052.47	
2052.48	
2052.5	
2052.5	
2052.51	
2052.52	
2052.52	
2052.54	
2052.55	
2052.57	
2052.57	
2052.58	
2052.59	
2052.59	
2052.61	
2052.62	
2052.64	
2052.64	
2052.65	
2052.66	
2052.66	
2052.68	
2052.69	
2052.71	
2052.71	
2052.72	
2052.73	
2052.73	
2052.75	
2052.76	
2052.78	
2052.78	
2052.79	
2052.8	
2052.8	
2052.82	
2052.83	
2052.85	
2052.85	
2052.86	
2052.87	
2052.87	
2052.89	
2052.9	
2052.92	
2052.92	
2052.93	
2052.94	
2052.94	
2052.96	
2052.97	
2052.99	
2052.99	
2053	
2053.01	
2053.01	
2053.03	
2053.04	
2053.06	
2053.06	
2053.07	
2053.08	
2053.08	
2053.1	
2053.11	
2053.13	
2053.13	
2053.14	
2053.15	
2053.15	
2053.17	
2053.18	
2053.2	
2053.2	
2053.21	
2053.22	
2053.22	
2053.24	
2053.25	
2053.27	
2053.27	
2053.28	
2053.29	
2053.29	
2053.31	
2053.32	
2053.34	
2053.34	
2053.35	
2053.36	
2053.36	
2053.38	
2053.39	
2053.41	
2053.41	
2053.42	
2053.43	
2053.43	
2053.45	
2053.46	
2053.48	
2053.48	
2053.49	
2053.5	
2053.5	
2053.52	
2053.53	
2053.55	
2053.55	
2053.56	
2053.57	
2053.57	
2053.59	
2053.6	
2053.62	
2053.62	
2053.63	
2053.64	
2053.64	
2053.66	
2053.67	
2053.69	
2053.69	
2053.7	
2053.71	
2053.71	
2053.73	
2053.74	
2053.76	
2053.76	
2053.77	
2053.78	
2053.78	
2053.8	
2053.81	
2053.83	
2053.83	
2053.84	
2053.85	
2053.85	
2053.87	
2053.88	
2053.9	
2053.9	
2053.91	
2053.92	
2053.92	
2053.94	
2053.95	
2053.97	
2053.97	
2053.98	
2053.99	
2053.99	
2054.01	
2054.02	
2054.04	
2054.04	
2054.05	
2054.06	
2054.06	
2054.08	
2054.09	
2054.11	
2054.11	
2054.12	
2054.13	
2054.13	
2054.15	
2054.16	
2054.18	
2054.18	
2054.19	
2054.2	
2054.2	
2054.22	
2054.23	
2054.25	
2054.25	
2054.26	
2054.27	
2054.27	
2054.29	
2054.3	
2054.32	
2054.32	
2054.33	
2054.34	
2054.34	
2054.36	
2054.37	
2054.39	
2054.39	
2054.4	
2054.41	
2054.41	
2054.43	
2054.44	
2054.46	
2054.46	
2054.47	
2054.48	
2054.48	
2054.5	
2054.51	
2054.53	
2054.53	
2054.54	
2054.55	
2054.55	
2054.57	
2054.58	
2054.6	
2054.6	
2054.61	
2054.62	
2054.62	
2054.64	
2054.65	
2054.67	
2054.67	
2054.68	
2054.69	
2054.69	
2054.71	
2054.72	
2054.74	
2054.74	
2054.75	
2054.76	
2054.76	
2054.78	
2054.79	
2054.81	
2054.81	
2054.82	
2054.83	
2054.83	
2054.85	
2054.86	
2054.88	
2054.88	
2054.89	
2054.9	
2054.9	
2054.92	
2054.93	
2054.95	
2054.95	
2054.96	
2054.97	
2054.97	
2054.99	
2055	
2055.02	
2055.02	
2055.03	
2055.04	
2055.04	
2055.06	
2055.07	
2055.09	
2055.09	
2055.1	
2055.11	
2055.11	
2055.13	
2055.14	
2055.16	
2055.16	
2055.17	
2055.18	
2055.18	
2055.2	
2055.21	
2055.23	
2055.23	
2055.24	
2055.25	
2055.25	
2055.27	
2055.28	
2055.3	
2055.3	
2055.31	
2055.32	
2055.32	
2055.34	
2055.35	
2055.37	
2055.37	
2055.38	
2055.39	
2055.39	
2055.41	
2055.42	
2055.44	
2055.44	
2055.45	
2055.46	
2055.46	
2055.48	
2055.49	
2055.51	
2055.51	
2055.52	
2055.53	
2055.53	
2055.55	
2055.56	
2055.58	
2055.58	
2055.59	
2055.6	
2055.6	
2055.62	
2055.63	
2055.65	
2055.65	
2055.66	
2055.67	
2055.67	
2055.69	
2055.7	
2055.72	
2055.72	
2055.73	
2055.74	
2055.74	
2055.76	
2055.77	
2055.79	
2055.79	
2055.8	
2055.81	
2055.81	
2055.83	
2055.84	
2055.86	
2055.86	
2055.87	
2055.88	
2055.88	
2055.9	
2055.91	
2055.93	
2055.93	
2055.94	
2055.95	
2055.95	
2055.97	
2055.98	
2056	
2056	
2056.01	
2056.02	
2056.02	
2056.04	
2056.05	
2056.07	
2056.07	
2056.08	
2056.09	
2056.09	
2056.11	
2056.12	
2056.14	
2056.14	
2056.15	
2056.16	
2056.16	
2056.18	
2056.19	
2056.21	
2056.21	
2056.22	
2056.23	
2056.23	
2056.25	
2056.26	
2056.28	
2056.28	
2056.29	
2056.3	
2056.3	
2056.32	
2056.33	
2056.35	
2056.35	
2056.36	
2056.37	
2056.37	
2056.39	
2056.4	
2056.42	
2056.42	
2056.43	
2056.44	
2056.44	
2056.46	
2056.47	
2056.49	
2056.49	
2056.5	
2056.51	
2056.51	
2056.53	
2056.54	
2056.56	
2056.56	
2056.57	
2056.58	
2056.58	
2056.6	
2056.61	
2056.63	
2056.63	
2056.64	
2056.65	
2056.65	
2056.67	
2056.68	
2056.7	
2056.7	
2056.71	
2056.72	
2056.72	
2056.74	
2056.75	
2056.77	
2056.77	
2056.78	
2056.79	
2056.79	
2056.81	
2056.82	
2056.84	
2056.84	
2056.85	
2056.86	
2056.86	
2056.88	
2056.89	
2056.91	
2056.91	
2056.92	
2056.93	
2056.93	
2056.95	
2056.96	
2056.98	
2056.98	
2056.99	
2057	
2057	
2057.02	
2057.03	
2057.05	
2057.05	
2057.06	
2057.07	
2057.07	
2057.09	
2057.1	
2057.12	
2057.12	
2057.13	
2057.14	
2057.14	
2057.16	
2057.17	
2057.19	
2057.19	
2057.2	
2057.21	
2057.21	
2057.23	
2057.24	
2057.26	
2057.26	
2057.27	
2057.28	
2057.28	
2057.3	
2057.31	
2057.33	
2057.33	
2057.34	
2057.35	
2057.35	
2057.37	
2057.38	
2057.4	
2057.4	
2057.41	
2057.42	
2057.42	
2057.44	
2057.45	
2057.47	
2057.47	
2057.48	
2057.49	
2057.49	
2057.51	
2057.52	
2057.54	
2057.54	
2057.55	
2057.56	
2057.56	
2057.58	
2057.59	
2057.61	
2057.61	
2057.62	
2057.63	
2057.63	
2057.65	
2057.66	
2057.68	
2057.68	
2057.69	
2057.7	
2057.7	
2057.72	
2057.73	
2057.75	
2057.75	
2057.76	
2057.77	
2057.77	
2057.79	
2057.8	
2057.82	
2057.82	
2057.83	
2057.84	
2057.84	
2057.86	
2057.87	
2057.89	
2057.89	
2057.9	
2057.91	
2057.91	
2057.93	
2057.94	
2057.96	
2057.96	
2057.97	
2057.98	
2057.98	
2058	
2058.01	
2058.03	
2058.03	
2058.04	
2058.05	
2058.05	
2058.07	
2058.08	
2058.1	
2058.1	
2058.11	
2058.12	
2058.12	
2058.14	
2058.15	
2058.17	
2058.17	
2058.18	
2058.19	
2058.19	
2058.21	
2058.22	
2058.24	
2058.24	
2058.25	
2058.26	
2058.26	
2058.28	
2058.29	
2058.31	
2058.31	
2058.32	
2058.33	
2058.33	
2058.35	
2058.36	
2058.38	
2058.38	
2058.39	
2058.4	
2058.4	
2058.42	
2058.43	
2058.45	
2058.45	
2058.46	
2058.47	
2058.47	
2058.49	
2058.5	
2058.52	
2058.52	
2058.53	
2058.54	
2058.54	
2058.56	
2058.57	
2058.59	
2058.59	
2058.6	
2058.61	
2058.61	
2058.63	
2058.64	
2058.66	
2058.66	
2058.67	
2058.68	
2058.68	
2058.7	
2058.71	
2058.73	
2058.73	
2058.74	
2058.75	
2058.75	
2058.77	
2058.78	
2058.8	
2058.8	
2058.81	
2058.82	
2058.82	
2058.84	
2058.85	
2058.87	
2058.87	
2058.88	
2058.89	
2058.89	
2058.91	
2058.92	
2058.94	
2058.94	
2058.95	
2058.96	
2058.96	
2058.98	
2058.99	
2059.01	
2059.01	
2059.02	
2059.03	
2059.03	
2059.05	
2059.06	
2059.08	
2059.08	
2059.09	
2059.1	
2059.1	
2059.12	
2059.13	
2059.15	
2059.15	
2059.16	
2059.17	
2059.17	
2059.19	
2059.2	
2059.22	
2059.22	
2059.23	
2059.24	
2059.24	
2059.26	
2059.27	
2059.29	
2059.29	
2059.3	
2059.31	
2059.31	
2059.33	
2059.34	
2059.36	
2059.36	
2059.37	
2059.38	
2059.38	
2059.4	
2059.41	
2059.43	
2059.43	
2059.44	
2059.45	
2059.45	
2059.47	
2059.48	
2059.5	
2059.5	
2059.51	
2059.52	
2059.52	
2059.54	
2059.55	
2059.57	
2059.57	
2059.58	
2059.59	
2059.59	
2059.61	
2059.62	
2059.64	
2059.64	
2059.65	
2059.66	
2059.66	
2059.68	
2059.69	
2059.71	
2059.71	
2059.72	
2059.73	
2059.73	
2059.75	
2059.76	
2059.78	
2059.78	
2059.79	
2059.8	
2059.8	
2059.82	
2059.83	
2059.85	
2059.85	
2059.86	
2059.87	
2059.87	
2059.89	
2059.9	
2059.92	
2059.92	
2059.93	
2059.94	
2059.94	
2059.96	
2059.97	
2059.99	
2059.99	
2060	
2060.01	
2060.01	
2060.03	
2060.04	
2060.06	
2060.06	
2060.07	
2060.08	
2060.08	
2060.1	
2060.11	
2060.13	
2060.13	
2060.14	
2060.15	
2060.15	
2060.17	
2060.18	
2060.2	
2060.2	
2060.21	
2060.22	
2060.22	
2060.24	
2060.25	
2060.27	
2060.27	
2060.28	
2060.29	
2060.29	
2060.31	
2060.32	
2060.34	
2060.34	
2060.35	
2060.36	
2060.36	
2060.38	
2060.39	
2060.41	
2060.41	
2060.42	
2060.43	
2060.43	
2060.45	
2060.46	
2060.48	
2060.48	
2060.49	
2060.5	
2060.5	
2060.52	
2060.53	
2060.55	
2060.55	
2060.56	
2060.57	
2060.57	
2060.59	
2060.6	
2060.62	
2060.62	
2060.63	
2060.64	
2060.64	
2060.66	
2060.67	
2060.69	
2060.69	
2060.7	
2060.71	
2060.71	
2060.73	
2060.74	
2060.76	
2060.76	
2060.77	
2060.78	
2060.78	
2060.8	
2060.81	
2060.83	
2060.83	
2060.84	
2060.85	
2060.85	
2060.87	
2060.88	
2060.9	
2060.9	
2060.91	
2060.92	
2060.92	
2060.94	
2060.95	
2060.97	
2060.97	
2060.98	
2060.99	
2060.99	
2061.01	
2061.02	
2061.04	
2061.04	
2061.05	
2061.06	
2061.06	
2061.08	
2061.09	
2061.11	
2061.11	
2061.12	
2061.13	
2061.13	
2061.15	
2061.16	
2061.18	
2061.18	
2061.19	
2061.2	
2061.2	
2061.22	
2061.23	
2061.25	
2061.25	
2061.26	
2061.27	
2061.27	
2061.29	
2061.3	
2061.32	
2061.32	
2061.33	
2061.34	
2061.34	
2061.36	
2061.37	
2061.39	
2061.39	
2061.4	
2061.41	
2061.41	
2061.43	
2061.44	
2061.46	
2061.46	
2061.47	
2061.48	
2061.48	
2061.5	
2061.51	
2061.53	
2061.53	
2061.54	
2061.55	
2061.55	
2061.57	
2061.58	
2061.6	
2061.6	
2061.61	
2061.62	
2061.62	
2061.64	
2061.65	
2061.67	
2061.67	
2061.68	
2061.69	
2061.69	
2061.71	
2061.72	
2061.74	
2061.74	
2061.75	
2061.76	
2061.76	
2061.78	
2061.79	
2061.81	
2061.81	
2061.82	
2061.83	
2061.83	
