time	
119.098	
119.112	
119.112	
119.126	
119.14	
119.154	
119.154	
119.168	
119.182	
119.182	
119.196	
119.21	
119.224	
119.224	
119.238	
119.252	
119.252	
119.266	
119.28	
119.294	
119.294	
119.308	
119.322	
119.322	
119.336	
119.35	
119.364	
119.364	
119.378	
119.392	
119.392	
119.406	
119.42	
119.434	
119.434	
119.448	
119.462	
119.462	
119.476	
119.49	
119.504	
119.518	
119.518	
119.532	
119.532	
119.546	
119.56	
119.574	
119.574	
119.588	
119.602	
119.602	
119.616	
119.63	
119.644	
119.644	
119.658	
119.672	
119.672	
119.686	
119.7	
119.714	
119.714	
119.728	
119.742	
119.742	
119.756	
119.77	
119.784	
119.784	
119.798	
119.812	
119.812	
119.826	
119.84	
119.854	
119.854	
119.868	
119.882	
119.882	
119.896	
119.91	
119.924	
119.924	
119.938	
119.952	
119.952	
119.966	
119.98	
119.994	
119.994	
120.008	
120.022	
120.022	
120.036	
120.05	
120.064	
120.064	
120.078	
120.092	
120.092	
120.106	
120.12	
120.134	
120.134	
120.148	
120.162	
120.162	
120.176	
120.191	
120.204	
120.204	
120.218	
120.232	
120.246	
120.26	
120.26	
120.274	
120.288	
120.288	
120.302	
120.302	
120.316	
120.33	
120.344	
120.344	
120.358	
120.372	
120.372	
120.386	
120.402	
120.414	
120.414	
120.428	
120.443	
120.443	
120.456	
120.47	
120.484	
120.484	
120.498	
120.512	
120.512	
120.526	
120.543	
120.558	
120.558	
120.569	
120.587	
120.587	
120.599	
120.61	
120.624	
120.638	
120.638	
120.652	
120.652	
120.667	
120.68	
120.694	
120.694	
120.708	
120.722	
120.722	
120.75	
120.764	
120.764	
120.764	
120.779	
120.792	
120.792	
120.806	
120.82	
120.835	
120.835	
120.848	
120.862	
120.862	
120.876	
120.89	
120.904	
120.904	
120.918	
120.932	
120.932	
120.946	
120.96	
120.974	
120.974	
120.988	
121.002	
121.002	
121.016	
121.03	
121.044	
121.044	
121.058	
121.072	
121.072	
121.086	
121.1	
121.114	
121.114	
121.128	
121.142	
121.142	
121.156	
121.17	
121.184	
121.184	
121.198	
121.212	
121.212	
121.226	
121.24	
121.254	
121.254	
121.268	
121.282	
121.282	
121.296	
121.31	
121.324	
121.324	
121.338	
121.352	
121.352	
121.366	
121.38	
121.394	
121.394	
121.408	
121.422	
121.422	
121.436	
121.45	
121.464	
121.464	
121.478	
121.492	
121.492	
121.506	
121.52	
121.534	
121.534	
121.548	
121.562	
121.562	
121.576	
121.59	
121.604	
121.604	
121.618	
121.632	
121.632	
121.646	
121.66	
121.674	
121.674	
121.689	
121.702	
121.702	
121.716	
121.73	
121.744	
121.744	
121.758	
121.772	
121.772	
121.786	
121.8	
121.814	
121.814	
121.828	
121.842	
121.842	
121.856	
121.87	
121.884	
121.884	
121.898	
121.912	
121.912	
121.926	
121.94	
121.954	
121.954	
121.968	
121.982	
121.982	
121.996	
122.01	
122.024	
122.024	
122.038	
122.052	
122.052	
122.066	
122.08	
122.094	
122.094	
122.108	
122.122	
122.122	
122.136	
122.15	
122.164	
122.164	
122.178	
122.192	
122.192	
122.206	
122.22	
122.234	
122.234	
122.248	
122.262	
122.262	
122.276	
122.29	
122.304	
122.304	
122.318	
122.332	
122.332	
122.346	
122.36	
122.374	
122.374	
122.388	
122.402	
122.402	
122.416	
122.43	
122.444	
122.444	
122.458	
122.472	
122.472	
122.486	
122.5	
122.514	
122.514	
122.528	
122.542	
122.542	
122.556	
122.57	
122.584	
122.584	
122.598	
122.612	
122.612	
122.626	
122.64	
122.654	
122.654	
122.668	
122.682	
122.682	
122.696	
122.71	
122.724	
122.724	
122.738	
122.752	
122.752	
122.766	
122.78	
122.794	
122.794	
122.808	
122.822	
122.822	
122.836	
122.85	
122.864	
122.864	
122.878	
122.892	
122.892	
122.906	
122.92	
122.934	
122.934	
122.948	
122.962	
122.962	
122.978	
122.99	
123.004	
123.004	
123.018	
123.032	
123.032	
123.046	
123.06	
123.074	
123.074	
123.088	
123.102	
123.102	
123.116	
123.13	
123.144	
123.144	
123.158	
123.172	
123.172	
123.186	
123.2	
123.214	
123.214	
123.228	
123.242	
123.242	
123.256	
123.27	
123.284	
123.284	
123.298	
123.312	
123.312	
123.326	
123.34	
123.354	
123.354	
123.368	
123.382	
123.382	
123.396	
123.41	
123.424	
123.424	
123.438	
123.452	
123.452	
123.466	
123.48	
123.494	
123.494	
123.508	
123.522	
123.522	
123.536	
123.55	
123.564	
123.564	
123.578	
123.592	
123.592	
123.606	
123.62	
123.634	
123.634	
123.648	
123.662	
123.662	
123.676	
123.69	
123.704	
123.704	
123.718	
123.732	
123.732	
123.746	
123.76	
123.774	
123.774	
123.788	
123.802	
123.802	
123.816	
123.83	
123.844	
123.844	
123.858	
123.872	
123.872	
123.886	
123.9	
123.914	
123.914	
123.928	
123.942	
123.942	
123.956	
123.97	
123.984	
123.984	
123.998	
124.012	
124.012	
124.026	
124.04	
124.054	
124.054	
124.068	
124.082	
124.082	
124.096	
124.11	
124.124	
124.124	
124.138	
124.152	
124.152	
124.166	
124.18	
124.18	
124.197	
124.208	
124.222	
124.222	
124.236	
124.25	
124.264	
124.264	
124.278	
124.292	
124.292	
124.306	
124.32	
124.334	
124.334	
124.348	
124.362	
124.362	
124.376	
124.39	
124.404	
124.404	
124.418	
124.432	
124.432	
124.446	
124.46	
124.474	
124.474	
124.488	
124.502	
124.502	
124.516	
124.53	
124.544	
124.544	
124.558	
124.572	
124.572	
124.586	
124.6	
124.614	
124.614	
124.628	
124.642	
124.642	
124.656	
124.67	
124.684	
124.684	
124.698	
124.712	
124.712	
124.726	
124.74	
124.754	
124.754	
124.768	
124.782	
124.782	
