time	
403.998	
403.998	
404.012	
404.026	
404.026	
404.04	
404.054	
404.068	
404.068	
404.082	
404.096	
404.096	
404.11	
404.124	
404.138	
404.138	
404.152	
404.166	
404.166	
404.18	
404.194	
404.208	
404.208	
404.222	
404.236	
404.236	
404.25	
404.264	
404.278	
404.278	
404.292	
404.306	
404.306	
404.321	
404.334	
404.348	
404.348	
404.362	
404.376	
404.376	
404.39	
404.405	
404.418	
404.418	
404.432	
404.446	
404.446	
404.46	
404.474	
404.489	
404.489	
404.502	
404.516	
404.516	
404.53	
404.544	
404.558	
404.558	
404.573	
404.586	
404.586	
404.6	
404.615	
404.628	
404.628	
404.642	
404.656	
404.656	
404.67	
404.684	
404.699	
404.699	
404.712	
404.726	
404.726	
404.74	
404.754	
404.768	
404.768	
404.783	
404.796	
404.796	
404.81	
404.825	
404.838	
404.838	
404.852	
404.866	
404.866	
404.88	
404.894	
404.894	
404.909	
404.922	
404.936	
404.936	
404.95	
404.964	
404.978	
404.978	
404.993	
405.006	
405.006	
405.02	
405.034	
405.048	
405.048	
405.062	
405.077	
405.077	
405.09	
405.104	
405.104	
405.119	
405.132	
405.146	
405.146	
405.16	
405.174	
405.188	
405.188	
405.203	
405.216	
405.216	
405.23	
405.244	
405.258	
405.258	
405.272	
405.286	
405.286	
405.3	
405.314	
405.328	
405.328	
405.342	
405.356	
405.356	
405.37	
405.384	
405.398	
405.398	
405.412	
405.426	
405.426	
405.44	
405.454	
405.468	
405.468	
405.482	
405.496	
405.496	
405.51	
405.524	
405.538	
405.538	
405.552	
405.566	
405.566	
405.58	
405.594	
405.608	
405.608	
405.622	
405.636	
405.636	
405.65	
405.664	
405.678	
405.678	
405.692	
405.706	
405.706	
405.72	
405.734	
405.748	
405.748	
405.762	
405.776	
405.776	
405.79	
405.804	
405.818	
405.818	
405.832	
405.846	
405.846	
405.86	
405.874	
405.888	
405.888	
405.902	
405.916	
405.916	
405.93	
405.944	
405.958	
405.958	
405.972	
405.986	
405.986	
406	
406.014	
406.028	
406.028	
406.042	
406.056	
406.056	
406.07	
406.084	
406.098	
406.098	
406.112	
406.126	
406.126	
406.14	
406.154	
406.168	
406.168	
406.182	
406.196	
406.196	
406.21	
406.224	
406.238	
406.238	
406.252	
406.266	
406.266	
406.28	
406.294	
406.308	
406.308	
406.322	
406.336	
406.336	
406.35	
406.364	
406.378	
406.378	
406.392	
406.406	
406.406	
406.42	
406.434	
406.448	
406.448	
406.462	
406.476	
406.476	
406.49	
406.504	
406.518	
406.518	
406.532	
406.546	
406.546	
406.56	
406.574	
406.588	
406.588	
406.602	
406.616	
406.616	
406.63	
406.644	
406.658	
406.658	
406.672	
406.686	
406.686	
406.7	
406.714	
406.728	
406.728	
406.742	
406.756	
406.756	
406.77	
406.784	
406.798	
406.798	
406.812	
406.826	
406.826	
406.84	
406.854	
406.868	
406.868	
406.882	
406.896	
406.896	
406.91	
406.924	
406.938	
406.938	
406.952	
406.966	
406.966	
406.98	
406.994	
407.008	
407.008	
407.022	
407.036	
407.036	
407.05	
407.064	
407.078	
407.078	
407.092	
407.106	
407.106	
407.12	
407.134	
407.148	
407.148	
407.162	
407.176	
407.176	
407.19	
407.204	
407.218	
407.218	
407.232	
407.246	
407.246	
407.26	
407.274	
407.288	
407.288	
407.302	
407.316	
407.316	
407.33	
407.344	
407.358	
407.358	
407.372	
407.386	
407.386	
407.4	
407.414	
407.428	
407.428	
407.442	
407.456	
407.456	
407.47	
407.484	
407.498	
407.498	
407.512	
407.526	
407.526	
407.54	
407.554	
407.568	
407.568	
407.582	
407.596	
407.596	
407.61	
407.624	
407.638	
407.638	
407.652	
407.666	
407.666	
407.68	
407.694	
407.708	
407.708	
407.722	
407.736	
407.736	
407.75	
407.764	
407.778	
407.778	
407.792	
407.806	
407.806	
407.82	
407.834	
407.848	
407.848	
407.862	
407.876	
407.876	
407.89	
407.904	
407.918	
407.918	
407.932	
407.946	
407.946	
407.96	
407.974	
407.988	
407.988	
408.002	
408.016	
408.016	
408.03	
408.044	
408.058	
408.058	
408.072	
408.086	
408.086	
408.1	
408.114	
408.128	
408.128	
408.142	
408.156	
408.156	
408.17	
408.184	
408.198	
408.198	
408.212	
408.226	
408.226	
408.24	
408.254	
408.268	
408.268	
408.282	
408.296	
408.296	
408.31	
408.324	
408.338	
408.338	
408.352	
408.366	
408.366	
408.38	
408.394	
408.408	
408.408	
408.422	
408.436	
408.436	
408.45	
408.464	
408.478	
408.478	
408.492	
408.506	
408.506	
408.52	
408.534	
408.548	
408.548	
408.562	
408.576	
408.576	
408.59	
408.604	
408.618	
408.618	
408.632	
408.646	
408.646	
408.66	
408.674	
408.688	
408.688	
408.702	
408.716	
408.716	
408.73	
408.744	
408.758	
408.758	
408.772	
408.786	
408.786	
408.8	
408.814	
408.828	
408.828	
408.842	
408.856	
408.856	
408.87	
408.884	
408.898	
408.898	
408.912	
408.926	
408.926	
408.94	
408.954	
408.968	
408.968	
408.982	
408.996	
408.996	
409.01	
409.024	
409.038	
409.038	
409.052	
409.066	
409.066	
409.08	
409.094	
409.108	
409.108	
409.122	
409.136	
409.136	
409.15	
409.164	
409.178	
409.178	
409.192	
409.206	
409.206	
409.22	
409.234	
409.248	
409.248	
409.262	
409.276	
409.276	
409.29	
409.304	
409.318	
409.318	
409.332	
409.346	
409.346	
409.36	
409.374	
409.388	
409.388	
409.402	
409.416	
409.416	
409.43	
409.444	
409.458	
409.458	
409.472	
409.486	
409.486	
409.5	
409.514	
409.528	
409.528	
409.542	
409.556	
409.556	
409.57	
409.584	
409.598	
409.598	
409.612	
409.626	
409.626	
409.64	
409.654	
409.668	
409.668	
409.682	
409.696	
409.696	
409.71	
409.724	
409.738	
409.738	
409.752	
409.766	
409.766	
409.78	
409.794	
409.808	
409.808	
409.822	
409.836	
409.836	
409.85	
409.864	
409.878	
409.878	
409.892	
409.906	
409.906	
409.92	
409.934	
409.948	
409.948	
409.962	
409.976	
409.976	
409.99	
410.004	
410.018	
410.018	
410.032	
410.046	
410.046	
410.06	
410.074	
410.088	
410.088	
410.102	
410.116	
410.116	
410.13	
410.144	
410.158	
410.158	
410.172	
410.186	
410.186	
410.2	
410.214	
410.228	
410.228	
410.242	
410.256	
410.256	
410.27	
410.284	
410.298	
410.298	
410.312	
410.326	
410.326	
410.34	
410.354	
410.368	
410.368	
410.382	
410.396	
410.396	
410.41	
410.424	
410.438	
410.438	
410.452	
410.466	
410.466	
410.48	
410.494	
410.508	
410.508	
410.522	
410.536	
410.536	
410.55	
410.564	
410.578	
410.578	
410.592	
410.606	
410.606	
410.62	
410.634	
410.648	
410.648	
410.662	
410.676	
410.676	
410.69	
410.704	
410.718	
410.718	
410.732	
410.746	
410.746	
410.76	
410.774	
410.788	
410.788	
410.802	
410.816	
410.816	
410.83	
410.844	
410.858	
410.858	
410.872	
410.886	
410.886	
410.9	
410.914	
410.928	
410.928	
410.942	
410.956	
410.956	
410.97	
410.984	
410.998	
410.998	
411.012	
411.026	
411.026	
411.04	
411.054	
411.068	
411.068	
411.082	
411.096	
411.096	
411.11	
411.124	
411.138	
411.138	
411.152	
411.166	
411.166	
411.18	
411.194	
411.208	
411.208	
411.222	
411.236	
411.236	
411.25	
411.264	
411.278	
411.278	
411.292	
411.306	
411.306	
411.32	
411.334	
411.348	
411.348	
411.362	
411.376	
411.376	
411.39	
411.404	
411.418	
411.418	
411.432	
411.446	
411.446	
411.46	
411.474	
411.488	
411.488	
411.502	
411.516	
411.516	
411.53	
411.544	
411.558	
411.558	
411.572	
411.586	
411.586	
411.6	
411.614	
411.628	
411.628	
411.642	
411.656	
411.656	
411.67	
411.684	
411.698	
411.698	
411.712	
411.726	
411.726	
411.74	
411.754	
411.768	
411.768	
411.782	
411.796	
411.796	
411.81	
411.824	
411.838	
411.838	
411.852	
411.866	
411.866	
411.88	
411.894	
411.908	
411.908	
411.922	
411.936	
411.936	
411.95	
411.964	
411.978	
411.978	
411.992	
412.006	
412.006	
412.02	
412.034	
412.048	
412.048	
412.062	
412.076	
412.076	
412.09	
412.104	
412.118	
412.118	
412.132	
412.146	
412.146	
412.16	
412.174	
412.188	
412.188	
412.202	
412.216	
412.216	
412.23	
412.244	
412.258	
412.258	
412.272	
412.286	
412.286	
412.3	
412.314	
412.328	
412.328	
412.342	
412.356	
412.356	
412.37	
412.384	
412.398	
412.398	
412.412	
412.426	
412.426	
412.44	
412.454	
412.468	
412.468	
412.482	
412.496	
412.496	
412.51	
412.524	
412.538	
412.538	
412.552	
412.566	
412.566	
412.58	
412.594	
412.608	
412.608	
412.622	
412.636	
412.636	
412.65	
412.664	
412.678	
412.678	
412.692	
412.706	
412.706	
412.72	
412.734	
412.748	
412.748	
412.762	
412.776	
412.776	
412.79	
412.804	
412.818	
412.818	
412.832	
412.846	
412.846	
412.86	
412.874	
412.888	
412.888	
412.902	
412.916	
412.916	
412.93	
412.944	
412.958	
412.958	
412.972	
412.986	
412.986	
413	
413.014	
413.028	
413.028	
413.042	
413.056	
413.056	
413.07	
413.084	
413.098	
413.098	
413.112	
413.126	
413.126	
413.14	
413.154	
413.168	
413.168	
413.182	
413.196	
413.196	
413.21	
413.224	
413.238	
413.238	
413.252	
413.266	
413.266	
413.28	
413.294	
413.308	
413.308	
413.322	
413.336	
413.336	
413.35	
413.364	
413.378	
413.378	
413.392	
413.406	
413.406	
413.42	
413.434	
413.448	
413.448	
413.462	
413.476	
413.476	
413.49	
413.504	
413.518	
413.518	
413.532	
413.546	
413.546	
413.56	
413.574	
413.588	
413.588	
413.602	
413.616	
413.616	
413.63	
413.644	
413.658	
413.658	
413.672	
413.686	
413.686	
413.7	
413.714	
413.728	
413.728	
413.742	
413.756	
413.756	
413.77	
413.784	
413.798	
413.798	
413.812	
413.826	
413.826	
413.84	
413.854	
413.868	
413.868	
413.882	
413.896	
413.896	
413.91	
413.924	
413.938	
413.938	
413.952	
413.966	
413.966	
413.98	
413.994	
414.008	
414.008	
414.022	
414.036	
414.036	
414.05	
414.064	
414.078	
414.078	
414.092	
414.106	
414.106	
414.12	
414.134	
414.148	
414.148	
414.162	
414.176	
414.176	
414.19	
414.204	
414.218	
414.218	
414.232	
414.246	
414.246	
414.26	
414.274	
414.288	
414.288	
414.302	
414.316	
414.316	
414.33	
414.344	
414.358	
414.358	
414.372	
414.386	
414.386	
414.4	
414.414	
414.428	
414.428	
414.442	
414.456	
414.456	
414.47	
414.484	
414.498	
414.498	
414.512	
414.526	
414.526	
414.54	
414.554	
414.568	
414.568	
414.582	
414.596	
414.596	
414.61	
414.624	
414.638	
414.638	
414.652	
414.666	
414.666	
414.68	
414.694	
414.708	
414.708	
414.722	
414.736	
414.736	
414.75	
414.764	
414.778	
414.778	
414.792	
414.806	
414.806	
414.82	
414.834	
414.848	
414.848	
414.862	
414.876	
414.876	
414.89	
414.904	
414.918	
414.918	
414.932	
414.946	
414.946	
414.96	
414.974	
414.988	
414.988	
415.002	
415.016	
415.016	
415.03	
415.044	
415.058	
415.058	
415.072	
415.086	
415.086	
415.1	
415.114	
415.128	
415.128	
415.142	
415.156	
415.156	
415.17	
415.184	
415.198	
415.198	
415.212	
415.226	
415.226	
415.24	
415.254	
415.268	
415.268	
415.282	
415.296	
415.296	
415.31	
415.324	
415.338	
415.338	
415.352	
415.366	
415.366	
415.38	
415.394	
415.408	
415.408	
415.422	
415.436	
415.436	
415.45	
415.464	
415.478	
415.478	
415.492	
415.506	
415.506	
415.52	
415.534	
415.548	
415.548	
415.562	
415.576	
415.576	
415.59	
415.604	
415.618	
415.618	
415.632	
415.646	
415.646	
415.66	
415.674	
415.688	
415.688	
415.702	
415.716	
415.716	
415.73	
415.744	
415.758	
415.758	
415.772	
415.786	
415.786	
415.8	
415.814	
415.828	
415.828	
415.842	
415.856	
415.856	
415.87	
415.884	
415.898	
415.898	
415.912	
415.926	
415.926	
415.94	
415.954	
415.968	
415.968	
415.982	
415.996	
415.996	
416.01	
416.024	
416.038	
416.038	
416.052	
416.066	
416.066	
416.08	
416.094	
416.108	
416.108	
416.122	
416.136	
416.136	
416.15	
416.164	
416.178	
416.178	
416.192	
416.206	
416.206	
416.22	
416.234	
416.248	
416.248	
416.262	
416.276	
416.276	
416.29	
416.304	
416.318	
416.318	
416.332	
416.346	
416.346	
416.36	
416.374	
416.388	
416.388	
416.402	
416.416	
416.416	
416.43	
416.444	
416.458	
416.458	
416.472	
416.486	
416.486	
416.5	
416.514	
416.528	
416.528	
416.542	
416.556	
416.556	
416.57	
416.584	
416.598	
416.598	
416.612	
416.626	
416.626	
416.64	
416.654	
416.668	
416.668	
416.682	
416.696	
416.696	
416.71	
416.724	
416.738	
416.738	
416.752	
416.766	
416.766	
416.78	
416.794	
416.808	
416.808	
416.822	
416.836	
416.836	
416.85	
416.864	
416.878	
416.878	
416.892	
416.906	
416.906	
416.92	
416.934	
416.948	
416.948	
416.962	
416.976	
