time	
1503588985823	
1503588985824	
1503588985834	
1503588985846	
1503588985854	
1503588985864	
1503588985874	
1503588985884	
1503588985894	
1503588985904	
1503588985914	
1503588985924	
1503588985934	
1503588985944	
1503588985954	
1503588985964	
1503588985974	
1503588985984	
1503588985994	
1503588986004	
1503588986014	
1503588986024	
1503588986034	
1503588986044	
1503588986054	
1503588986064	
1503588986074	
1503588986084	
1503588986094	
1503588986104	
1503588986114	
1503588986124	
1503588986134	
1503588986144	
1503588986154	
1503588986164	
1503588986174	
1503588986184	
1503588986194	
1503588986204	
1503588986214	
1503588986224	
1503588986234	
1503588986244	
1503588986254	
1503588986264	
1503588986274	
1503588986284	
1503588986294	
1503588986304	
1503588986314	
1503588986324	
1503588986334	
1503588986344	
1503588986354	
1503588986364	
1503588986374	
1503588986384	
1503588986394	
1503588986404	
1503588986414	
1503588986424	
1503588986434	
1503588986444	
1503588986454	
1503588986464	
1503588986474	
1503588986484	
1503588986494	
1503588986504	
1503588986514	
1503588986524	
1503588986534	
1503588986544	
1503588986554	
1503588986564	
1503588986574	
1503588986584	
1503588986594	
1503588986604	
1503588986614	
1503588986624	
1503588986634	
1503588986644	
1503588986654	
1503588986664	
1503588986674	
1503588986684	
1503588986694	
1503588986704	
1503588986714	
1503588986724	
1503588986734	
1503588986744	
1503588986754	
1503588986764	
1503588986774	
1503588986784	
1503588986794	
1503588986804	
1503588986814	
1503588986824	
1503588986834	
1503588986844	
1503588986854	
1503588986864	
1503588986874	
1503588986884	
1503588986894	
1503588986904	
1503588986914	
1503588986924	
1503588986934	
1503588986944	
1503588986954	
1503588986964	
1503588986974	
1503588986984	
1503588986994	
1503588987004	
1503588987014	
1503588987024	
1503588987034	
1503588987044	
1503588987054	
1503588987064	
1503588987074	
1503588987084	
1503588987094	
1503588987104	
1503588987114	
1503588987124	
1503588987134	
1503588987144	
1503588987154	
1503588987164	
1503588987174	
1503588987184	
1503588987194	
1503588987204	
1503588987214	
1503588987224	
1503588987234	
1503588987244	
1503588987254	
1503588987264	
1503588987274	
1503588987284	
1503588987294	
1503588987304	
1503588987314	
1503588987324	
1503588987334	
1503588987344	
1503588987354	
1503588987364	
1503588987374	
1503588987384	
1503588987394	
1503588987404	
1503588987414	
1503588987424	
1503588987434	
1503588987444	
1503588987454	
1503588987464	
1503588987474	
1503588987484	
1503588987494	
1503588987504	
1503588987514	
1503588987524	
1503588987534	
1503588987544	
1503588987554	
1503588987564	
1503588987574	
1503588987584	
1503588987594	
1503588987604	
1503588987614	
1503588987624	
1503588987634	
1503588987644	
1503588987654	
1503588987664	
1503588987674	
1503588987684	
1503588987694	
1503588987704	
1503588987714	
1503588987724	
1503588987734	
1503588987744	
1503588987754	
1503588987764	
1503588987774	
1503588987784	
1503588987794	
1503588987804	
1503588987814	
1503588987824	
1503588987834	
1503588987844	
1503588987854	
1503588987864	
1503588987874	
1503588987884	
1503588987894	
1503588987904	
1503588987914	
1503588987924	
1503588987934	
1503588987944	
1503588987954	
1503588987964	
1503588987974	
1503588987984	
1503588987994	
1503588988004	
1503588988014	
1503588988024	
1503588988034	
1503588988044	
1503588988054	
1503588988064	
1503588988074	
1503588988084	
1503588988094	
1503588988104	
1503588988114	
1503588988124	
1503588988134	
1503588988144	
1503588988154	
1503588988164	
1503588988174	
1503588988184	
1503588988194	
1503588988204	
1503588988214	
1503588988224	
1503588988234	
1503588988244	
1503588988254	
1503588988264	
1503588988274	
1503588988284	
1503588988294	
1503588988304	
1503588988314	
1503588988324	
1503588988334	
1503588988344	
1503588988354	
1503588988364	
1503588988374	
1503588988384	
1503588988394	
1503588988404	
1503588988414	
1503588988424	
1503588988434	
1503588988444	
1503588988454	
1503588988464	
1503588988474	
1503588988484	
1503588988494	
1503588988505	
1503588988514	
1503588988524	
1503588988534	
1503588988544	
1503588988554	
1503588988564	
1503588988574	
1503588988584	
1503588988594	
1503588988604	
1503588988614	
1503588988624	
1503588988634	
1503588988644	
1503588988654	
1503588988664	
1503588988674	
1503588988684	
1503588988694	
1503588988704	
1503588988714	
1503588988724	
1503588988734	
1503588988744	
1503588988754	
1503588988764	
1503588988774	
1503588988784	
1503588988794	
1503588988804	
1503588988814	
1503588988824	
1503588988834	
1503588988844	
1503588988854	
1503588988864	
1503588988874	
1503588988884	
1503588988894	
1503588988904	
1503588988914	
1503588988924	
1503588988934	
1503588988944	
1503588988954	
1503588988969	
1503588988974	
1503588988984	
1503588988994	
1503588989004	
1503588989014	
1503588989024	
1503588989034	
1503588989044	
1503588989054	
1503588989064	
1503588989074	
1503588989084	
1503588989094	
1503588989104	
1503588989114	
1503588989124	
1503588989134	
1503588989144	
1503588989154	
1503588989164	
1503588989174	
1503588989184	
1503588989194	
1503588989204	
1503588989214	
1503588989224	
1503588989234	
1503588989244	
1503588989254	
1503588989264	
1503588989274	
1503588989284	
1503588989294	
1503588989304	
1503588989314	
1503588989324	
1503588989334	
1503588989344	
1503588989354	
1503588989364	
1503588989374	
1503588989384	
1503588989394	
1503588989404	
1503588989414	
1503588989424	
1503588989434	
1503588989444	
1503588989454	
1503588989464	
1503588989474	
1503588989484	
1503588989494	
1503588989504	
1503588989514	
1503588989524	
1503588989534	
1503588989544	
1503588989554	
1503588989564	
1503588989574	
1503588989584	
1503588989594	
1503588989604	
1503588989614	
1503588989624	
1503588989634	
1503588989644	
1503588989654	
1503588989664	
1503588989674	
1503588989684	
1503588989694	
1503588989704	
1503588989714	
1503588989724	
1503588989734	
1503588989744	
1503588989754	
1503588989764	
1503588989774	
1503588989784	
1503588989794	
1503588989804	
1503588989814	
1503588989824	
1503588989834	
1503588989844	
1503588989854	
1503588989864	
1503588989874	
1503588989884	
1503588989894	
1503588989904	
1503588989914	
1503588989924	
1503588989934	
1503588989944	
1503588989954	
1503588989964	
1503588989974	
1503588989984	
1503588989994	
1503588990004	
1503588990014	
1503588990024	
1503588990034	
1503588990044	
1503588990054	
1503588990064	
1503588990074	
1503588990084	
1503588990094	
1503588990104	
1503588990114	
1503588990124	
1503588990134	
1503588990144	
1503588990154	
1503588990164	
1503588990174	
1503588990184	
1503588990194	
1503588990204	
1503588990214	
1503588990224	
1503588990234	
1503588990244	
1503588990254	
1503588990264	
1503588990274	
1503588990284	
1503588990294	
1503588990304	
1503588990314	
1503588990324	
1503588990334	
1503588990344	
1503588990354	
1503588990364	
1503588990374	
1503588990384	
1503588990394	
1503588990404	
1503588990414	
1503588990424	
1503588990434	
1503588990444	
1503588990454	
1503588990464	
1503588990474	
1503588990484	
1503588990494	
1503588990504	
1503588990514	
1503588990524	
1503588990534	
1503588990544	
1503588990554	
1503588990564	
1503588990574	
1503588990584	
1503588990594	
1503588990604	
1503588990614	
1503588990624	
1503588990634	
1503588990644	
1503588990654	
1503588990664	
1503588990674	
1503588990684	
1503588990694	
1503588990704	
1503588990714	
1503588990724	
1503588990734	
1503588990744	
1503588990754	
1503588990764	
1503588990774	
1503588990784	
1503588990794	
1503588990804	
1503588990814	
1503588990824	
1503588990834	
1503588990844	
1503588990854	
1503588990864	
1503588990874	
1503588990884	
1503588990894	
1503588990904	
1503588990914	
1503588990924	
1503588990934	
1503588990944	
1503588990954	
1503588990964	
1503588990974	
1503588990984	
1503588990994	
1503588991004	
1503588991014	
1503588991024	
1503588991034	
1503588991044	
1503588991054	
1503588991064	
1503588991074	
1503588991084	
1503588991094	
1503588991104	
1503588991114	
1503588991124	
1503588991134	
1503588991144	
1503588991154	
1503588991164	
1503588991174	
1503588991184	
1503588991194	
1503588991204	
1503588991214	
1503588991224	
1503588991234	
1503588991244	
1503588991254	
1503588991264	
1503588991274	
1503588991284	
1503588991294	
1503588991304	
1503588991314	
1503588991324	
1503588991334	
1503588991344	
1503588991354	
1503588991364	
1503588991374	
1503588991384	
1503588991394	
1503588991404	
1503588991414	
1503588991424	
1503588991434	
1503588991444	
1503588991454	
1503588991464	
1503588991474	
1503588991485	
1503588991494	
1503588991504	
1503588991514	
1503588991524	
1503588991534	
1503588991544	
1503588991554	
1503588991564	
1503588991574	
1503588991584	
1503588991594	
1503588991604	
1503588991614	
1503588991624	
1503588991634	
1503588991644	
1503588991654	
1503588991664	
1503588991674	
1503588991684	
1503588991694	
1503588991704	
1503588991714	
1503588991724	
1503588991734	
1503588991744	
1503588991754	
1503588991764	
1503588991774	
1503588991784	
1503588991794	
1503588991804	
1503588991814	
1503588991824	
1503588991834	
1503588991844	
1503588991854	
1503588991864	
1503588991874	
1503588991884	
1503588991894	
1503588991904	
1503588991914	
1503588991924	
1503588991934	
1503588991944	
1503588991954	
1503588991964	
1503588991974	
1503588991984	
1503588991994	
1503588992004	
1503588992014	
1503588992024	
1503588992034	
1503588992044	
1503588992054	
1503588992064	
1503588992074	
1503588992084	
1503588992094	
1503588992104	
1503588992114	
1503588992124	
1503588992134	
1503588992144	
1503588992154	
1503588992164	
1503588992174	
1503588992184	
1503588992194	
1503588992204	
1503588992214	
1503588992224	
1503588992234	
1503588992244	
1503588992254	
1503588992264	
1503588992274	
1503588992284	
1503588992294	
1503588992304	
1503588992314	
1503588992324	
1503588992334	
1503588992344	
1503588992354	
1503588992364	
1503588992374	
1503588992384	
1503588992394	
1503588992404	
1503588992414	
1503588992424	
1503588992434	
1503588992444	
1503588992454	
1503588992464	
1503588992474	
1503588992484	
1503588992494	
1503588992504	
1503588992514	
1503588992524	
1503588992534	
1503588992544	
1503588992554	
1503588992566	
1503588992574	
1503588992584	
1503588992594	
1503588992604	
1503588992614	
1503588992624	
1503588992634	
1503588992644	
1503588992654	
1503588992664	
1503588992674	
1503588992684	
1503588992694	
1503588992704	
1503588992714	
1503588992724	
1503588992734	
1503588992744	
1503588992754	
1503588992764	
1503588992774	
1503588992785	
1503588992794	
1503588992804	
1503588992814	
1503588992824	
1503588992834	
1503588992844	
1503588992854	
1503588992864	
1503588992874	
1503588992884	
1503588992894	
1503588992904	
1503588992914	
1503588992924	
1503588992934	
1503588992944	
1503588992954	
1503588992964	
1503588992974	
1503588992984	
1503588992994	
1503588993004	
1503588993014	
1503588993024	
1503588993034	
1503588993044	
1503588993054	
1503588993064	
1503588993074	
1503588993084	
1503588993094	
1503588993104	
1503588993114	
1503588993124	
1503588993134	
1503588993144	
1503588993154	
1503588993164	
1503588993174	
1503588993184	
1503588993194	
1503588993204	
1503588993214	
1503588993224	
1503588993234	
1503588993244	
1503588993254	
1503588993268	
1503588993274	
1503588993284	
1503588993294	
1503588993304	
1503588993314	
1503588993324	
1503588993334	
1503588993344	
1503588993354	
1503588993364	
1503588993374	
1503588993384	
1503588993394	
1503588993404	
1503588993414	
1503588993424	
1503588993434	
1503588993444	
1503588993454	
1503588993464	
1503588993474	
1503588993484	
1503588993494	
1503588993504	
1503588993514	
1503588993524	
1503588993534	
1503588993544	
1503588993554	
1503588993564	
1503588993574	
1503588993584	
1503588993594	
1503588993604	
1503588993614	
1503588993624	
1503588993634	
1503588993644	
1503588993654	
1503588993664	
1503588993674	
1503588993684	
1503588993694	
1503588993704	
1503588993714	
1503588993724	
1503588993734	
1503588993744	
1503588993754	
1503588993764	
1503588993774	
1503588993784	
1503588993794	
1503588993804	
1503588993814	
1503588993824	
1503588993834	
1503588993844	
1503588993854	
1503588993864	
1503588993874	
1503588993884	
1503588993894	
1503588993904	
1503588993914	
1503588993924	
1503588993934	
1503588993944	
1503588993954	
1503588993964	
1503588993974	
1503588993984	
1503588993994	
1503588994004	
1503588994014	
1503588994024	
1503588994034	
1503588994044	
1503588994054	
1503588994064	
1503588994074	
1503588994084	
1503588994094	
1503588994104	
1503588994114	
1503588994124	
1503588994134	
1503588994144	
1503588994154	
1503588994164	
1503588994174	
1503588994184	
1503588994194	
1503588994204	
1503588994214	
1503588994224	
1503588994234	
1503588994244	
1503588994254	
1503588994264	
1503588994274	
1503588994284	
1503588994294	
1503588994304	
1503588994314	
1503588994324	
1503588994334	
1503588994344	
1503588994354	
1503588994364	
1503588994374	
1503588994384	
1503588994394	
1503588994404	
1503588994414	
1503588994424	
1503588994434	
1503588994444	
1503588994454	
1503588994464	
1503588994474	
1503588994484	
1503588994494	
1503588994504	
1503588994514	
1503588994524	
1503588994534	
1503588994544	
1503588994554	
1503588994564	
1503588994574	
1503588994584	
1503588994594	
1503588994604	
1503588994614	
1503588994624	
1503588994634	
1503588994644	
1503588994654	
1503588994664	
1503588994674	
1503588994684	
1503588994694	
1503588994704	
1503588994714	
1503588994724	
1503588994734	
1503588994744	
1503588994754	
1503588994764	
1503588994774	
1503588994784	
1503588994794	
1503588994804	
1503588994814	
1503588994824	
1503588994834	
1503588994844	
1503588994854	
1503588994864	
1503588994874	
1503588994884	
1503588994894	
1503588994904	
1503588994914	
1503588994924	
1503588994934	
1503588994946	
1503588994954	
1503588994964	
1503588994974	
1503588994984	
1503588994994	
1503588995004	
1503588995014	
1503588995024	
1503588995034	
1503588995044	
1503588995054	
1503588995064	
1503588995074	
1503588995084	
1503588995094	
1503588995104	
1503588995114	
1503588995124	
1503588995134	
1503588995144	
1503588995154	
1503588995164	
1503588995174	
1503588995184	
1503588995194	
1503588995204	
1503588995214	
1503588995224	
1503588995235	
1503588995244	
1503588995254	
1503588995264	
1503588995274	
1503588995284	
1503588995294	
1503588995304	
1503588995314	
1503588995324	
1503588995334	
1503588995344	
1503588995354	
1503588995364	
1503588995374	
1503588995384	
1503588995394	
1503588995404	
1503588995414	
1503588995424	
1503588995434	
1503588995444	
1503588995454	
1503588995464	
1503588995474	
1503588995484	
1503588995494	
1503588995504	
1503588995514	
1503588995524	
1503588995534	
1503588995544	
1503588995554	
1503588995564	
1503588995574	
1503588995584	
1503588995594	
1503588995604	
1503588995614	
1503588995624	
1503588995634	
1503588995644	
1503588995654	
1503588995664	
1503588995674	
1503588995684	
1503588995694	
1503588995704	
1503588995714	
1503588995724	
1503588995734	
1503588995744	
1503588995754	
1503588995764	
1503588995774	
1503588995784	
1503588995794	
1503588995804	
1503588995814	
1503588995824	
1503588995834	
1503588995844	
1503588995854	
1503588995864	
1503588995874	
1503588995884	
1503588995894	
1503588995904	
1503588995914	
1503588995924	
1503588995934	
1503588995944	
1503588995954	
1503588995964	
1503588995974	
1503588995984	
1503588995994	
1503588996004	
1503588996014	
1503588996024	
1503588996034	
1503588996044	
1503588996054	
1503588996066	
1503588996074	
1503588996084	
1503588996094	
1503588996104	
1503588996114	
1503588996124	
1503588996134	
1503588996144	
1503588996154	
1503588996164	
1503588996174	
1503588996184	
1503588996194	
1503588996204	
1503588996214	
1503588996224	
1503588996234	
1503588996244	
1503588996254	
1503588996264	
1503588996274	
1503588996284	
1503588996294	
1503588996304	
1503588996314	
1503588996324	
1503588996334	
1503588996344	
1503588996354	
1503588996364	
1503588996374	
1503588996384	
1503588996394	
1503588996404	
1503588996414	
1503588996424	
1503588996434	
1503588996444	
1503588996454	
1503588996464	
1503588996474	
1503588996484	
1503588996494	
1503588996504	
1503588996514	
1503588996524	
1503588996534	
1503588996544	
1503588996554	
1503588996564	
1503588996574	
1503588996584	
1503588996594	
1503588996604	
1503588996614	
1503588996624	
1503588996634	
1503588996644	
1503588996654	
1503588996664	
1503588996674	
1503588996684	
1503588996694	
1503588996704	
1503588996714	
1503588996724	
1503588996734	
1503588996744	
1503588996754	
1503588996764	
1503588996774	
1503588996785	
1503588996794	
1503588996804	
1503588996814	
1503588996824	
1503588996834	
1503588996844	
1503588996854	
1503588996864	
1503588996874	
1503588996884	
1503588996894	
1503588996904	
1503588996915	
1503588996924	
1503588996934	
1503588996944	
1503588996954	
1503588996964	
1503588996974	
1503588996984	
1503588996994	
1503588997004	
1503588997014	
1503588997024	
1503588997034	
1503588997044	
1503588997054	
1503588997064	
1503588997074	
1503588997084	
1503588997094	
1503588997104	
1503588997114	
1503588997124	
1503588997134	
1503588997144	
1503588997154	
1503588997164	
1503588997174	
1503588997184	
1503588997194	
1503588997204	
1503588997214	
1503588997224	
1503588997234	
1503588997244	
1503588997254	
1503588997264	
1503588997274	
1503588997284	
1503588997294	
1503588997304	
1503588997314	
1503588997324	
1503588997334	
1503588997344	
1503588997354	
1503588997364	
1503588997374	
1503588997384	
1503588997394	
1503588997404	
1503588997414	
1503588997424	
1503588997434	
1503588997444	
1503588997454	
1503588997464	
1503588997474	
1503588997484	
1503588997494	
1503588997504	
1503588997514	
1503588997524	
1503588997534	
1503588997545	
1503588997554	
1503588997564	
1503588997574	
1503588997584	
1503588997594	
1503588997604	
1503588997614	
1503588997624	
1503588997634	
1503588997644	
1503588997654	
1503588997664	
1503588997674	
1503588997684	
1503588997694	
1503588997704	
1503588997714	
1503588997724	
1503588997734	
1503588997744	
1503588997754	
1503588997764	
1503588997774	
1503588997784	
1503588997794	
1503588997804	
1503588997814	
1503588997824	
1503588997834	
1503588997844	
1503588997854	
1503588997864	
1503588997874	
1503588997884	
1503588997894	
1503588997904	
1503588997914	
1503588997924	
1503588997934	
1503588997944	
1503588997954	
1503588997964	
1503588997974	
1503588997984	
1503588997994	
1503588998004	
1503588998014	
1503588998024	
1503588998034	
1503588998044	
1503588998054	
1503588998064	
1503588998074	
1503588998084	
1503588998094	
1503588998104	
1503588998114	
1503588998124	
1503588998134	
1503588998144	
1503588998154	
1503588998164	
1503588998174	
1503588998184	
1503588998194	
1503588998204	
1503588998214	
1503588998224	
1503588998234	
1503588998244	
1503588998254	
1503588998264	
1503588998274	
1503588998284	
1503588998294	
1503588998304	
1503588998314	
1503588998324	
1503588998334	
1503588998344	
1503588998354	
1503588998364	
1503588998374	
1503588998384	
1503588998394	
1503588998404	
1503588998414	
1503588998424	
1503588998434	
1503588998444	
1503588998454	
1503588998464	
1503588998474	
1503588998484	
1503588998494	
1503588998504	
1503588998514	
1503588998524	
1503588998534	
1503588998544	
1503588998554	
1503588998564	
1503588998574	
1503588998584	
1503588998594	
1503588998604	
1503588998614	
1503588998624	
1503588998634	
1503588998644	
1503588998654	
1503588998664	
1503588998674	
1503588998684	
1503588998694	
1503588998704	
1503588998714	
1503588998724	
1503588998734	
1503588998744	
1503588998754	
1503588998764	
1503588998774	
1503588998784	
1503588998794	
1503588998804	
1503588998814	
1503588998824	
1503588998834	
1503588998844	
1503588998854	
1503588998864	
1503588998874	
1503588998884	
1503588998894	
1503588998904	
1503588998914	
1503588998924	
1503588998934	
1503588998944	
1503588998954	
1503588998964	
1503588998974	
1503588998984	
1503588998994	
1503588999004	
1503588999014	
1503588999024	
1503588999034	
1503588999044	
1503588999054	
1503588999064	
1503588999074	
1503588999084	
1503588999094	
1503588999104	
1503588999114	
1503588999124	
1503588999134	
1503588999145	
1503588999154	
1503588999164	
1503588999174	
1503588999184	
1503588999194	
1503588999204	
1503588999214	
1503588999224	
1503588999234	
1503588999244	
1503588999254	
1503588999264	
1503588999274	
1503588999284	
1503588999294	
1503588999304	
1503588999314	
1503588999325	
1503588999334	
1503588999344	
1503588999354	
1503588999364	
1503588999374	
1503588999384	
1503588999394	
1503588999404	
1503588999414	
1503588999424	
1503588999434	
1503588999444	
1503588999454	
1503588999464	
1503588999475	
1503588999484	
1503588999494	
1503588999504	
1503588999514	
1503588999524	
1503588999534	
1503588999544	
1503588999555	
1503588999564	
1503588999574	
1503588999584	
1503588999594	
1503588999604	
1503588999614	
1503588999624	
1503588999636	
1503588999649	
1503588999657	
1503588999668	
1503588999674	
1503588999684	
1503588999694	
1503588999704	
1503588999717	
1503588999729	
1503588999734	
1503588999744	
1503588999754	
1503588999764	
1503588999774	
1503588999786	
1503588999798	
1503588999804	
1503588999814	
1503588999824	
1503588999834	
1503588999844	
1503588999854	
1503588999864	
1503588999874	
1503588999884	
1503588999894	
1503588999905	
1503588999914	
1503588999924	
1503588999935	
1503588999948	
1503588999954	
1503588999964	
1503588999974	
1503588999984	
1503588999994	
1503589000004	
1503589000016	
1503589000024	
1503589000034	
1503589000044	
1503589000054	
1503589000064	
1503589000074	
1503589000084	
1503589000094	
1503589000104	
1503589000114	
1503589000124	
1503589000134	
1503589000145	
1503589000155	
1503589000164	
1503589000174	
1503589000184	
1503589000194	
1503589000204	
1503589000214	
1503589000224	
1503589000234	
1503589000245	
1503589000254	
1503589000264	
1503589000274	
1503589000285	
1503589000294	
1503589000304	
1503589000314	
1503589000324	
1503589000334	
1503589000344	
1503589000354	
1503589000364	
1503589000374	
1503589000384	
1503589000394	
1503589000404	
1503589000414	
1503589000424	
1503589000434	
1503589000444	
1503589000454	
1503589000464	
1503589000474	
1503589000484	
1503589000494	
1503589000504	
1503589000514	
1503589000524	
1503589000534	
1503589000544	
1503589000554	
1503589000564	
1503589000574	
1503589000584	
1503589000594	
1503589000604	
1503589000614	
1503589000624	
1503589000634	
1503589000644	
1503589000654	
1503589000664	
1503589000674	
1503589000684	
1503589000694	
1503589000704	
1503589000714	
1503589000724	
1503589000734	
1503589000744	
1503589000754	
1503589000764	
1503589000774	
1503589000784	
1503589000794	
1503589000804	
1503589000814	
1503589000824	
1503589000834	
1503589000844	
1503589000854	
1503589000864	
1503589000874	
1503589000884	
1503589000894	
1503589000904	
1503589000915	
1503589000924	
1503589000934	
1503589000944	
1503589000954	
1503589000964	
1503589000974	
1503589000984	
1503589000994	
1503589001004	
1503589001014	
1503589001024	
1503589001034	
1503589001044	
1503589001054	
1503589001064	
1503589001074	
1503589001084	
1503589001094	
1503589001104	
1503589001114	
1503589001124	
1503589001134	
1503589001144	
1503589001154	
1503589001164	
1503589001174	
1503589001184	
1503589001194	
1503589001204	
1503589001214	
1503589001224	
1503589001234	
1503589001245	
1503589001254	
1503589001264	
1503589001274	
1503589001284	
1503589001294	
1503589001304	
1503589001314	
1503589001324	
1503589001334	
1503589001344	
1503589001354	
1503589001364	
1503589001374	
1503589001384	
1503589001394	
1503589001404	
1503589001414	
1503589001424	
1503589001434	
1503589001444	
1503589001454	
1503589001464	
1503589001474	
1503589001484	
1503589001494	
1503589001504	
1503589001514	
1503589001524	
1503589001534	
1503589001544	
1503589001554	
1503589001564	
1503589001574	
1503589001584	
1503589001594	
1503589001604	
1503589001614	
1503589001624	
1503589001634	
1503589001644	
1503589001654	
1503589001664	
1503589001674	
1503589001684	
1503589001694	
1503589001704	
1503589001714	
1503589001724	
1503589001734	
1503589001744	
1503589001754	
1503589001764	
1503589001774	
1503589001784	
1503589001794	
1503589001804	
1503589001814	
1503589001824	
1503589001834	
1503589001844	
1503589001854	
1503589001864	
1503589001874	
1503589001884	
1503589001894	
1503589001904	
1503589001914	
1503589001924	
1503589001934	
1503589001944	
1503589001954	
1503589001964	
1503589001974	
1503589001984	
1503589001994	
1503589002004	
1503589002014	
1503589002024	
1503589002034	
1503589002044	
1503589002054	
1503589002064	
1503589002074	
1503589002084	
1503589002094	
1503589002104	
1503589002114	
1503589002124	
1503589002134	
1503589002144	
1503589002154	
1503589002164	
1503589002174	
1503589002184	
1503589002194	
1503589002204	
1503589002214	
1503589002224	
1503589002234	
1503589002245	
1503589002254	
1503589002264	
1503589002274	
1503589002284	
1503589002295	
1503589002304	
1503589002314	
1503589002324	
1503589002334	
1503589002344	
1503589002354	
1503589002364	
1503589002374	
1503589002384	
1503589002394	
1503589002404	
1503589002414	
1503589002424	
1503589002434	
1503589002444	
1503589002454	
1503589002464	
1503589002474	
1503589002484	
1503589002494	
1503589002504	
1503589002515	
1503589002524	
1503589002534	
1503589002544	
1503589002554	
1503589002564	
1503589002574	
1503589002584	
1503589002594	
1503589002604	
1503589002614	
1503589002624	
1503589002634	
1503589002644	
1503589002654	
1503589002664	
1503589002674	
1503589002684	
1503589002694	
1503589002704	
1503589002714	
1503589002724	
1503589002734	
1503589002745	
1503589002754	
1503589002764	
1503589002774	
1503589002786	
1503589002794	
1503589002804	
1503589002814	
1503589002824	
1503589002834	
1503589002844	
1503589002854	
1503589002864	
1503589002874	
1503589002884	
1503589002894	
1503589002904	
1503589002914	
1503589002924	
1503589002934	
1503589002944	
1503589002954	
1503589002964	
1503589002974	
1503589002984	
1503589002994	
1503589003004	
1503589003014	
1503589003024	
1503589003034	
1503589003044	
1503589003054	
1503589003064	
1503589003074	
1503589003084	
1503589003094	
1503589003104	
1503589003114	
1503589003124	
1503589003134	
1503589003144	
1503589003154	
1503589003164	
1503589003174	
1503589003184	
1503589003194	
1503589003204	
1503589003214	
1503589003224	
1503589003234	
1503589003244	
1503589003254	
1503589003264	
1503589003274	
1503589003284	
1503589003294	
1503589003304	
1503589003314	
1503589003324	
1503589003334	
1503589003344	
1503589003354	
1503589003364	
1503589003374	
1503589003384	
1503589003394	
1503589003404	
1503589003414	
1503589003424	
1503589003434	
1503589003444	
1503589003454	
1503589003464	
1503589003474	
1503589003484	
1503589003494	
1503589003504	
1503589003514	
1503589003524	
1503589003534	
1503589003544	
1503589003554	
1503589003564	
1503589003574	
1503589003584	
1503589003594	
1503589003604	
1503589003614	
1503589003624	
1503589003634	
1503589003644	
1503589003654	
1503589003664	
1503589003674	
1503589003684	
1503589003694	
1503589003704	
1503589003714	
1503589003724	
1503589003734	
1503589003744	
1503589003754	
1503589003764	
1503589003774	
1503589003784	
1503589003794	
1503589003804	
1503589003814	
1503589003824	
1503589003834	
1503589003844	
1503589003854	
1503589003864	
1503589003874	
1503589003884	
1503589003894	
1503589003904	
1503589003914	
1503589003924	
1503589003934	
1503589003944	
1503589003954	
1503589003964	
1503589003974	
1503589003984	
1503589003994	
1503589004004	
1503589004014	
1503589004024	
1503589004034	
1503589004044	
1503589004054	
1503589004064	
1503589004074	
1503589004084	
1503589004094	
1503589004104	
1503589004114	
1503589004124	
1503589004134	
1503589004144	
1503589004154	
1503589004164	
1503589004174	
1503589004184	
1503589004194	
1503589004204	
1503589004214	
1503589004224	
1503589004234	
1503589004244	
1503589004254	
1503589004264	
1503589004274	
1503589004284	
1503589004294	
1503589004304	
1503589004314	
1503589004324	
1503589004334	
1503589004344	
1503589004354	
1503589004364	
1503589004374	
1503589004384	
1503589004395	
1503589004404	
1503589004414	
1503589004424	
1503589004434	
1503589004444	
1503589004454	
1503589004464	
1503589004474	
1503589004484	
1503589004494	
1503589004504	
1503589004514	
1503589004524	
1503589004534	
1503589004544	
1503589004554	
1503589004564	
1503589004574	
1503589004584	
1503589004594	
1503589004604	
1503589004614	
1503589004624	
1503589004634	
1503589004644	
1503589004654	
1503589004664	
1503589004674	
1503589004684	
1503589004694	
1503589004704	
1503589004714	
1503589004724	
1503589004734	
1503589004744	
1503589004754	
1503589004764	
1503589004774	
1503589004784	
1503589004794	
1503589004804	
1503589004814	
1503589004824	
1503589004834	
1503589004844	
1503589004854	
1503589004864	
1503589004874	
1503589004884	
1503589004894	
1503589004904	
1503589004914	
1503589004924	
1503589004934	
1503589004944	
1503589004954	
1503589004964	
1503589004974	
1503589004984	
1503589004994	
1503589005005	
1503589005014	
1503589005024	
1503589005034	
1503589005044	
1503589005054	
1503589005064	
1503589005074	
1503589005084	
1503589005094	
1503589005104	
1503589005114	
1503589005124	
1503589005134	
1503589005144	
1503589005154	
1503589005164	
1503589005174	
1503589005184	
1503589005194	
1503589005204	
1503589005214	
1503589005224	
1503589005234	
1503589005244	
1503589005254	
1503589005264	
1503589005274	
1503589005284	
1503589005294	
1503589005304	
1503589005314	
1503589005324	
1503589005334	
1503589005344	
1503589005354	
1503589005364	
1503589005374	
1503589005384	
1503589005394	
1503589005404	
1503589005414	
1503589005424	
1503589005434	
1503589005444	
1503589005454	
1503589005464	
1503589005474	
1503589005484	
1503589005494	
1503589005504	
1503589005514	
1503589005524	
1503589005534	
1503589005544	
1503589005554	
1503589005564	
1503589005574	
1503589005584	
1503589005594	
1503589005604	
1503589005614	
1503589005624	
1503589005634	
1503589005644	
1503589005654	
1503589005664	
1503589005674	
1503589005684	
1503589005694	
1503589005704	
1503589005714	
1503589005724	
1503589005734	
1503589005744	
1503589005754	
1503589005764	
1503589005774	
1503589005786	
1503589005794	
1503589005804	
1503589005814	
1503589005824	
1503589005834	
1503589005844	
1503589005854	
1503589005864	
1503589005874	
1503589005884	
1503589005894	
1503589005904	
1503589005914	
1503589005924	
1503589005934	
1503589005944	
1503589005954	
1503589005964	
1503589005974	
1503589005984	
1503589005994	
1503589006004	
1503589006014	
1503589006024	
1503589006034	
1503589006044	
1503589006054	
1503589006064	
1503589006074	
1503589006084	
1503589006094	
1503589006104	
1503589006114	
1503589006124	
1503589006134	
1503589006144	
1503589006154	
1503589006164	
1503589006174	
1503589006184	
1503589006194	
1503589006204	
1503589006214	
1503589006224	
1503589006234	
1503589006244	
1503589006254	
1503589006264	
1503589006274	
1503589006284	
1503589006294	
1503589006304	
1503589006314	
1503589006324	
1503589006334	
1503589006344	
1503589006354	
1503589006364	
1503589006374	
1503589006384	
1503589006394	
1503589006404	
1503589006414	
1503589006424	
1503589006434	
1503589006444	
1503589006454	
1503589006464	
1503589006474	
1503589006484	
1503589006494	
1503589006504	
1503589006514	
1503589006524	
1503589006534	
1503589006544	
1503589006554	
1503589006564	
1503589006574	
1503589006584	
1503589006594	
1503589006604	
1503589006614	
1503589006624	
1503589006634	
1503589006644	
1503589006654	
1503589006664	
1503589006674	
1503589006684	
1503589006694	
1503589006704	
1503589006714	
1503589006724	
1503589006734	
1503589006744	
1503589006754	
1503589006764	
1503589006774	
1503589006784	
1503589006794	
1503589006804	
1503589006814	
1503589006824	
1503589006834	
1503589006844	
1503589006854	
1503589006864	
1503589006874	
1503589006884	
1503589006894	
1503589006908	
1503589006914	
1503589006924	
1503589006934	
1503589006944	
1503589006954	
1503589006964	
1503589006974	
1503589006984	
1503589006994	
1503589007004	
1503589007014	
1503589007024	
1503589007034	
1503589007044	
1503589007054	
1503589007064	
1503589007074	
1503589007084	
1503589007094	
1503589007104	
1503589007114	
1503589007124	
1503589007134	
1503589007144	
1503589007154	
1503589007164	
1503589007174	
1503589007184	
1503589007194	
1503589007204	
1503589007214	
1503589007224	
1503589007234	
1503589007244	
1503589007254	
1503589007264	
1503589007274	
1503589007284	
1503589007294	
1503589007304	
1503589007314	
1503589007324	
1503589007334	
1503589007344	
1503589007354	
1503589007364	
1503589007374	
1503589007384	
1503589007394	
1503589007404	
1503589007414	
1503589007424	
1503589007434	
1503589007444	
1503589007454	
1503589007464	
1503589007474	
1503589007484	
1503589007494	
1503589007504	
1503589007514	
1503589007524	
1503589007534	
1503589007544	
1503589007554	
1503589007564	
1503589007574	
1503589007584	
1503589007594	
1503589007604	
1503589007614	
1503589007624	
1503589007634	
1503589007644	
1503589007654	
1503589007664	
1503589007674	
1503589007684	
1503589007694	
1503589007704	
1503589007714	
1503589007724	
1503589007734	
1503589007744	
1503589007754	
1503589007764	
1503589007774	
1503589007784	
1503589007794	
1503589007804	
1503589007814	
1503589007824	
1503589007834	
1503589007844	
1503589007854	
1503589007864	
1503589007874	
1503589007884	
1503589007894	
1503589007904	
1503589007914	
1503589007924	
