time	
111.132	
111.132	
111.147	
111.16	
111.16	
111.174	
111.188	
111.202	
111.202	
111.216	
111.23	
111.23	
111.244	
111.258	
111.272	
111.272	
111.286	
111.3	
111.3	
111.314	
111.328	
111.342	
111.342	
111.356	
111.37	
111.37	
111.384	
111.398	
111.412	
111.412	
111.426	
111.44	
111.44	
111.454	
111.468	
111.482	
111.482	
111.496	
111.51	
111.51	
111.524	
111.538	
111.552	
111.552	
111.566	
111.58	
111.58	
111.594	
111.608	
111.622	
111.622	
111.636	
111.65	
111.65	
111.664	
111.678	
111.692	
111.692	
111.706	
111.72	
111.72	
111.734	
111.748	
111.762	
111.762	
111.776	
111.79	
111.79	
111.804	
111.818	
111.832	
111.832	
111.846	
111.86	
111.86	
111.874	
111.888	
111.888	
111.903	
111.916	
111.93	
111.93	
111.944	
111.958	
111.972	
111.972	
111.986	
112	
112	
112.014	
112.028	
112.042	
112.042	
112.056	
112.07	
112.07	
112.084	
112.098	
112.112	
112.112	
112.126	
112.14	
112.14	
112.154	
112.168	
112.182	
112.182	
112.196	
112.21	
112.21	
112.224	
112.238	
112.252	
112.252	
112.266	
112.28	
112.28	
112.294	
112.308	
112.322	
112.322	
112.336	
112.35	
112.35	
112.364	
112.378	
112.392	
112.392	
112.406	
112.42	
112.42	
112.434	
112.448	
112.462	
112.462	
112.476	
112.49	
112.49	
112.504	
112.518	
112.532	
112.532	
112.546	
112.56	
112.56	
112.574	
112.588	
112.602	
112.602	
112.616	
112.63	
112.63	
112.644	
112.658	
112.672	
112.672	
112.686	
112.7	
112.7	
112.714	
112.728	
112.742	
112.742	
112.756	
112.77	
112.77	
112.784	
112.798	
112.812	
112.812	
112.826	
112.84	
112.84	
112.854	
112.868	
112.882	
112.882	
112.896	
112.91	
112.91	
112.924	
112.938	
112.952	
112.952	
112.966	
112.98	
112.98	
112.994	
113.008	
113.022	
113.022	
113.036	
113.05	
113.05	
113.064	
113.078	
113.092	
113.092	
113.109	
113.12	
113.12	
113.134	
113.148	
113.162	
113.162	
113.176	
113.19	
113.19	
113.204	
113.218	
113.232	
113.232	
113.246	
113.26	
113.26	
113.274	
113.288	
113.302	
113.302	
113.316	
113.33	
113.33	
113.344	
113.358	
113.372	
113.372	
113.386	
113.4	
113.4	
113.414	
113.428	
113.442	
113.442	
113.456	
113.47	
113.47	
113.484	
113.498	
113.512	
113.512	
113.526	
113.54	
113.54	
113.554	
113.568	
113.582	
113.582	
113.596	
113.61	
113.61	
113.624	
113.638	
113.652	
113.652	
113.666	
113.68	
113.68	
113.694	
113.708	
113.722	
113.722	
113.736	
113.75	
113.75	
113.764	
113.778	
113.792	
113.792	
113.806	
113.82	
113.82	
113.834	
113.848	
113.862	
113.862	
113.876	
113.89	
113.89	
113.904	
113.918	
113.932	
113.932	
113.946	
113.96	
113.96	
113.974	
113.988	
114.002	
114.002	
114.016	
114.03	
114.03	
114.044	
114.058	
114.072	
114.072	
114.086	
114.1	
114.1	
114.114	
114.128	
114.142	
114.142	
114.156	
114.17	
114.17	
114.184	
114.198	
114.212	
114.212	
114.226	
114.24	
114.24	
114.254	
114.268	
114.282	
114.282	
114.296	
114.31	
114.31	
114.324	
114.338	
114.352	
114.352	
114.366	
114.38	
114.38	
114.394	
114.408	
114.422	
114.422	
114.436	
114.45	
114.45	
114.464	
114.478	
114.492	
114.492	
114.506	
114.52	
114.52	
114.534	
114.548	
114.562	
114.562	
114.576	
114.59	
114.59	
114.604	
114.618	
114.632	
114.632	
114.646	
114.66	
114.66	
114.674	
114.688	
114.702	
114.702	
114.716	
114.73	
114.73	
114.744	
114.758	
114.772	
114.772	
114.786	
114.8	
114.8	
114.814	
114.828	
114.842	
114.842	
114.856	
114.87	
114.87	
114.884	
114.898	
114.912	
114.912	
114.926	
114.94	
114.94	
114.954	
114.968	
114.982	
114.982	
114.996	
115.01	
115.01	
115.024	
115.038	
115.052	
115.052	
115.066	
115.08	
115.08	
115.094	
115.108	
115.122	
115.122	
115.136	
115.15	
115.15	
115.164	
115.178	
115.192	
115.192	
115.206	
115.22	
115.22	
115.234	
115.248	
115.262	
115.262	
115.276	
115.29	
115.29	
115.304	
115.318	
115.332	
115.332	
115.346	
115.36	
115.36	
115.374	
115.388	
115.402	
115.402	
115.416	
115.43	
115.43	
115.444	
115.458	
115.472	
115.472	
115.486	
115.5	
115.5	
115.514	
115.528	
115.542	
115.542	
115.556	
115.57	
115.57	
115.584	
115.598	
115.612	
115.612	
115.626	
115.64	
115.64	
115.654	
115.668	
115.682	
115.682	
115.696	
115.71	
115.71	
115.724	
115.738	
115.752	
115.752	
115.766	
115.78	
115.78	
115.794	
115.808	
115.822	
115.822	
115.836	
115.85	
115.85	
115.864	
115.878	
115.892	
115.892	
115.906	
115.92	
115.92	
115.934	
115.948	
115.962	
115.962	
115.976	
115.99	
115.99	
116.004	
116.018	
116.032	
116.032	
116.046	
116.06	
116.06	
116.074	
116.088	
116.102	
116.102	
116.116	
116.13	
116.13	
116.144	
116.158	
116.172	
116.172	
116.186	
116.2	
116.2	
116.214	
116.228	
116.242	
116.242	
116.256	
116.27	
116.27	
116.284	
116.298	
116.312	
116.312	
116.326	
116.34	
116.34	
116.354	
116.368	
116.382	
116.382	
116.396	
116.41	
116.41	
116.424	
116.438	
116.452	
116.452	
116.466	
116.48	
116.48	
116.494	
116.508	
116.522	
116.522	
116.536	
116.55	
116.55	
116.564	
116.578	
116.592	
116.592	
116.606	
116.62	
116.62	
116.634	
116.648	
116.662	
116.662	
116.676	
116.69	
116.69	
116.704	
116.718	
116.732	
116.732	
116.746	
116.76	
116.76	
116.774	
116.788	
116.802	
116.802	
116.816	
116.83	
116.83	
116.844	
116.858	
116.872	
116.872	
116.886	
116.9	
116.9	
116.914	
116.928	
116.942	
116.942	
116.956	
116.97	
116.97	
116.984	
116.998	
117.012	
117.012	
117.026	
117.04	
117.04	
117.054	
117.068	
117.082	
117.082	
117.096	
117.11	
117.11	
117.124	
117.138	
117.152	
117.152	
117.166	
117.18	
117.18	
117.194	
117.208	
117.222	
117.222	
117.236	
117.25	
117.25	
117.264	
117.278	
117.292	
117.292	
117.306	
117.32	
117.32	
117.334	
117.348	
117.362	
117.362	
117.376	
117.39	
117.39	
117.404	
117.418	
117.432	
117.432	
117.446	
117.46	
117.46	
117.474	
117.488	
117.502	
117.502	
117.516	
117.53	
117.53	
117.544	
117.558	
117.572	
117.572	
117.586	
117.6	
117.6	
117.614	
117.628	
117.642	
117.642	
117.656	
117.67	
117.67	
117.684	
117.698	
117.712	
117.712	
117.726	
117.74	
117.74	
117.754	
117.768	
117.782	
117.782	
117.796	
117.81	
117.81	
117.824	
117.838	
117.852	
117.852	
117.866	
117.88	
117.88	
117.894	
117.908	
117.922	
117.922	
117.936	
117.95	
117.95	
117.964	
117.978	
117.992	
117.992	
118.006	
118.02	
118.02	
118.034	
118.048	
118.062	
118.062	
118.076	
118.09	
118.09	
118.104	
118.118	
118.132	
118.132	
118.146	
118.16	
118.16	
118.174	
118.188	
118.202	
118.202	
118.216	
118.23	
118.23	
118.244	
118.258	
118.272	
118.272	
118.286	
118.3	
118.3	
118.314	
118.328	
118.342	
118.342	
118.356	
118.37	
118.37	
118.384	
118.398	
118.412	
118.412	
118.426	
118.44	
118.44	
118.454	
118.468	
118.482	
118.482	
118.496	
118.51	
118.51	
118.524	
118.538	
118.552	
118.552	
118.566	
118.58	
118.58	
118.594	
118.608	
118.622	
118.622	
118.636	
118.65	
118.65	
118.664	
118.678	
118.692	
118.692	
118.706	
118.72	
118.72	
118.734	
118.748	
118.762	
118.762	
118.776	
118.79	
118.79	
118.804	
118.818	
118.832	
118.832	
118.846	
118.86	
118.86	
118.874	
118.888	
118.902	
118.902	
118.916	
118.93	
118.93	
118.944	
118.958	
118.972	
118.972	
118.986	
119	
119	
119.014	
119.028	
119.042	
119.042	
119.056	
119.07	
119.07	
119.084	
119.098	
119.112	
119.112	
119.126	
119.14	
119.14	
119.154	
119.168	
119.182	
119.182	
119.196	
119.21	
119.21	
119.224	
119.238	
119.252	
119.252	
119.266	
119.28	
119.28	
119.294	
119.308	
119.322	
119.322	
119.336	
119.35	
119.35	
119.364	
119.378	
119.392	
119.392	
119.406	
119.42	
119.42	
119.434	
119.448	
119.462	
119.462	
119.476	
119.49	
119.49	
119.504	
119.518	
119.532	
119.532	
119.546	
119.56	
119.56	
119.574	
119.588	
119.602	
119.602	
119.616	
119.63	
119.63	
119.644	
119.658	
119.672	
119.672	
119.686	
119.7	
119.7	
119.714	
119.728	
119.742	
119.742	
119.756	
119.77	
119.77	
119.784	
119.798	
119.812	
119.812	
119.826	
119.84	
119.84	
119.854	
119.868	
119.882	
119.882	
119.896	
119.91	
119.91	
119.924	
119.938	
119.952	
119.952	
119.966	
119.98	
119.98	
119.994	
120.008	
120.022	
120.022	
120.036	
120.05	
120.05	
120.064	
120.078	
120.092	
120.092	
120.106	
120.12	
120.12	
120.134	
120.148	
120.162	
120.162	
120.176	
120.19	
120.19	
120.204	
120.218	
120.232	
120.232	
120.246	
120.26	
120.26	
120.274	
120.288	
120.302	
120.302	
120.316	
120.33	
120.33	
120.344	
120.358	
120.372	
120.372	
120.386	
120.4	
120.4	
120.414	
120.428	
120.442	
120.442	
120.456	
120.47	
120.47	
120.484	
120.498	
120.512	
120.512	
120.526	
120.54	
120.54	
120.554	
120.568	
120.582	
120.582	
120.596	
120.61	
120.61	
120.624	
120.638	
120.652	
120.652	
120.666	
120.68	
120.68	
120.694	
120.708	
120.722	
120.722	
120.736	
120.75	
120.75	
120.764	
120.778	
120.792	
120.792	
120.806	
120.82	
120.82	
120.834	
120.848	
120.862	
120.862	
120.876	
120.89	
120.89	
120.904	
120.918	
120.932	
120.932	
120.946	
120.96	
120.96	
120.974	
120.988	
121.002	
121.002	
121.016	
121.03	
121.03	
121.044	
121.058	
121.072	
121.072	
121.086	
121.1	
121.1	
121.114	
121.128	
121.142	
121.142	
121.156	
121.17	
121.17	
121.184	
121.198	
121.212	
121.212	
121.226	
121.24	
121.24	
121.254	
121.268	
121.282	
121.282	
121.296	
121.31	
121.31	
121.324	
121.338	
121.352	
121.352	
121.366	
121.38	
121.38	
121.394	
121.408	
121.422	
121.422	
121.436	
121.45	
121.45	
121.464	
121.478	
121.492	
121.492	
121.506	
121.52	
121.52	
121.534	
121.548	
121.562	
121.562	
121.576	
121.59	
121.59	
121.604	
121.618	
121.632	
121.632	
121.646	
121.66	
121.66	
121.674	
121.688	
121.702	
121.702	
121.716	
121.73	
121.73	
121.744	
121.758	
121.772	
121.772	
121.786	
121.8	
121.8	
121.814	
121.828	
121.842	
121.842	
121.856	
121.87	
121.87	
121.884	
121.898	
121.912	
121.912	
121.926	
121.94	
121.94	
121.954	
121.968	
121.982	
121.982	
121.996	
122.01	
122.01	
122.024	
122.038	
122.052	
122.052	
122.066	
122.08	
122.08	
122.094	
122.108	
122.122	
122.122	
122.136	
122.15	
122.15	
122.164	
122.178	
122.192	
122.192	
122.206	
122.22	
122.22	
122.234	
122.248	
122.262	
122.262	
122.276	
122.29	
122.29	
122.304	
122.318	
122.332	
122.332	
122.346	
122.36	
122.36	
122.374	
122.388	
122.402	
122.402	
122.416	
122.43	
122.43	
122.444	
122.458	
122.472	
122.472	
122.486	
122.5	
122.5	
122.514	
122.528	
122.542	
122.542	
122.556	
122.57	
122.57	
122.584	
122.598	
122.612	
122.612	
122.626	
122.64	
122.64	
122.654	
122.668	
122.682	
122.682	
122.696	
122.71	
122.71	
122.724	
122.738	
122.752	
122.752	
122.766	
122.78	
122.78	
122.794	
122.808	
122.822	
122.822	
122.836	
122.85	
122.85	
122.864	
122.878	
122.892	
122.892	
122.906	
122.92	
122.92	
122.934	
122.948	
122.962	
122.962	
122.976	
122.99	
122.99	
123.004	
123.018	
123.032	
123.032	
123.046	
123.06	
123.06	
123.074	
123.088	
123.088	
123.102	
123.116	
123.13	
123.13	
123.144	
123.158	
123.172	
123.172	
123.186	
123.2	
123.2	
123.214	
123.228	
123.242	
123.242	
123.256	
123.27	
123.27	
123.284	
123.298	
123.298	
123.312	
123.326	
123.34	
123.34	
123.354	
123.368	
123.382	
123.382	
123.396	
123.41	
123.41	
123.424	
123.438	
123.452	
123.452	
123.466	
123.48	
123.48	
123.494	
123.508	
123.508	
123.522	
123.536	
123.55	
123.55	
123.564	
123.578	
123.592	
123.592	
123.606	
123.62	
123.62	
123.634	
123.648	
123.662	
123.662	
123.676	
123.69	
123.69	
123.704	
123.718	
123.732	
123.732	
123.746	
123.76	
123.76	
123.774	
123.788	
123.802	
123.802	
123.816	
123.832	
123.832	
123.844	
123.858	
123.872	
123.872	
123.886	
123.9	
123.9	
123.914	
123.928	
123.942	
123.942	
123.956	
123.97	
123.97	
123.984	
123.998	
124.012	
124.012	
124.026	
124.04	
124.04	
124.054	
124.068	
124.082	
124.082	
124.096	
124.11	
