time	
1385.75	
1385.75	
1385.77	
1385.78	
1385.78	
1385.79	
1385.81	
1385.82	
1385.82	
1385.84	
1385.85	
1385.85	
1385.86	
1385.88	
1385.89	
1385.89	
1385.91	
1385.92	
1385.92	
1385.93	
1385.95	
1385.96	
1385.96	
1385.98	
1385.99	
1385.99	
1386	
1386.02	
1386.03	
1386.03	
1386.05	
1386.06	
1386.06	
1386.07	
1386.09	
1386.1	
1386.1	
1386.12	
1386.13	
1386.13	
1386.14	
1386.16	
1386.17	
1386.17	
1386.19	
1386.2	
1386.2	
1386.21	
1386.23	
1386.24	
1386.24	
1386.26	
1386.27	
1386.27	
1386.28	
1386.3	
1386.31	
1386.31	
1386.33	
1386.34	
1386.34	
1386.35	
1386.37	
1386.38	
1386.38	
1386.4	
1386.41	
1386.41	
1386.42	
1386.44	
1386.45	
1386.45	
1386.47	
1386.48	
1386.48	
1386.49	
1386.51	
1386.52	
1386.52	
1386.54	
1386.55	
1386.55	
1386.56	
1386.58	
1386.59	
1386.59	
1386.61	
1386.62	
1386.62	
1386.63	
1386.65	
1386.66	
1386.66	
1386.68	
1386.69	
1386.69	
1386.7	
1386.72	
1386.73	
1386.73	
1386.75	
1386.76	
1386.76	
1386.77	
1386.79	
1386.8	
1386.8	
1386.82	
1386.83	
1386.83	
1386.84	
1386.86	
1386.87	
1386.87	
1386.89	
1386.9	
1386.9	
1386.91	
1386.93	
1386.94	
1386.94	
1386.96	
1386.97	
1386.97	
1386.98	
1387	
1387.01	
1387.01	
1387.03	
1387.04	
1387.04	
1387.05	
1387.07	
1387.08	
1387.08	
1387.1	
1387.11	
1387.11	
1387.12	
1387.14	
1387.15	
1387.15	
1387.17	
1387.18	
1387.18	
1387.19	
1387.21	
1387.22	
1387.22	
1387.24	
1387.25	
1387.25	
1387.26	
1387.28	
1387.29	
1387.29	
1387.31	
1387.32	
1387.32	
1387.33	
1387.35	
1387.36	
1387.36	
1387.38	
1387.39	
1387.39	
1387.4	
1387.42	
1387.43	
1387.43	
1387.45	
1387.46	
1387.46	
1387.47	
1387.49	
1387.5	
1387.5	
1387.52	
1387.53	
1387.53	
1387.54	
1387.56	
1387.57	
1387.57	
1387.59	
1387.6	
1387.6	
1387.61	
1387.63	
1387.64	
1387.64	
1387.66	
1387.67	
1387.67	
1387.68	
1387.7	
1387.71	
1387.71	
1387.73	
1387.74	
1387.74	
1387.75	
1387.77	
1387.78	
1387.78	
1387.8	
1387.81	
1387.81	
1387.82	
1387.84	
1387.85	
1387.85	
1387.87	
1387.88	
1387.88	
1387.89	
1387.91	
1387.92	
1387.92	
1387.94	
1387.95	
1387.95	
1387.96	
1387.98	
1387.99	
1387.99	
1388.01	
1388.02	
1388.02	
1388.03	
1388.05	
1388.06	
1388.06	
1388.08	
1388.09	
1388.09	
1388.1	
1388.12	
1388.13	
1388.13	
1388.15	
1388.16	
1388.16	
1388.17	
1388.19	
1388.2	
1388.2	
1388.22	
1388.23	
1388.23	
1388.24	
1388.26	
1388.27	
1388.27	
1388.29	
1388.3	
1388.3	
1388.31	
1388.33	
1388.34	
1388.34	
1388.36	
1388.37	
1388.37	
1388.38	
1388.4	
1388.41	
1388.41	
1388.43	
1388.44	
1388.44	
1388.45	
1388.47	
1388.48	
1388.48	
1388.5	
1388.51	
1388.51	
1388.52	
1388.54	
1388.55	
1388.55	
1388.57	
1388.58	
1388.58	
1388.59	
1388.61	
1388.62	
1388.62	
1388.64	
1388.65	
1388.65	
1388.66	
1388.68	
1388.69	
1388.69	
1388.71	
1388.72	
1388.72	
1388.73	
1388.75	
1388.76	
1388.76	
1388.78	
1388.79	
1388.79	
1388.8	
1388.82	
1388.83	
1388.83	
1388.85	
1388.86	
1388.86	
1388.87	
1388.89	
1388.9	
1388.9	
1388.92	
1388.93	
1388.93	
1388.94	
1388.96	
1388.97	
1388.97	
1388.99	
1389	
1389	
1389.01	
1389.03	
1389.04	
1389.04	
1389.06	
1389.07	
1389.07	
1389.08	
1389.1	
1389.11	
1389.11	
1389.13	
1389.14	
1389.14	
1389.15	
1389.17	
1389.18	
1389.18	
1389.2	
1389.21	
1389.21	
1389.22	
1389.24	
1389.25	
1389.25	
1389.27	
1389.28	
1389.28	
1389.29	
1389.31	
1389.32	
1389.32	
1389.34	
1389.35	
1389.35	
1389.36	
1389.38	
1389.39	
1389.39	
1389.41	
1389.42	
1389.42	
1389.43	
1389.45	
1389.46	
1389.46	
1389.48	
1389.49	
1389.49	
1389.5	
1389.52	
1389.53	
1389.53	
1389.55	
1389.56	
1389.56	
1389.57	
1389.59	
1389.6	
1389.6	
1389.62	
1389.63	
1389.63	
1389.64	
1389.66	
1389.67	
1389.67	
1389.69	
1389.7	
1389.7	
1389.71	
1389.73	
1389.74	
1389.74	
1389.76	
1389.77	
1389.77	
1389.78	
1389.8	
1389.81	
1389.81	
1389.83	
1389.84	
1389.84	
1389.85	
1389.87	
1389.88	
1389.88	
1389.9	
1389.91	
1389.91	
1389.92	
1389.94	
1389.95	
1389.95	
1389.97	
1389.98	
1389.98	
1389.99	
1390.01	
1390.02	
1390.02	
1390.04	
1390.05	
1390.05	
1390.06	
1390.08	
1390.09	
1390.09	
1390.11	
1390.12	
1390.12	
1390.13	
1390.15	
1390.16	
1390.16	
1390.18	
1390.19	
1390.19	
1390.2	
1390.22	
1390.23	
1390.23	
1390.25	
1390.26	
1390.26	
1390.27	
1390.29	
1390.3	
1390.3	
1390.32	
1390.33	
1390.33	
1390.34	
1390.36	
1390.37	
1390.37	
1390.39	
1390.4	
1390.4	
1390.41	
1390.43	
1390.44	
1390.44	
1390.46	
1390.47	
1390.47	
1390.48	
1390.5	
1390.51	
1390.51	
1390.53	
1390.54	
1390.54	
1390.55	
1390.57	
1390.58	
1390.58	
1390.6	
1390.61	
1390.61	
1390.62	
1390.64	
1390.65	
1390.65	
1390.67	
1390.68	
1390.68	
1390.69	
1390.71	
1390.72	
1390.72	
1390.74	
1390.75	
1390.75	
1390.76	
1390.78	
1390.79	
1390.79	
1390.81	
1390.82	
1390.82	
1390.83	
1390.85	
1390.86	
1390.86	
1390.88	
1390.89	
1390.89	
1390.9	
1390.92	
1390.93	
1390.93	
1390.95	
1390.96	
1390.96	
1390.97	
1390.99	
1391	
1391	
1391.02	
1391.03	
1391.03	
1391.04	
1391.06	
1391.07	
1391.07	
1391.09	
1391.1	
1391.11	
1391.11	
1391.13	
1391.14	
1391.14	
1391.16	
1391.17	
1391.17	
1391.18	
1391.2	
1391.21	
1391.21	
1391.23	
1391.24	
1391.24	
1391.25	
1391.27	
1391.28	
1391.28	
1391.3	
1391.31	
1391.31	
1391.32	
