time	
968.818	
968.832	
968.846	
968.86	
968.86	
968.874	
968.888	
968.888	
968.902	
968.916	
968.93	
968.93	
968.944	
968.958	
968.958	
968.972	
968.986	
969	
969	
969.014	
969.028	
969.028	
969.042	
969.056	
969.07	
969.07	
969.084	
969.098	
969.098	
969.112	
969.126	
969.14	
969.14	
969.154	
969.168	
969.168	
969.182	
969.196	
969.21	
969.21	
969.224	
969.238	
969.238	
969.252	
969.266	
969.28	
969.28	
969.294	
969.308	
969.308	
969.322	
969.336	
969.35	
969.35	
969.364	
969.378	
969.378	
969.392	
969.406	
969.42	
969.42	
969.434	
969.448	
969.448	
969.462	
969.476	
969.49	
969.49	
969.504	
969.518	
969.518	
969.532	
969.546	
969.56	
969.56	
969.574	
969.588	
969.588	
969.602	
969.616	
969.63	
969.63	
969.644	
969.658	
969.658	
969.672	
969.686	
969.7	
969.7	
969.714	
969.728	
969.728	
969.742	
969.756	
969.77	
969.77	
969.784	
969.798	
969.798	
969.812	
969.826	
969.84	
969.84	
969.854	
969.868	
969.868	
969.882	
969.896	
969.91	
969.91	
969.924	
969.938	
969.938	
969.952	
969.966	
969.98	
969.98	
969.994	
970.008	
970.008	
970.022	
970.036	
970.05	
970.05	
970.064	
970.078	
970.078	
970.092	
970.106	
970.12	
970.12	
970.134	
970.148	
970.148	
970.162	
970.176	
970.19	
970.19	
970.204	
970.218	
970.218	
970.232	
970.246	
970.26	
970.26	
970.274	
970.288	
970.288	
970.302	
970.316	
970.33	
970.33	
970.344	
970.358	
970.358	
970.372	
970.386	
970.4	
970.4	
970.414	
970.428	
970.428	
970.442	
970.456	
970.47	
970.47	
970.484	
970.498	
970.498	
970.512	
970.526	
970.54	
970.54	
970.554	
970.568	
970.568	
970.582	
970.596	
970.61	
970.61	
970.624	
970.638	
970.638	
970.652	
970.666	
970.68	
970.68	
970.694	
970.708	
970.708	
970.722	
970.736	
970.75	
970.75	
970.764	
970.778	
970.778	
970.792	
970.806	
970.82	
970.82	
970.834	
970.848	
970.848	
970.862	
970.876	
970.89	
970.89	
970.904	
970.918	
970.918	
970.932	
970.946	
970.96	
970.96	
970.974	
970.988	
970.988	
971.002	
971.016	
971.03	
971.03	
971.044	
971.058	
971.058	
971.072	
971.086	
971.1	
971.1	
971.114	
971.128	
971.128	
971.142	
971.156	
971.17	
971.17	
971.184	
971.198	
971.198	
971.212	
971.226	
971.24	
971.24	
971.254	
971.268	
971.268	
971.282	
971.296	
971.31	
971.31	
971.324	
971.338	
971.338	
971.352	
971.366	
971.38	
971.38	
971.394	
971.408	
971.408	
971.422	
971.436	
971.45	
971.45	
971.464	
971.478	
971.478	
971.492	
971.506	
971.52	
971.52	
971.534	
971.548	
971.548	
971.562	
971.576	
971.59	
971.59	
971.604	
971.618	
971.618	
971.632	
971.646	
971.66	
971.66	
971.674	
971.688	
971.688	
971.702	
971.716	
971.73	
971.73	
971.744	
971.758	
971.758	
971.772	
971.786	
971.8	
971.8	
971.814	
971.828	
971.828	
971.842	
971.856	
971.87	
971.87	
971.884	
971.898	
971.898	
971.912	
971.926	
971.94	
971.94	
971.954	
971.968	
971.968	
971.982	
971.996	
972.01	
972.01	
972.024	
972.038	
972.038	
972.052	
972.066	
972.08	
972.08	
972.094	
972.108	
972.108	
972.122	
972.136	
972.15	
972.15	
972.164	
972.178	
972.178	
972.192	
972.206	
972.22	
972.22	
972.234	
972.248	
972.248	
972.262	
972.276	
972.29	
972.29	
972.304	
972.318	
972.318	
972.332	
972.346	
972.36	
972.36	
972.374	
972.388	
972.388	
972.402	
972.416	
972.43	
972.43	
972.444	
972.458	
972.458	
972.472	
972.486	
972.5	
972.5	
972.514	
972.528	
972.528	
972.542	
972.556	
972.57	
972.57	
972.584	
972.598	
972.598	
972.612	
972.626	
972.64	
972.64	
972.654	
972.668	
972.668	
972.682	
972.696	
972.71	
972.71	
972.724	
972.738	
972.738	
972.752	
972.766	
972.78	
972.78	
972.794	
972.808	
972.808	
972.822	
972.836	
972.85	
972.85	
972.864	
972.878	
972.878	
972.892	
972.906	
972.92	
972.92	
972.934	
972.948	
972.948	
972.962	
972.976	
972.99	
972.99	
973.004	
973.018	
973.018	
973.032	
973.046	
973.06	
973.06	
973.074	
973.088	
973.088	
973.102	
973.116	
973.13	
973.13	
973.144	
973.158	
973.158	
973.172	
973.186	
973.2	
973.2	
973.214	
973.228	
973.228	
973.242	
973.256	
973.27	
973.27	
973.284	
973.298	
973.298	
973.312	
973.326	
973.34	
973.34	
973.354	
973.368	
973.368	
973.382	
973.396	
973.41	
973.41	
973.424	
973.438	
973.438	
973.452	
973.466	
973.48	
973.48	
973.494	
973.508	
973.508	
973.522	
973.536	
973.55	
973.55	
973.564	
973.578	
973.578	
973.592	
973.606	
973.62	
973.62	
973.634	
973.648	
973.648	
973.662	
973.676	
973.69	
973.69	
973.704	
973.718	
973.718	
973.732	
973.746	
973.76	
973.76	
973.774	
973.788	
973.788	
973.802	
973.816	
973.83	
973.83	
973.844	
973.858	
973.858	
973.872	
973.886	
973.9	
973.9	
973.914	
973.928	
973.928	
973.942	
973.956	
973.97	
973.97	
973.984	
973.998	
973.998	
974.012	
974.026	
974.04	
974.04	
974.054	
974.068	
974.068	
974.082	
974.096	
974.11	
974.11	
974.124	
974.138	
974.138	
974.152	
974.166	
974.166	
974.182	
974.194	
974.208	
974.208	
974.222	
974.236	
974.25	
974.25	
974.264	
974.278	
974.278	
974.292	
974.306	
974.32	
974.32	
974.334	
974.348	
974.348	
974.362	
974.376	
974.39	
974.39	
