time	
1692.23	
1692.24	
1692.25	
1692.25	
1692.27	
1692.28	
1692.28	
1692.3	
1692.31	
1692.32	
1692.32	
1692.34	
1692.35	
1692.35	
1692.37	
1692.38	
1692.39	
1692.39	
1692.41	
1692.42	
1692.42	
1692.44	
1692.45	
1692.46	
1692.46	
1692.48	
1692.49	
1692.49	
1692.51	
1692.52	
1692.53	
1692.53	
1692.55	
1692.56	
1692.56	
1692.58	
1692.59	
1692.6	
1692.6	
1692.62	
1692.63	
1692.63	
1692.65	
1692.66	
1692.67	
1692.67	
1692.69	
1692.7	
1692.7	
1692.72	
1692.73	
1692.74	
1692.74	
1692.76	
1692.77	
1692.77	
1692.79	
1692.8	
1692.81	
1692.81	
1692.83	
1692.84	
1692.84	
1692.86	
1692.87	
1692.88	
1692.88	
1692.9	
1692.91	
1692.91	
1692.93	
1692.94	
1692.95	
1692.95	
1692.97	
1692.98	
1692.98	
1693	
1693.01	
1693.02	
1693.02	
1693.04	
1693.05	
1693.05	
1693.07	
1693.08	
1693.09	
1693.09	
1693.11	
1693.12	
1693.12	
1693.14	
1693.15	
1693.16	
1693.16	
1693.18	
1693.19	
1693.19	
1693.21	
1693.22	
1693.23	
1693.23	
1693.25	
1693.26	
1693.26	
1693.28	
1693.29	
1693.3	
1693.3	
1693.32	
1693.33	
1693.33	
1693.35	
1693.36	
1693.36	
1693.38	
1693.39	
1693.4	
1693.4	
1693.42	
1693.43	
1693.44	
1693.44	
1693.46	
1693.47	
1693.47	
1693.49	
1693.5	
1693.51	
1693.51	
1693.53	
1693.54	
1693.54	
1693.56	
1693.57	
1693.58	
1693.58	
1693.6	
1693.61	
1693.61	
1693.63	
1693.64	
1693.65	
1693.65	
1693.67	
1693.68	
1693.68	
1693.7	
1693.71	
1693.72	
1693.72	
1693.74	
1693.75	
1693.75	
1693.77	
1693.78	
1693.79	
1693.79	
1693.81	
1693.82	
1693.82	
1693.84	
1693.85	
1693.86	
1693.86	
1693.88	
1693.89	
1693.89	
1693.91	
1693.92	
1693.93	
1693.93	
1693.95	
1693.96	
1693.96	
1693.98	
1693.99	
1694	
1694	
1694.02	
1694.03	
1694.03	
1694.05	
1694.06	
1694.07	
1694.07	
1694.09	
1694.1	
1694.1	
1694.12	
1694.13	
1694.14	
1694.14	
1694.16	
1694.17	
1694.17	
1694.19	
1694.2	
1694.21	
1694.21	
1694.23	
1694.24	
1694.24	
1694.26	
1694.27	
1694.28	
1694.28	
1694.3	
1694.31	
1694.31	
1694.33	
1694.34	
1694.35	
1694.35	
1694.37	
1694.38	
1694.38	
1694.4	
1694.41	
1694.42	
1694.42	
1694.44	
1694.45	
1694.45	
1694.47	
1694.48	
1694.49	
1694.49	
1694.51	
1694.52	
1694.52	
1694.54	
1694.55	
1694.56	
1694.56	
1694.58	
1694.59	
1694.59	
1694.61	
1694.62	
1694.63	
1694.63	
1694.65	
1694.66	
1694.66	
1694.68	
1694.69	
1694.7	
1694.7	
1694.72	
1694.73	
1694.73	
1694.75	
1694.76	
1694.77	
1694.77	
1694.79	
1694.8	
1694.8	
1694.82	
1694.83	
1694.84	
1694.84	
1694.86	
1694.87	
1694.87	
1694.89	
1694.9	
1694.91	
1694.91	
1694.93	
1694.94	
1694.94	
1694.96	
1694.97	
1694.98	
1694.98	
1695	
1695.01	
1695.01	
1695.03	
1695.04	
1695.05	
1695.05	
1695.07	
1695.08	
1695.08	
1695.1	
1695.11	
1695.12	
1695.12	
1695.14	
1695.15	
1695.15	
1695.17	
1695.18	
1695.19	
1695.19	
1695.21	
1695.22	
1695.22	
1695.24	
1695.25	
1695.26	
1695.26	
1695.28	
1695.29	
1695.29	
1695.31	
1695.32	
1695.33	
1695.33	
1695.35	
1695.36	
1695.36	
1695.38	
1695.39	
1695.4	
1695.4	
1695.42	
1695.43	
1695.43	
1695.45	
1695.46	
1695.47	
1695.47	
1695.49	
1695.5	
1695.5	
1695.52	
1695.53	
1695.54	
1695.54	
1695.56	
1695.57	
1695.57	
1695.59	
1695.6	
1695.61	
1695.61	
1695.63	
1695.64	
1695.64	
1695.66	
1695.67	
1695.68	
1695.68	
1695.7	
1695.71	
1695.71	
1695.73	
1695.74	
1695.75	
1695.75	
1695.77	
1695.78	
1695.78	
1695.8	
1695.81	
1695.82	
1695.82	
1695.84	
1695.85	
1695.85	
1695.87	
1695.88	
1695.89	
1695.89	
1695.91	
1695.92	
1695.92	
1695.94	
1695.95	
1695.96	
1695.96	
1695.98	
1695.99	
1695.99	
1696.01	
1696.02	
1696.03	
1696.03	
1696.05	
1696.06	
1696.06	
1696.08	
1696.09	
1696.1	
1696.1	
1696.12	
1696.13	
1696.13	
1696.15	
1696.16	
1696.17	
1696.17	
1696.19	
1696.2	
1696.2	
1696.22	
1696.23	
1696.24	
1696.24	
1696.26	
1696.27	
1696.27	
1696.29	
1696.3	
1696.31	
1696.31	
1696.33	
1696.34	
1696.34	
1696.36	
1696.37	
1696.38	
1696.38	
1696.4	
1696.41	
1696.41	
1696.43	
1696.44	
1696.45	
1696.45	
1696.47	
1696.48	
1696.48	
1696.5	
1696.51	
1696.52	
1696.52	
1696.54	
1696.55	
1696.55	
1696.57	
1696.58	
1696.59	
1696.59	
1696.61	
1696.62	
1696.62	
1696.64	
1696.65	
1696.66	
1696.66	
1696.68	
1696.69	
1696.69	
1696.71	
1696.72	
1696.73	
1696.73	
1696.75	
1696.76	
1696.76	
1696.78	
1696.79	
1696.8	
1696.8	
1696.82	
1696.83	
1696.83	
1696.85	
1696.86	
1696.87	
1696.87	
1696.89	
1696.9	
1696.9	
1696.92	
1696.93	
1696.94	
1696.94	
1696.96	
1696.97	
1696.97	
1696.99	
1697	
1697.01	
1697.01	
1697.03	
1697.04	
1697.04	
1697.06	
1697.07	
1697.08	
1697.08	
1697.1	
1697.11	
1697.11	
1697.13	
1697.14	
1697.15	
1697.15	
1697.17	
1697.18	
1697.18	
1697.2	
1697.21	
1697.22	
1697.22	
1697.24	
1697.25	
1697.25	
1697.27	
1697.28	
1697.29	
1697.29	
1697.31	
1697.32	
1697.32	
1697.34	
1697.35	
1697.36	
1697.36	
1697.38	
1697.39	
1697.39	
1697.41	
1697.42	
1697.43	
1697.43	
1697.45	
1697.46	
1697.46	
1697.48	
1697.49	
1697.5	
1697.5	
1697.52	
1697.53	
1697.53	
1697.55	
1697.56	
1697.57	
1697.57	
1697.59	
1697.6	
1697.6	
1697.62	
1697.63	
1697.64	
1697.64	
1697.66	
1697.67	
1697.67	
1697.69	
1697.7	
1697.71	
1697.71	
1697.73	
1697.74	
1697.74	
1697.76	
1697.77	
1697.78	
1697.78	
1697.8	
1697.81	
1697.81	
1697.83	
1697.84	
1697.85	
1697.85	
1697.87	
1697.88	
1697.88	
1697.9	
1697.91	
1697.92	
1697.92	
1697.94	
1697.95	
1697.95	
1697.97	
1697.98	
1697.99	
1697.99	
1698.01	
1698.02	
1698.02	
1698.04	
1698.05	
1698.06	
1698.06	
1698.08	
1698.09	
1698.09	
1698.11	
1698.12	
1698.13	
1698.13	
1698.15	
1698.16	
1698.16	
1698.18	
1698.19	
1698.2	
1698.2	
1698.22	
1698.23	
1698.23	
1698.25	
1698.26	
1698.27	
1698.27	
1698.29	
1698.3	
1698.3	
1698.32	
1698.33	
1698.34	
1698.34	
1698.36	
1698.37	
1698.37	
1698.39	
1698.4	
1698.41	
1698.41	
1698.43	
1698.44	
1698.44	
1698.46	
1698.47	
1698.48	
1698.48	
1698.5	
1698.51	
1698.51	
1698.53	
1698.54	
1698.55	
1698.55	
1698.57	
1698.58	
1698.58	
1698.6	
1698.61	
1698.62	
1698.62	
1698.64	
1698.65	
1698.65	
1698.67	
1698.68	
1698.69	
1698.69	
1698.71	
1698.72	
1698.72	
1698.74	
1698.75	
1698.76	
1698.76	
1698.78	
1698.79	
1698.79	
1698.81	
1698.82	
1698.83	
1698.83	
1698.85	
1698.86	
1698.86	
1698.88	
1698.89	
1698.9	
1698.9	
1698.92	
1698.93	
1698.93	
1698.95	
1698.96	
1698.97	
1698.97	
1698.99	
1699	
1699	
1699.02	
1699.03	
1699.04	
1699.04	
1699.06	
1699.07	
1699.07	
1699.09	
1699.1	
1699.11	
1699.11	
1699.13	
1699.14	
1699.14	
1699.16	
1699.17	
1699.18	
1699.18	
1699.2	
1699.21	
1699.21	
1699.23	
1699.24	
1699.25	
1699.25	
1699.27	
1699.28	
1699.28	
1699.3	
1699.31	
1699.32	
1699.32	
1699.34	
1699.35	
1699.35	
1699.37	
1699.38	
1699.39	
1699.39	
1699.41	
1699.42	
1699.42	
1699.44	
1699.45	
1699.46	
1699.46	
1699.48	
1699.49	
1699.49	
1699.51	
1699.52	
1699.53	
1699.53	
1699.55	
1699.56	
1699.56	
1699.58	
1699.59	
1699.6	
1699.6	
1699.62	
1699.63	
1699.63	
1699.65	
1699.66	
1699.67	
1699.67	
1699.69	
1699.7	
1699.7	
1699.72	
1699.73	
1699.74	
1699.74	
1699.76	
1699.77	
1699.77	
1699.79	
1699.8	
1699.81	
1699.81	
1699.83	
1699.84	
1699.84	
1699.86	
1699.87	
1699.88	
1699.88	
1699.9	
1699.91	
1699.91	
1699.93	
1699.94	
1699.95	
1699.95	
1699.97	
1699.98	
1699.98	
1700	
1700.01	
1700.02	
1700.02	
1700.04	
1700.05	
1700.05	
1700.07	
1700.08	
1700.09	
1700.09	
1700.11	
1700.12	
1700.12	
1700.14	
1700.15	
1700.16	
1700.16	
1700.18	
1700.19	
1700.19	
1700.21	
1700.22	
1700.23	
1700.23	
1700.25	
1700.26	
1700.26	
1700.28	
1700.29	
1700.3	
1700.3	
1700.32	
1700.33	
1700.33	
1700.35	
1700.36	
1700.37	
1700.37	
1700.39	
1700.4	
1700.4	
1700.42	
1700.43	
1700.44	
1700.44	
1700.46	
1700.47	
1700.47	
1700.49	
1700.5	
1700.51	
1700.51	
1700.53	
1700.54	
1700.54	
1700.56	
1700.57	
1700.58	
1700.58	
1700.6	
1700.61	
1700.61	
1700.63	
1700.64	
1700.65	
1700.65	
1700.67	
1700.68	
1700.68	
1700.7	
1700.71	
1700.72	
1700.72	
1700.74	
1700.75	
1700.75	
1700.77	
1700.78	
1700.79	
1700.79	
1700.81	
1700.82	
1700.82	
1700.84	
1700.85	
1700.86	
1700.86	
1700.88	
1700.89	
1700.89	
1700.91	
1700.92	
1700.93	
1700.93	
1700.95	
1700.96	
1700.96	
1700.98	
1700.99	
1701	
1701	
1701.02	
1701.03	
1701.03	
1701.05	
1701.06	
1701.07	
1701.07	
1701.09	
1701.1	
1701.1	
1701.12	
1701.13	
1701.14	
1701.14	
1701.16	
1701.17	
1701.17	
1701.19	
1701.2	
1701.21	
1701.21	
1701.23	
1701.24	
1701.24	
1701.26	
1701.27	
1701.28	
1701.28	
1701.3	
1701.31	
1701.31	
1701.33	
1701.34	
1701.35	
1701.35	
1701.37	
1701.38	
1701.38	
1701.4	
1701.41	
1701.42	
1701.42	
1701.44	
1701.45	
1701.45	
1701.47	
1701.48	
1701.49	
1701.49	
1701.51	
1701.52	
1701.52	
1701.54	
1701.55	
1701.56	
1701.56	
1701.58	
1701.59	
1701.59	
1701.61	
1701.62	
1701.63	
1701.63	
1701.65	
1701.66	
1701.66	
1701.68	
1701.69	
1701.7	
1701.7	
1701.72	
1701.73	
1701.73	
1701.75	
1701.76	
1701.77	
1701.77	
1701.79	
1701.8	
1701.8	
1701.82	
1701.83	
1701.84	
1701.84	
1701.86	
1701.87	
1701.87	
1701.89	
1701.9	
1701.91	
1701.91	
1701.93	
1701.94	
1701.94	
1701.96	
1701.97	
1701.98	
1701.98	
1702	
1702.01	
1702.01	
1702.03	
1702.04	
1702.05	
1702.05	
1702.07	
1702.08	
1702.08	
1702.1	
1702.11	
1702.12	
1702.12	
1702.14	
1702.15	
1702.15	
1702.17	
1702.18	
1702.19	
1702.19	
1702.21	
1702.22	
1702.22	
1702.24	
1702.25	
1702.26	
1702.26	
1702.28	
1702.29	
1702.29	
1702.31	
1702.32	
1702.33	
1702.33	
1702.35	
1702.36	
1702.36	
1702.38	
1702.39	
1702.4	
1702.4	
1702.42	
1702.43	
1702.43	
1702.45	
1702.46	
1702.47	
1702.47	
1702.49	
1702.5	
1702.5	
1702.52	
1702.53	
1702.54	
1702.54	
1702.56	
1702.57	
1702.57	
1702.59	
1702.6	
1702.61	
1702.61	
1702.63	
1702.64	
1702.64	
1702.66	
1702.67	
1702.68	
1702.68	
1702.7	
1702.71	
1702.71	
1702.73	
1702.74	
1702.75	
1702.75	
1702.77	
1702.78	
1702.78	
1702.8	
1702.81	
1702.82	
1702.82	
1702.84	
1702.85	
1702.85	
1702.87	
1702.88	
1702.89	
1702.89	
1702.91	
1702.92	
1702.92	
1702.94	
1702.95	
1702.96	
1702.96	
1702.98	
1702.99	
1702.99	
1703.01	
1703.02	
1703.03	
1703.03	
1703.05	
1703.06	
1703.06	
1703.08	
1703.09	
1703.1	
1703.1	
1703.12	
1703.13	
1703.13	
1703.15	
1703.16	
1703.17	
1703.17	
1703.19	
1703.2	
1703.2	
1703.22	
1703.23	
1703.24	
1703.24	
1703.26	
1703.27	
1703.27	
1703.29	
1703.3	
1703.31	
1703.31	
1703.33	
1703.34	
1703.34	
1703.36	
1703.37	
1703.38	
1703.38	
1703.4	
1703.41	
1703.41	
1703.43	
1703.44	
1703.45	
1703.45	
1703.47	
1703.48	
1703.48	
1703.5	
1703.51	
1703.52	
1703.52	
1703.54	
1703.55	
1703.55	
1703.57	
1703.58	
1703.59	
1703.59	
1703.61	
1703.62	
1703.62	
1703.64	
1703.65	
1703.66	
1703.66	
1703.68	
1703.69	
1703.69	
1703.71	
1703.72	
1703.73	
1703.73	
1703.75	
1703.76	
1703.76	
1703.78	
1703.79	
1703.8	
1703.8	
1703.82	
1703.83	
1703.83	
1703.85	
1703.86	
1703.87	
1703.87	
1703.89	
1703.9	
1703.9	
1703.92	
1703.93	
1703.94	
1703.94	
1703.96	
1703.97	
1703.97	
1703.99	
1704	
1704.01	
1704.01	
1704.03	
1704.04	
1704.04	
1704.06	
1704.07	
1704.08	
1704.08	
1704.1	
1704.11	
1704.11	
1704.13	
1704.14	
1704.15	
1704.15	
1704.17	
1704.18	
1704.18	
1704.2	
1704.21	
1704.22	
1704.22	
1704.24	
1704.25	
1704.25	
1704.27	
1704.28	
1704.29	
1704.29	
1704.31	
1704.32	
1704.32	
1704.34	
1704.35	
1704.36	
1704.36	
1704.38	
1704.39	
1704.39	
1704.41	
1704.42	
1704.43	
1704.43	
1704.45	
1704.46	
1704.46	
1704.48	
1704.49	
1704.5	
1704.5	
1704.52	
1704.53	
1704.53	
1704.55	
1704.56	
1704.57	
1704.57	
1704.59	
1704.6	
1704.6	
1704.62	
1704.63	
1704.64	
1704.64	
1704.66	
1704.67	
1704.67	
1704.69	
1704.7	
1704.71	
1704.71	
1704.73	
1704.74	
1704.74	
1704.76	
1704.77	
1704.78	
1704.78	
1704.8	
1704.81	
1704.81	
1704.83	
1704.84	
1704.85	
1704.85	
1704.87	
1704.88	
1704.88	
1704.9	
1704.91	
1704.92	
1704.92	
1704.94	
1704.95	
1704.95	
1704.97	
1704.98	
1704.99	
1704.99	
1705.01	
1705.02	
1705.02	
1705.04	
1705.05	
1705.06	
1705.06	
1705.08	
1705.09	
1705.09	
1705.11	
1705.12	
1705.13	
1705.13	
1705.15	
1705.16	
1705.16	
1705.18	
1705.19	
1705.2	
