time	
345.38	
345.394	
345.408	
345.408	
345.422	
345.436	
345.436	
345.45	
345.464	
345.478	
345.478	
345.492	
345.506	
345.506	
345.52	
345.534	
345.548	
345.548	
345.562	
345.576	
345.576	
345.59	
345.604	
345.618	
345.618	
345.632	
345.646	
345.646	
345.66	
345.674	
345.688	
345.688	
345.702	
345.716	
345.716	
345.73	
345.744	
345.758	
345.758	
345.772	
345.786	
345.786	
345.8	
345.814	
345.828	
345.828	
345.842	
345.856	
345.856	
345.87	
345.884	
345.898	
345.898	
345.912	
345.926	
345.926	
345.94	
345.954	
345.968	
345.968	
345.982	
345.996	
345.996	
346.01	
346.024	
346.038	
346.038	
346.052	
346.066	
346.066	
346.08	
346.094	
346.108	
346.108	
346.122	
346.136	
346.136	
346.15	
346.164	
346.178	
346.178	
346.192	
346.206	
346.206	
346.22	
346.234	
346.248	
346.248	
346.262	
346.276	
346.276	
346.29	
346.304	
346.318	
346.318	
346.332	
346.346	
346.346	
346.36	
346.374	
346.388	
346.388	
346.402	
346.416	
346.416	
346.43	
346.444	
346.458	
346.458	
346.472	
346.486	
346.486	
346.5	
346.514	
346.528	
346.528	
346.542	
346.556	
346.556	
346.57	
346.584	
346.598	
346.598	
346.612	
346.626	
346.626	
346.64	
346.654	
346.668	
346.668	
346.682	
346.696	
346.696	
346.71	
346.724	
346.738	
346.738	
346.752	
346.766	
346.766	
346.78	
346.794	
346.808	
346.808	
346.822	
346.836	
346.836	
346.85	
346.864	
346.878	
346.878	
346.892	
346.906	
346.906	
346.92	
346.934	
346.948	
346.948	
346.962	
346.976	
346.976	
346.99	
347.004	
347.018	
347.018	
347.032	
347.046	
347.046	
347.06	
347.074	
347.088	
347.088	
347.102	
347.116	
347.116	
347.13	
347.144	
347.158	
347.158	
347.172	
347.186	
347.186	
347.2	
347.214	
347.228	
347.228	
347.242	
347.256	
347.256	
347.27	
347.284	
347.298	
347.298	
347.312	
347.326	
347.326	
347.34	
347.354	
347.368	
347.368	
347.382	
347.396	
347.396	
347.41	
347.424	
347.438	
347.438	
347.452	
347.466	
347.466	
347.48	
347.494	
347.508	
347.508	
347.522	
347.536	
347.536	
347.55	
347.564	
347.578	
347.578	
347.592	
347.606	
347.606	
347.62	
347.634	
347.648	
347.648	
347.662	
347.676	
347.676	
347.69	
347.704	
347.718	
347.718	
347.732	
347.746	
347.746	
347.76	
347.774	
347.788	
347.788	
347.802	
347.816	
347.816	
347.83	
347.844	
347.858	
347.858	
347.872	
347.886	
347.886	
347.9	
347.914	
347.928	
347.928	
347.942	
347.956	
347.956	
347.97	
347.984	
347.998	
347.998	
348.012	
348.026	
348.026	
348.04	
348.054	
348.068	
348.068	
348.082	
348.096	
348.096	
348.11	
348.124	
348.138	
348.138	
348.152	
348.166	
348.166	
348.18	
348.194	
348.208	
348.208	
348.222	
348.236	
348.236	
348.25	
348.264	
348.278	
348.278	
348.292	
348.306	
348.306	
348.32	
348.334	
348.348	
348.348	
348.362	
348.376	
348.376	
348.39	
348.404	
348.418	
348.418	
348.432	
348.446	
348.446	
348.46	
348.474	
348.488	
348.488	
348.502	
348.516	
348.516	
348.53	
348.544	
348.558	
348.558	
348.572	
348.586	
348.586	
348.6	
348.614	
348.628	
348.628	
348.642	
348.656	
348.656	
348.67	
348.684	
348.698	
348.698	
348.712	
348.726	
348.726	
348.74	
348.754	
348.768	
348.768	
348.782	
348.796	
348.796	
348.81	
348.824	
348.838	
348.838	
348.852	
348.866	
348.866	
348.88	
348.894	
348.908	
348.908	
348.922	
348.936	
348.936	
348.95	
348.964	
348.978	
348.978	
348.992	
349.006	
349.006	
349.02	
349.034	
349.048	
349.048	
349.062	
349.076	
349.076	
349.09	
349.104	
349.118	
349.118	
349.132	
349.146	
349.146	
349.16	
349.174	
349.188	
349.188	
349.202	
349.216	
349.216	
349.23	
349.244	
349.258	
349.258	
349.272	
349.286	
349.286	
349.3	
349.314	
349.328	
349.328	
349.342	
349.356	
349.356	
349.37	
349.384	
349.398	
349.398	
349.412	
349.426	
349.426	
349.44	
349.454	
349.468	
349.468	
349.482	
349.496	
349.496	
349.51	
349.524	
349.538	
349.538	
349.552	
349.566	
349.566	
349.58	
349.594	
349.608	
349.608	
349.622	
349.636	
349.636	
349.65	
349.664	
349.678	
349.678	
349.692	
349.706	
349.706	
349.72	
349.734	
349.748	
349.748	
349.762	
349.776	
349.776	
349.79	
349.804	
349.818	
349.818	
349.832	
349.846	
349.846	
349.86	
349.874	
349.888	
349.888	
349.902	
349.916	
349.916	
349.93	
349.944	
349.958	
349.958	
349.972	
349.986	
349.986	
350	
350.014	
350.028	
350.028	
350.042	
350.056	
350.056	
350.07	
350.084	
350.098	
350.098	
350.112	
350.126	
350.126	
350.14	
350.154	
350.168	
350.168	
350.182	
350.196	
350.21	
350.21	
350.224	
350.238	
350.238	
350.252	
350.266	
350.266	
350.28	
350.294	
350.308	
350.308	
350.322	
350.336	
350.336	
350.35	
350.364	
350.378	
350.378	
350.392	
350.406	
350.406	
350.42	
350.434	
350.448	
350.448	
350.462	
350.476	
350.476	
350.49	
350.504	
350.518	
350.518	
350.532	
350.546	
350.546	
350.56	
350.574	
350.588	
350.588	
350.602	
350.616	
350.616	
350.63	
350.644	
350.658	
350.658	
350.672	
350.686	
350.686	
350.7	
350.714	
350.728	
350.728	
350.742	
350.756	
350.756	
350.77	
350.784	
350.798	
350.798	
350.812	
350.826	
350.826	
350.84	
350.854	
350.868	
350.868	
350.882	
350.896	
350.896	
350.91	
350.924	
350.938	
350.938	
350.952	
350.966	
350.966	
350.98	
350.994	
351.008	
351.008	
351.022	
351.036	
351.036	
351.05	
351.064	
351.078	
351.078	
351.092	
351.106	
351.106	
351.12	
351.134	
351.148	
351.148	
351.162	
351.176	
351.176	
351.19	
351.204	
351.218	
351.218	
351.232	
351.246	
351.246	
351.26	
351.274	
351.288	
351.288	
351.302	
351.316	
351.316	
351.33	
351.344	
351.358	
351.358	
351.372	
351.386	
351.386	
351.4	
351.414	
351.428	
351.428	
351.442	
351.456	
351.456	
351.47	
351.484	
351.498	
351.498	
351.512	
351.526	
351.526	
351.54	
351.554	
351.568	
351.568	
351.582	
351.596	
351.596	
351.61	
351.624	
351.638	
351.638	
351.652	
351.666	
351.666	
351.68	
351.694	
351.708	
351.708	
351.722	
351.736	
351.736	
351.75	
351.764	
351.778	
351.778	
351.792	
351.806	
351.806	
351.82	
351.834	
351.848	
351.848	
351.862	
351.876	
351.876	
351.89	
351.904	
351.918	
351.918	
351.932	
351.946	
351.946	
351.96	
351.974	
351.988	
351.988	
352.002	
352.016	
352.016	
352.03	
352.044	
352.058	
352.058	
352.072	
352.086	
352.086	
352.1	
352.114	
352.128	
352.128	
352.142	
352.156	
352.156	
352.17	
352.184	
352.198	
352.198	
352.212	
352.226	
352.226	
352.24	
352.254	
352.268	
352.268	
352.282	
352.296	
352.296	
352.31	
352.324	
352.338	
352.338	
352.352	
352.366	
352.366	
352.38	
352.394	
352.408	
352.408	
352.422	
352.436	
352.436	
352.45	
352.464	
352.478	
352.478	
352.492	
352.506	
352.506	
352.52	
352.534	
352.548	
352.548	
352.562	
352.576	
352.576	
352.59	
352.604	
352.618	
352.618	
352.632	
352.646	
352.646	
352.66	
352.674	
352.688	
352.688	
352.702	
352.716	
352.716	
352.73	
352.744	
352.758	
352.758	
352.772	
352.786	
352.786	
352.8	
352.814	
352.828	
352.828	
352.842	
352.856	
352.856	
352.87	
352.884	
352.898	
352.898	
352.912	
352.926	
352.926	
352.94	
352.954	
352.968	
352.968	
352.982	
352.996	
352.996	
353.01	
353.024	
353.038	
353.038	
353.052	
353.066	
353.066	
353.08	
353.094	
353.108	
353.108	
353.122	
353.136	
353.136	
353.15	
353.164	
353.178	
353.178	
353.192	
353.206	
353.206	
353.22	
353.234	
353.248	
353.248	
353.262	
353.276	
353.276	
353.29	
353.304	
353.318	
353.318	
353.332	
353.346	
353.346	
353.36	
353.374	
353.388	
353.388	
353.402	
353.416	
353.416	
353.43	
353.444	
353.458	
353.458	
353.472	
353.486	
353.486	
353.5	
353.514	
353.528	
353.528	
353.542	
353.556	
353.556	
353.57	
353.584	
353.598	
353.598	
353.612	
353.626	
353.626	
353.64	
353.654	
353.668	
353.668	
353.682	
353.696	
353.696	
353.71	
353.724	
353.738	
353.738	
353.752	
353.766	
353.766	
353.78	
353.794	
353.808	
353.808	
353.822	
353.836	
353.836	
353.85	
353.864	
353.878	
353.878	
353.892	
353.906	
353.906	
353.92	
353.934	
353.948	
353.948	
353.962	
353.976	
353.976	
353.99	
354.004	
354.018	
354.018	
354.032	
354.046	
354.046	
354.06	
354.074	
354.088	
354.088	
354.102	
354.116	
354.116	
354.13	
354.144	
354.158	
354.158	
354.172	
354.186	
354.186	
354.2	
354.214	
354.228	
354.228	
354.242	
354.256	
354.256	
354.27	
354.284	
354.298	
354.298	
354.312	
354.326	
354.326	
354.34	
354.354	
354.368	
354.368	
354.382	
354.396	
354.396	
354.41	
354.424	
354.438	
354.438	
354.452	
354.466	
354.466	
354.48	
354.494	
354.508	
354.508	
354.522	
354.536	
354.536	
354.55	
354.564	
354.578	
354.578	
354.592	
354.606	
354.606	
354.62	
354.634	
354.648	
354.648	
354.662	
354.676	
354.676	
354.69	
354.704	
354.718	
354.718	
354.732	
354.746	
354.746	
354.76	
354.774	
354.788	
354.788	
354.802	
354.816	
354.816	
354.83	
354.844	
354.858	
354.858	
354.872	
354.886	
354.886	
354.9	
354.914	
354.928	
354.928	
354.942	
354.956	
354.956	
354.97	
354.984	
354.998	
354.998	
355.012	
355.026	
355.026	
355.04	
355.054	
355.068	
355.068	
355.082	
355.096	
355.096	
355.11	
355.124	
355.138	
355.138	
355.152	
355.166	
355.166	
355.18	
355.194	
355.208	
355.208	
355.222	
355.236	
355.236	
355.25	
355.264	
355.278	
355.278	
355.292	
355.306	
355.306	
355.32	
355.334	
355.348	
355.348	
355.362	
355.376	
355.376	
355.39	
355.404	
355.418	
355.418	
355.432	
355.446	
355.446	
355.46	
355.474	
355.488	
355.488	
355.502	
355.516	
355.516	
355.53	
355.544	
355.558	
355.558	
355.572	
355.586	
355.586	
355.6	
355.614	
355.628	
355.628	
355.642	
355.656	
355.656	
355.67	
355.684	
355.698	
355.698	
355.712	
355.726	
355.726	
355.74	
355.754	
355.768	
355.768	
355.782	
355.796	
355.796	
355.81	
355.824	
355.838	
355.838	
355.852	
355.866	
355.866	
355.88	
355.894	
355.908	
355.908	
355.922	
355.936	
355.936	
355.95	
355.964	
355.978	
355.978	
355.992	
356.006	
356.006	
356.02	
356.034	
356.048	
356.048	
356.062	
356.076	
356.076	
356.09	
356.104	
356.118	
356.118	
356.132	
356.146	
356.146	
356.16	
356.174	
356.188	
356.188	
356.202	
356.216	
356.216	
356.23	
356.244	
356.258	
356.258	
356.272	
356.286	
356.286	
356.301	
356.314	
356.328	
356.328	
356.342	
356.356	
356.356	
356.37	
356.384	
356.398	
356.398	
356.412	
356.426	
356.426	
356.44	
356.454	
356.468	
356.468	
356.482	
356.496	
356.496	
356.51	
356.524	
356.538	
356.538	
356.552	
356.566	
356.566	
356.58	
356.594	
356.608	
356.608	
356.622	
356.636	
356.636	
356.65	
356.664	
356.678	
356.678	
356.692	
356.706	
356.706	
356.72	
356.734	
356.748	
356.748	
356.762	
356.776	
356.776	
356.79	
356.804	
356.818	
356.818	
356.832	
356.846	
356.846	
356.86	
356.874	
356.888	
356.888	
356.902	
356.916	
356.916	
356.93	
356.944	
356.958	
356.958	
356.972	
356.986	
356.986	
357	
357.014	
357.028	
357.028	
357.042	
357.056	
357.056	
357.07	
357.084	
357.098	
357.098	
357.112	
357.126	
357.126	
357.14	
357.154	
357.168	
357.168	
357.182	
357.196	
357.196	
357.21	
357.224	
357.238	
357.238	
357.252	
357.266	
357.266	
357.28	
357.294	
357.308	
357.308	
357.322	
357.336	
357.336	
357.35	
357.364	
357.378	
357.378	
357.392	
357.406	
357.406	
357.42	
357.434	
357.448	
357.448	
357.462	
357.476	
357.476	
357.49	
357.504	
357.518	
357.518	
357.532	
357.546	
357.546	
357.56	
357.574	
357.588	
357.588	
357.602	
357.616	
357.616	
357.63	
357.644	
357.658	
357.658	
357.672	
357.686	
357.686	
357.7	
357.714	
357.728	
357.728	
357.742	
357.756	
357.756	
357.77	
357.784	
357.798	
357.798	
357.812	
357.826	
357.826	
357.84	
357.854	
357.868	
357.868	
357.882	
357.896	
357.896	
357.91	
357.924	
357.938	
357.938	
357.952	
357.966	
357.966	
357.98	
357.994	
358.008	
358.008	
358.022	
358.036	
358.036	
358.05	
358.064	
358.078	
358.078	
358.092	
358.106	
358.106	
358.12	
358.134	
358.148	
358.148	
358.162	
358.176	
358.176	
358.19	
358.204	
358.218	
358.218	
358.232	
358.246	
358.246	
358.26	
358.274	
358.288	
358.288	
358.302	
358.316	
358.316	
358.33	
358.344	
