time	joint_joint0	joint_joint1	joint_joint2	joint_joint3	joint_joint4	joint_joint5	joint_joint6	cart_pos_x	cart_pos_y	cart_pos_z	cart_quat_x	cart_quat_y	cart_quat_z	cart_quat_w	force_joint_joint0	force_joint_joint1	force_joint_joint2	force_joint_joint3	force_joint_joint4	force_joint_joint5	force_joint_joint6	cart_force_x	cart_force_y	cart_force_z	cart_trq_x	cart_trq_y	cart_trq_z	
1486249551141	-2.24709	1.63756	-2.17326	1.882	2.30171	-1.65993	-0.958051	-0.112774	0.718008	0.330927	-0.00662429	-0.933672	0.00893586	-0.357955	2.00172	-2.61081	1.92644	-0.652218	0.339188	1.27398	-0.394906	2.08319	-4.27236	9.13513	0.856684	-1.07126	-0.59484	
1486249551531	-2.24691	1.63739	-2.17308	1.88184	2.30175	-1.6598	-0.958051	-0.11264	0.717963	0.33088	-0.00665899	-0.933648	0.00902874	-0.358017	1.85218	-2.64248	1.83717	-0.576255	0.334552	1.1731	-0.403008	2.42651	-3.90234	8.67363	0.831395	-1.0299	-0.618617	
1486249551731	-2.2469	1.63739	-2.17307	1.88183	2.30176	-1.6598	-0.958051	-0.112634	0.717963	0.330875	-0.00665935	-0.933649	0.00903302	-0.358013	1.84637	-2.63797	1.82441	-0.569264	0.341099	1.16599	-0.401485	2.43885	-3.88606	8.63606	0.827776	-1.03117	-0.620056	
1486249552181	-2.2469	1.63737	-2.17302	1.88181	2.30177	-1.6598	-0.958051	-0.112619	0.717951	0.330861	-0.00667047	-0.933653	0.0090506	-0.358002	1.89227	-2.6263	1.79718	-0.548877	0.346467	1.33311	-0.415522	2.3851	-3.86193	8.88932	0.930097	-1.1342	-0.613126	
1486249552303	-2.2469	1.63736	-2.17299	1.88179	2.30178	-1.65982	-0.958051	-0.112611	0.717947	0.330844	-0.0066764	-0.933661	0.0090703	-0.35798	2.19181	-2.63351	1.81114	-0.54633	0.32269	1.63326	-0.437279	2.06797	-4.30071	9.5336	1.12247	-1.26865	-0.613979	
1486249552771	-2.24853	1.63756	-2.17314	1.88177	2.30271	-1.66033	-0.958053	-0.113195	0.7181	0.330259	-0.00618079	-0.934073	0.00893972	-0.356916	3.40446	-3.57299	2.84736	-0.828337	-0.125832	2.36334	-0.398825	1.78547	-6.34809	13.3892	1.76069	-1.31338	-0.540745	
1486249553072	-2.24874	1.63777	-2.17333	1.88178	2.30284	-1.66049	-0.958053	-0.113387	0.718223	0.330239	-0.00604205	-0.934155	0.00880252	-0.356708	3.62896	-3.84171	3.18836	-1.00431	-0.26249	2.46806	-0.343136	1.56059	-6.76138	14.4802	1.87499	-1.25129	-0.475659	
1486249553164	-2.24876	1.63782	-2.17334	1.88178	2.30286	-1.66049	-0.958053	-0.113404	0.718233	0.330232	-0.00603209	-0.934164	0.00878694	-0.356686	3.65697	-3.89168	3.22053	-1.02271	-0.284008	2.49184	-0.366168	1.58868	-6.82671	14.6058	1.89712	-1.24912	-0.495079	
1486249553188	-2.2488	1.63784	-2.17334	1.88178	2.30287	-1.6605	-0.958053	-0.11342	0.718243	0.33023	-0.0060235	-0.934172	0.00876818	-0.356664	3.64356	-3.92402	3.22487	-1.04579	-0.286805	2.50318	-0.374933	1.5928	-6.79443	14.6834	1.91068	-1.25309	-0.503654	
1486249553800	-2.2496	1.63854	-2.17391	1.88182	2.30316	-1.66113	-0.958053	-0.113921	0.718535	0.330167	-0.00571601	-0.934404	0.00849418	-0.356069	4.06819	-4.23352	3.48072	-1.2466	-0.41307	2.75566	-0.434549	1.22567	-7.62736	16.0156	2.12238	-1.26256	-0.559537	
1486249554174	-2.25021	1.63872	-2.17501	1.88188	2.30333	-1.66156	-0.958053	-0.11449	0.718859	0.330111	-0.00515635	-0.934516	0.00830812	-0.355787	4.3068	-4.26644	3.47266	-1.21196	-0.518031	2.7842	-0.401504	1.02544	-7.93761	15.9947	2.21186	-1.17212	-0.545889	
1486249554669	-2.25014	1.63872	-2.17506	1.88188	2.30345	-1.66156	-0.958053	-0.114488	0.718882	0.330139	-0.0051241	-0.934516	0.00823944	-0.355789	4.31732	-4.31174	3.51743	-1.15412	-0.593089	2.53878	-0.387652	1.27369	-8.04453	15.4485	2.09749	-0.977695	-0.564351	
1486249556279	-2.25013	1.63872	-2.17506	1.88188	2.30345	-1.66156	-0.958053	-0.114484	0.718883	0.330146	-0.00512485	-0.934513	0.00823745	-0.355798	4.19977	-4.2766	3.47671	-1.14708	-0.593641	2.44151	-0.383416	1.3373	-7.84594	15.1311	2.03699	-0.925774	-0.562277	
1486249556289	-2.25013	1.63872	-2.17506	1.88188	2.30345	-1.66156	-0.958053	-0.114484	0.718883	0.330146	-0.00512485	-0.934513	0.00823745	-0.355798	4.20136	-4.2734	3.47469	-1.14934	-0.593212	2.44158	-0.383317	1.32393	-7.85103	15.1303	2.03642	-0.925126	-0.562193	
1486249556348	-2.25013	1.63872	-2.17506	1.88188	2.30345	-1.66156	-0.958053	-0.114484	0.718883	0.330146	-0.00512485	-0.934513	0.00823745	-0.355798	4.21482	-4.28414	3.48873	-1.14696	-0.595289	2.43995	-0.381481	1.3415	-7.87974	15.1545	2.0365	-0.923402	-0.561936	
1486249556949	-2.25012	1.63872	-2.17506	1.88188	2.30345	-1.66156	-0.958053	-0.114483	0.718883	0.330147	-0.00512606	-0.934512	0.00823777	-0.3558	4.15403	-4.25073	3.44762	-1.15037	-0.592434	2.44044	-0.390638	1.31923	-7.75696	15.0547	2.03237	-0.926589	-0.563078	
1486249557109	-2.25012	1.63872	-2.17506	1.88188	2.30345	-1.66156	-0.958053	-0.114482	0.718883	0.330147	-0.00512597	-0.934512	0.00823695	-0.3558	4.15243	-4.25385	3.45829	-1.14984	-0.592535	2.43716	-0.390005	1.33528	-7.76164	15.0643	2.02825	-0.926167	-0.561766	
1486249557259	-2.25012	1.63872	-2.17506	1.88188	2.30345	-1.66156	-0.958054	-0.114482	0.718883	0.330148	-0.00512552	-0.934512	0.00823796	-0.3558	4.14017	-4.23514	3.45141	-1.15523	-0.590674	2.4342	-0.389844	1.30199	-7.74888	15.04	2.02098	-0.924502	-0.558659	
1486249557358	-2.25012	1.63872	-2.17506	1.88188	2.30345	-1.66156	-0.958054	-0.114482	0.718883	0.330147	-0.00512516	-0.934512	0.00823726	-0.3558	4.12551	-4.25104	3.44955	-1.155	-0.589042	2.43225	-0.389192	1.33694	-7.70636	15.0454	2.02497	-0.926749	-0.560015	
1486249558750	-2.25012	1.63872	-2.17506	1.88188	2.30345	-1.66156	-0.958054	-0.114481	0.718883	0.330149	-0.00512569	-0.934511	0.00823694	-0.355803	4.10998	-4.22702	3.445	-1.15307	-0.584925	2.40597	-0.385771	1.32551	-7.70217	14.9677	2.00134	-0.914359	-0.556653	
