time	joint_joint0	joint_joint1	joint_joint2	joint_joint3	joint_joint4	joint_joint5	joint_joint6	cart_pos_x	cart_pos_y	cart_pos_z	cart_quat_x	cart_quat_y	cart_quat_z	cart_quat_w	force_joint_joint0	force_joint_joint1	force_joint_joint2	force_joint_joint3	force_joint_joint4	force_joint_joint5	force_joint_joint6	cart_force_x	cart_force_y	cart_force_z	cart_trq_x	cart_trq_y	cart_trq_z	
1486251252334	-2.252	1.63871	-2.17549	1.88603	2.29824	-1.6618	-0.957805	-0.115108	0.717772	0.331028	-0.00673611	-0.933877	0.00888894	-0.35742	1.17929	-1.70964	1.30291	-0.489704	0.47404	0.838536	-0.378742	1.68795	-2.93385	6.36779	0.418976	-0.926515	-0.511617	
1486251252394	6.92091e-310	6.92091e-310	6.92091e-310	6.92097e-310	6.92087e-310	6.92091e-310	6.92091e-310	-0.114662	0.71774	0.33084	-0.00653492	-0.933759	0.00839965	-0.357743	1.3964	-1.71785	1.30182	-0.560575	0.549895	1.02728	-0.376346	1.32595	-3.3245	7.01472	0.51458	-1.06639	-0.519484	
1486251252404	-2.25132	1.63784	-2.17441	1.88532	2.29971	-1.65984	-0.957807	-0.114662	0.71774	0.33084	-0.00653492	-0.933759	0.00839965	-0.357743	1.49614	-1.86035	1.41185	-0.629426	0.541102	1.07429	-0.382416	1.329	-3.53121	7.49948	0.559054	-1.08227	-0.535942	
1486251252414	-2.25132	1.63784	-2.17441	1.88532	2.29971	-1.65984	-0.957807	-0.114431	0.717652	0.330717	-0.00658056	-0.933739	0.00858994	-0.357792	1.49614	-1.86035	1.41185	-0.629426	0.541102	1.07429	-0.382416	1.329	-3.53121	7.49948	0.559054	-1.08227	-0.535942	
1486251252434	-2.25103	1.63758	-2.17414	1.88515	2.29978	-1.65984	-0.957807	-0.114237	0.717558	0.330667	-0.00667279	-0.933719	0.00875171	-0.357838	1.53634	-2.13189	1.59803	-0.713638	0.496945	1.09673	-0.391997	1.56822	-3.59389	8.10737	0.617546	-1.07257	-0.55729	
1486251252444	-2.25074	1.63743	-2.174	1.88507	2.2999	-1.65984	-0.957807	-0.114237	0.717558	0.330667	-0.00667279	-0.933719	0.00875171	-0.357838	1.5748	-2.30695	1.72472	-0.763502	0.457378	1.1228	-0.401904	1.72202	-3.65479	8.51013	0.663576	-1.06495	-0.57099	
1486251252454	-2.25074	1.63743	-2.174	1.88507	2.2999	-1.65984	-0.957807	-0.114237	0.717558	0.330667	-0.00667279	-0.933719	0.00875171	-0.357838	1.5748	-2.30695	1.72472	-0.763502	0.457378	1.1228	-0.401904	1.72202	-3.65479	8.51013	0.663576	-1.06495	-0.57099	
1486251252464	-2.25046	1.63737	-2.17392	1.88503	2.29994	-1.65984	-0.957807	-0.114237	0.717558	0.330667	-0.00667279	-0.933719	0.00875171	-0.357838	1.66118	-2.43537	1.80089	-0.767798	0.417475	1.16496	-0.410258	1.84266	-3.76959	8.78134	0.723495	-1.06277	-0.586088	
1486251252524	-2.25007	1.63737	-2.17373	1.88485	2.29999	-1.65984	-0.957807	-0.113809	0.717461	0.330809	-0.00691682	-0.933637	0.00884714	-0.358045	1.94463	-2.56154	1.85515	-0.663548	0.32557	1.26526	-0.426423	2.01159	-4.16762	8.95341	0.851664	-1.05173	-0.616622	
1486251252544	-2.25007	1.63737	-2.17372	1.88476	2.29999	-1.65983	-0.957807	-0.113809	0.717461	0.330809	-0.00691682	-0.933637	0.00884714	-0.358045	1.96641	-2.57594	1.85916	-0.64123	0.31065	1.25731	-0.42895	2.06944	-4.19614	8.90703	0.856555	-1.03812	-0.622157	
1486251252654	-2.24995	1.6373	-2.17356	1.88459	2.29999	-1.65973	-0.957807	-0.113703	0.717455	0.330737	-0.00692822	-0.933632	0.00895315	-0.358054	1.84289	-2.60553	1.81093	-0.632139	0.295853	1.17799	-0.431644	2.21929	-3.92049	8.6412	0.834262	-0.989071	-0.632519	
1486251252754	-2.24994	1.63729	-2.17354	1.88458	2.29999	-1.65972	-0.957807	-0.113692	0.71745	0.330731	-0.00693525	-0.933632	0.00896447	-0.358053	1.79603	-2.61725	1.78716	-0.59886	0.284204	1.15506	-0.432502	2.34538	-3.78691	8.49332	0.835456	-0.975464	-0.63508	
1486251252844	-2.24994	1.63728	-2.17353	1.88457	2.29999	-1.65971	-0.957807	-0.113689	0.71745	0.330728	-0.00693413	-0.933631	0.00896722	-0.358056	1.78052	-2.62315	1.77309	-0.58922	0.281405	1.13287	-0.433585	2.38754	-3.74918	8.41301	0.828961	-0.96203	-0.640511	
1486251252904	-2.24993	1.63728	-2.17353	1.88457	2.29999	-1.65971	-0.957807	-0.113684	0.717446	0.330727	-0.00693798	-0.933631	0.00897152	-0.358057	1.77947	-2.63687	1.77352	-0.580792	0.282299	1.12454	-0.435352	2.43598	-3.74295	8.39646	0.827886	-0.960341	-0.645785	
1486251252924	-2.24993	1.63727	-2.17353	1.88457	2.29999	-1.65971	-0.957807	-0.113684	0.717446	0.330727	-0.00693798	-0.933631	0.00897152	-0.358057	1.79549	-2.62375	1.77632	-0.572549	0.28168	1.12277	-0.4362	2.42931	-3.78676	8.37633	0.822229	-0.958504	-0.645895	
1486251252934	-2.24993	1.63727	-2.17353	1.88457	2.29999	-1.65971	-0.957807	-0.113683	0.717446	0.330726	-0.00693794	-0.933631	0.00897263	-0.358056	1.79549	-2.62375	1.77632	-0.572549	0.28168	1.12277	-0.4362	2.42931	-3.78676	8.37633	0.822229	-0.958504	-0.645895	
1486251253012	-2.24993	1.63727	-2.17352	1.88456	2.29999	-1.65971	-0.957807	-0.11368	0.717445	0.330724	-0.00693962	-0.933631	0.00897681	-0.358055	1.79276	-2.6173	1.76745	-0.565207	0.28498	1.1243	-0.435737	2.43657	-3.77476	8.35417	0.822903	-0.9626	-0.645688	
1486251253044	-2.24993	1.63727	-2.17352	1.88456	2.29999	-1.65971	-0.957807	-0.113679	0.717446	0.330721	-0.00693816	-0.933632	0.00897917	-0.358055	1.77661	-2.62812	1.77106	-0.569336	0.285655	1.11582	-0.436092	2.4612	-3.74523	8.35414	0.819264	-0.959863	-0.646887	
1486251253144	-2.24992	1.63727	-2.17351	1.88455	2.29999	-1.65971	-0.957809	-0.113677	0.717445	0.33072	-0.00693852	-0.933632	0.00898228	-0.358055	1.74391	-2.63316	1.76075	-0.577833	0.29064	1.11408	-0.43578	2.46954	-3.67189	8.35081	0.820096	-0.963751	-0.646223	
1486251253204	-2.24992	1.63726	-2.17351	1.88455	2.29999	-1.65971	-0.957809	-0.113675	0.717444	0.330719	-0.00693901	-0.933631	0.00898375	-0.358055	1.77632	-2.61706	1.76034	-0.566416	0.288038	1.11911	-0.434805	2.44427	-3.73901	8.33576	0.820512	-0.962593	-0.645299	
1486251253334	-2.24992	1.63726	-2.17351	1.88455	2.29999	-1.65971	-0.957809	-0.113673	0.717442	0.330719	-0.0069406	-0.933631	0.00898547	-0.358057	1.75953	-2.62438	1.7628	-0.568278	0.286562	1.11491	-0.435286	2.46695	-3.70415	8.33261	0.819433	-0.960976	-0.645017	
1486251253354	-2.24992	1.63726	-2.17351	1.88455	2.29999	-1.65971	-0.957809	-0.113672	0.717442	0.330719	-0.0069411	-0.933631	0.00898567	-0.358057	1.73284	-2.61791	1.75245	-0.574066	0.289321	1.11523	-0.436264	2.46064	-3.64937	8.31694	0.81828	-0.963792	-0.643437	
1486251253454	-2.24992	1.63726	-2.17351	1.88455	2.29999	-1.65971	-0.957809	-0.113671	0.717441	0.330719	-0.00694219	-0.93363	0.0089866	-0.358058	1.7816	-2.62515	1.76149	-0.563217	0.279655	1.12235	-0.436841	2.45557	-3.73913	8.33482	0.827545	-0.958429	-0.646996	
1486251253464	-2.24992	1.63726	-2.1735	1.88455	2.29999	-1.65971	-0.957809	-0.11367	0.71744	0.330717	-0.00694238	-0.933631	0.00898841	-0.358057	1.78565	-2.61285	1.75075	-0.563884	0.282825	1.1476	-0.439744	2.4228	-3.73569	8.36235	0.840152	-0.974287	-0.645801	
1486251253514	-2.24992	1.63726	-2.17349	1.88455	2.29999	-1.65971	-0.957809	-0.113666	0.717436	0.330714	-0.00694816	-0.933632	0.00899349	-0.358053	1.80287	-2.60526	1.73448	-0.557185	0.283345	1.22411	-0.447582	2.38875	-3.71699	8.47038	0.887396	-1.0193	-0.643208	
1486251253576	-2.24992	1.63725	-2.17345	1.88454	2.29999	-1.65972	-0.957809	-0.113659	0.71743	0.330707	-0.00695655	-0.933635	0.00900265	-0.358046	1.88273	-2.60085	1.71154	-0.561512	0.293018	1.36658	-0.464232	2.26726	-3.7999	8.74156	0.973597	-1.10282	-0.648041	
1486251253754	-2.24993	1.63723	-2.17342	1.88454	2.29999	-1.65975	-0.957809	-0.113651	0.717413	0.33069	-0.00697323	-0.933644	0.00902962	-0.358019	2.33269	-2.66605	1.75073	-0.573618	0.285018	1.79656	-0.503211	1.87502	-4.48616	9.7988	1.25022	-1.31651	-0.669616	
1486251253784	-2.24997	1.63723	-2.17342	1.88456	2.30007	-1.65985	-0.957809	-0.113672	0.717411	0.330671	-0.00696506	-0.933671	0.00902893	-0.357949	2.5541	-2.71098	1.80127	-0.555669	0.247192	1.93389	-0.512143	1.77295	-4.84602	10.1554	1.35191	-1.35691	-0.675527	
1486251254064	-2.25101	1.63725	-2.17345	1.88459	2.30064	-1.66023	-0.957809	-0.114043	0.717467	0.330262	-0.00666945	-0.933944	0.0089989	-0.357243	3.11067	-3.2275	2.38439	-0.707716	0.0326809	2.2735	-0.495821	1.78308	-5.82073	12.176	1.64506	-1.38494	-0.639684	
1486251254134	-2.25129	1.63726	-2.17348	1.88461	2.30077	-1.66026	-0.957809	-0.114149	0.717491	0.330164	-0.0065765	-0.934003	0.00896983	-0.357091	3.19772	-3.40268	2.60507	-0.789909	-0.0294657	2.31336	-0.465878	1.81253	-5.99372	12.7938	1.69071	-1.36306	-0.604931	
1486251254154	-2.25136	1.63727	-2.17351	1.88462	2.30081	-1.66026	-0.957809	-0.114149	0.717491	0.330164	-0.0065765	-0.934003	0.00896983	-0.357091	3.23677	-3.45674	2.67135	-0.814531	-0.0500461	2.32098	-0.455075	1.80978	-6.07075	12.9752	1.70396	-1.35074	-0.595183	
1486251254254	-2.25147	1.63739	-2.17361	1.88466	2.30089	-1.66026	-0.957811	-0.114258	0.717557	0.33016	-0.0064875	-0.934038	0.00884431	-0.357005	3.31899	-3.6103	2.88737	-0.892912	-0.126639	2.3576	-0.413756	1.79544	-6.21744	13.5431	1.75051	-1.31399	-0.545187	
1486251254274	-2.25147	1.63741	-2.17361	1.88466	2.30089	-1.66026	-0.957811	-0.114263	0.717561	0.330164	-0.0064875	-0.93404	0.00883444	-0.357	3.35297	-3.61708	2.90941	-0.898945	-0.136803	2.37023	-0.410105	1.76054	-6.28478	13.6119	1.7592	-1.31092	-0.540259	
1486251254314	-2.2515	1.63744	-2.17362	1.88468	2.30093	-1.66032	-0.957811	-0.114284	0.717571	0.330166	-0.00648198	-0.934057	0.00881544	-0.356957	3.42876	-3.6422	2.95487	-0.900779	-0.162522	2.40594	-0.401573	1.71945	-6.4116	13.7616	1.78941	-1.30853	-0.529547	
1486251254354	-2.25153	1.63747	-2.17364	1.88469	2.30094	-1.66036	-0.957811	-0.114302	0.717577	0.330165	-0.00647754	-0.934068	0.00880787	-0.356929	3.40528	-3.68147	2.99124	-0.93152	-0.172974	2.39966	-0.397907	1.73091	-6.37291	13.8611	1.79044	-1.29809	-0.524199	
1486251254374	-2.25153	1.63748	-2.17364	1.88469	2.30095	-1.66036	-0.957811	-0.114302	0.717577	0.330165	-0.00647754	-0.934068	0.00880787	-0.356929	3.40877	-3.69667	3.00313	-0.938574	-0.181865	2.40534	-0.397056	1.73017	-6.37186	13.902	1.79863	-1.29442	-0.522349	
1486251254544	-2.25165	1.6376	-2.17368	1.88472	2.30099	-1.6604	-0.957811	-0.114369	0.717612	0.330162	-0.0064471	-0.934099	0.00874619	-0.35685	3.47517	-3.73293	3.03962	-0.996165	-0.221894	2.44974	-0.421077	1.58485	-6.52582	14.1082	1.83341	-1.27712	-0.537776	
1486251254564	-2.25166	1.63761	-2.17368	1.88472	2.30099	-1.66041	-0.957811	-0.114371	0.717615	0.330167	-0.00644921	-0.9341	0.00873767	-0.356847	3.51561	-3.76333	3.0605	-0.990906	-0.233967	2.46096	-0.426552	1.61724	-6.59755	14.1694	1.84821	-1.27489	-0.545701	
1486251254714	-2.25178	1.63775	-2.17379	1.88474	2.3011	-1.66056	-0.957811	-0.114472	0.717676	0.330168	-0.00639309	-0.934153	0.00865662	-0.35671	3.59178	-3.8357	3.11063	-1.0427	-0.272365	2.5043	-0.462673	1.55773	-6.77743	14.4112	1.88662	-1.26251	-0.57744	
1486251254744	-2.25184	1.63778	-2.17383	1.88475	2.30112	-1.66059	-0.957811	-0.114492	0.717684	0.330159	-0.00637907	-0.934162	0.00865037	-0.356687	3.60658	-3.87078	3.12904	-1.05838	-0.286625	2.52074	-0.474045	1.56552	-6.80391	14.5003	1.9043	-1.26057	-0.587249	
1486251254824	-2.25198	1.63788	-2.17396	1.88477	2.30118	-1.66065	-0.957811	-0.114507	0.717692	0.330158	-0.00636794	-0.934167	0.00864096	-0.356673	3.66119	-3.94038	3.18208	-1.10486	-0.308431	2.55104	-0.487526	1.52571	-6.92337	14.7415	1.93359	-1.25584	-0.601053	
1486251254934	-2.25218	1.63802	-2.17419	1.88482	2.30127	-1.66084	-0.957811	-0.114758	0.71783	0.330151	-0.00618194	-0.934252	0.00848635	-0.356458	3.80258	-4.01303	3.24168	-1.14291	-0.347703	2.61302	-0.496662	1.41346	-7.18499	15.0489	1.992	-1.24859	-0.613229	
1486251254974	-2.25228	1.63806	-2.17441	1.88484	2.30129	-1.66092	-0.957811	-0.11486	0.71789	0.330152	-0.00608149	-0.934267	0.00844979	-0.356423	3.83706	-4.02148	3.2482	-1.15927	-0.363995	2.64807	-0.50149	1.34115	-7.2355	15.1436	2.01928	-1.25095	-0.613638	
1486251254984	-2.25233	1.63807	-2.17459	1.88485	2.3013	-1.66098	-0.957811	-0.11486	0.71789	0.330152	-0.00608149	-0.934267	0.00844979	-0.356423	3.8644	-4.03599	3.24931	-1.17235	-0.371523	2.66696	-0.503665	1.29507	-7.27445	15.2114	2.03793	-1.25145	-0.616902	
1486251255004	-2.25239	1.63807	-2.1748	1.88485	2.3013	-1.66106	-0.957811	-0.115011	0.717985	0.330155	-0.00590829	-0.934277	0.00842145	-0.3564	3.87706	-4.0383	3.23646	-1.17545	-0.374115	2.68383	-0.50409	1.26329	-7.27508	15.2336	2.05441	-1.2562	-0.618054	
1486251255034	-2.25247	1.63807	-2.17501	1.88486	2.3013	-1.66113	-0.957811	-0.115093	0.718034	0.330153	-0.00581593	-0.934283	0.00841013	-0.356385	3.93135	-4.04451	3.22403	-1.17402	-0.38214	2.71089	-0.504138	1.20535	-7.34718	15.2789	2.08196	-1.25916	-0.62204	
1486251255144	-2.25294	1.63833	-2.17516	1.88488	2.30144	-1.66118	-0.957811	-0.115316	0.718146	0.33007	-0.0056622	-0.93438	0.00826426	-0.356138	4.01734	-4.14261	3.33812	-1.2455	-0.411027	2.77323	-0.490553	1.111	-7.50794	15.7458	2.1323	-1.26583	-0.605937	
1486251255154	-2.25294	1.63833	-2.17516	1.88488	2.30144	-1.66118	-0.957811	-0.115316	0.718146	0.33007	-0.0056622	-0.93438	0.00826426	-0.356138	4.01734	-4.14261	3.33812	-1.2455	-0.411027	2.77323	-0.490553	1.111	-7.50794	15.7458	2.1323	-1.26583	-0.605937	
1486251255164	-2.25296	1.63838	-2.17516	1.88489	2.30145	-1.66118	-0.957811	-0.115316	0.718146	0.33007	-0.0056622	-0.93438	0.00826426	-0.356138	4.03455	-4.12587	3.35001	-1.24987	-0.416753	2.78041	-0.486408	1.05882	-7.55334	15.7681	2.13091	-1.26303	-0.597579	
1486251255174	-2.25296	1.63838	-2.17516	1.88489	2.30145	-1.66118	-0.957811	-0.115316	0.718146	0.33007	-0.0056622	-0.93438	0.00826426	-0.356138	4.03455	-4.12587	3.35001	-1.24987	-0.416753	2.78041	-0.486408	1.05882	-7.55334	15.7681	2.13091	-1.26303	-0.597579	
1486251255186	-2.25298	1.63841	-2.17517	1.88489	2.30147	-1.66118	-0.957812	-0.115332	0.718158	0.330073	-0.00565637	-0.934388	0.00823813	-0.356118	4.05424	-4.14529	3.37877	-1.24816	-0.4266	2.7798	-0.483175	1.08532	-7.59434	15.8154	2.13336	-1.25676	-0.594736	
1486251255224	-2.25298	1.63845	-2.17518	1.8849	2.30148	-1.66118	-0.957812	-0.11535	0.718177	0.330092	-0.00565301	-0.934395	0.00819077	-0.3561	4.04798	-4.15751	3.39963	-1.25929	-0.43692	2.74615	-0.475208	1.08719	-7.60147	15.7967	2.11601	-1.22849	-0.589979	
1486251255234	-2.25298	1.63845	-2.17518	1.8849	2.30148	-1.66118	-0.957812	-0.11535	0.718177	0.330092	-0.00565301	-0.934395	0.00819077	-0.3561	4.04798	-4.15751	3.39963	-1.25929	-0.43692	2.74615	-0.475208	1.08719	-7.60147	15.7967	2.11601	-1.22849	-0.589979	
1486251255254	-2.25298	1.63845	-2.17518	1.88491	2.30148	-1.66117	-0.957812	-0.11535	0.718177	0.330095	-0.00565384	-0.934394	0.00818605	-0.356102	4.05174	-4.13177	3.39316	-1.2558	-0.439906	2.71457	-0.470111	1.05309	-7.6336	15.7004	2.09296	-1.20472	-0.587246	
1486251255274	-2.25298	1.63845	-2.17518	1.88491	2.30148	-1.66117	-0.957812	-0.115349	0.718177	0.330097	-0.00565456	-0.934393	0.00818325	-0.356105	3.97889	-4.14179	3.3853	-1.27798	-0.435406	2.66462	-0.464495	1.07641	-7.50711	15.6239	2.06533	-1.18049	-0.585507	
1486251255404	-2.25298	1.63864	-2.17522	1.88497	2.30158	-1.66114	-0.957812	-0.115376	0.71821	0.330146	-0.00564503	-0.934397	0.00807648	-0.356097	3.78311	-4.24064	3.55544	-1.30264	-0.492857	2.40686	-0.437806	1.46016	-7.29117	15.3634	1.90988	-1.01541	-0.563013	
1486251255474	-2.25298	1.63865	-2.17523	1.88498	2.30159	-1.66114	-0.957812	-0.11539	0.718228	0.330179	-0.00564998	-0.934402	0.00801201	-0.356086	3.7752	-4.23384	3.55398	-1.28712	-0.511645	2.37212	-0.437838	1.49454	-7.2836	15.2377	1.89393	-0.98244	-0.56368	
1486251255494	-2.25298	1.63865	-2.17523	1.88499	2.30159	-1.66114	-0.957812	-0.11539	0.718228	0.330179	-0.00564935	-0.934402	0.00801122	-0.356086	3.74356	-4.23894	3.55429	-1.28598	-0.511921	2.36085	-0.43663	1.53429	-7.2189	15.2096	1.88818	-0.979302	-0.561433	
1486251255864	-2.25298	1.63866	-2.17523	1.88502	2.30161	-1.6611	-0.957812	-0.115392	0.71823	0.330196	-0.00565011	-0.934395	0.00797704	-0.356104	3.48269	-4.24187	3.54751	-1.30717	-0.504001	2.21161	-0.421822	1.7374	-6.76042	14.8877	1.79272	-0.917768	-0.544288	
1486251255914	-2.25298	1.63866	-2.17523	1.88502	2.30161	-1.6611	-0.957812	-0.115393	0.71823	0.330198	-0.00564964	-0.934395	0.00797446	-0.356105	3.46644	-4.25557	3.54999	-1.31257	-0.501172	2.20685	-0.420456	1.76009	-6.72427	14.9018	1.7924	-0.918669	-0.544442	
1486251255924	-2.25298	1.63866	-2.17523	1.88502	2.30161	-1.6611	-0.957812	-0.115393	0.71823	0.330198	-0.00564964	-0.934395	0.00797446	-0.356105	3.46728	-4.24044	3.54018	-1.31283	-0.497499	2.20586	-0.420906	1.73332	-6.73234	14.8788	1.78829	-0.919128	-0.544536	
1486251255954	-2.25298	1.63866	-2.17523	1.88502	2.30161	-1.6611	-0.957812	-0.115392	0.71823	0.330198	-0.00564974	-0.934394	0.00797362	-0.356106	3.46014	-4.23836	3.54076	-1.31511	-0.49624	2.20249	-0.420581	1.73262	-6.72313	14.8744	1.78466	-0.918374	-0.543692	
1486251256040	-2.25298	1.63866	-2.17523	1.88502	2.30161	-1.66109	-0.957814	-0.115392	0.71823	0.330199	-0.0056487	-0.934394	0.00796969	-0.356108	3.45772	-4.24105	3.53996	-1.31098	-0.495102	2.19578	-0.417531	1.74799	-6.71417	14.8594	1.7824	-0.916126	-0.542707	
1486251256084	-2.25298	1.63866	-2.17523	1.88503	2.30162	-1.66109	-0.957814	-0.115392	0.71823	0.3302	-0.00564864	-0.934393	0.00796834	-0.35611	3.45619	-4.23736	3.54174	-1.30848	-0.494919	2.19363	-0.416126	1.7514	-6.71336	14.8512	1.77967	-0.915599	-0.540779	
1486251256324	-2.25298	1.63866	-2.17523	1.88503	2.30162	-1.66108	-0.957814	-0.115392	0.718229	0.330203	-0.00564815	-0.934392	0.00796039	-0.356112	3.45414	-4.2344	3.54214	-1.2985	-0.494199	2.18509	-0.41369	1.7763	-6.7094	14.8195	1.77416	-0.913016	-0.539404	
1486251256362	-2.25298	1.63866	-2.17523	1.88503	2.30162	-1.66108	-0.957814	-0.115392	0.718229	0.330203	-0.00564798	-0.934392	0.00795998	-0.356113	3.44623	-4.23079	3.53874	-1.30011	-0.496812	2.18222	-0.412895	1.76896	-6.69219	14.8033	1.77311	-0.909055	-0.537669	
1486251256394	-2.25298	1.63866	-2.17523	1.88503	2.30162	-1.66108	-0.957814	-0.115392	0.718229	0.330203	-0.00564809	-0.934392	0.00795885	-0.356113	3.4512	-4.22137	3.53833	-1.30091	-0.493377	2.18159	-0.413258	1.75238	-6.71275	14.8004	1.76842	-0.910328	-0.537663	
1486251256434	-2.25298	1.63866	-2.17523	1.88503	2.30162	-1.66108	-0.957814	-0.115392	0.718229	0.330204	-0.0056482	-0.934392	0.00795794	-0.356114	3.47426	-4.22038	3.53671	-1.29357	-0.49643	2.18251	-0.412279	1.74532	-6.75299	14.7918	1.77162	-0.906993	-0.53908	
1486251257054	-2.25298	1.63866	-2.17524	1.88505	2.30164	-1.66106	-0.957816	-0.115393	0.718228	0.330208	-0.00564674	-0.93439	0.00794612	-0.356119	3.44093	-4.20295	3.51861	-1.28863	-0.484327	2.1629	-0.408789	1.75972	-6.69361	14.715	1.7553	-0.90652	-0.536995	
1486251257094	-2.25298	1.63866	-2.17524	1.88505	2.30164	-1.66106	-0.957816	-0.115393	0.718229	0.330208	-0.00564655	-0.93439	0.00794564	-0.356119	3.4377	-4.20083	3.51086	-1.29174	-0.484565	2.1614	-0.409808	1.74653	-6.68563	14.7026	1.75566	-0.904183	-0.538493	
1486251257114	-2.25298	1.63866	-2.17524	1.88505	2.30164	-1.66106	-0.957816	-0.115393	0.718228	0.330209	-0.00564687	-0.93439	0.00794524	-0.35612	3.42924	-4.20433	3.50966	-1.29906	-0.482768	2.15939	-0.409572	1.7399	-6.67009	14.7114	1.75489	-0.903838	-0.538696	
1486251257157	-2.25298	1.63866	-2.17524	1.88505	2.30164	-1.66106	-0.957816	-0.115393	0.718228	0.330209	-0.00564687	-0.93439	0.00794524	-0.35612	3.43379	-4.20291	3.5117	-1.29173	-0.482196	2.1577	-0.408462	1.75479	-6.67878	14.7013	1.7533	-0.904385	-0.538119	
1486251257165	-2.25298	1.63866	-2.17524	1.88505	2.30164	-1.66106	-0.957816	-0.115393	0.718228	0.330209	-0.00564687	-0.93439	0.00794524	-0.35612	3.43379	-4.20291	3.5117	-1.29173	-0.482196	2.1577	-0.408462	1.75479	-6.67878	14.7013	1.7533	-0.904385	-0.538119	
1486251257185	-2.25298	1.63866	-2.17524	1.88505	2.30164	-1.66106	-0.957816	-0.115393	0.718228	0.330209	-0.00564687	-0.93439	0.00794524	-0.35612	3.43379	-4.20291	3.5117	-1.29173	-0.482196	2.1577	-0.408462	1.75479	-6.67878	14.7013	1.7533	-0.904385	-0.538119	
1486251257374	-2.25298	1.63866	-2.17524	1.88505	2.30164	-1.66106	-0.957817	-0.115393	0.718228	0.33021	-0.00564592	-0.934389	0.00794178	-0.356121	3.42869	-4.1949	3.51111	-1.2906	-0.476119	2.15075	-0.406722	1.75528	-6.679	14.6861	1.74476	-0.905371	-0.536852	
1486251257424	-2.25298	1.63866	-2.17524	1.88505	2.30164	-1.66106	-0.957817	-0.115393	0.718228	0.33021	-0.00564574	-0.934389	0.00794133	-0.356121	3.43011	-4.1973	3.50969	-1.28885	-0.477194	2.14996	-0.407383	1.76124	-6.67908	14.6807	1.74586	-0.904206	-0.538188	
1486251257504	-2.25298	1.63866	-2.17524	1.88505	2.30164	-1.66106	-0.957817	-0.115393	0.718228	0.33021	-0.00564587	-0.934389	0.00794046	-0.356122	3.42987	-4.19697	3.51065	-1.28947	-0.47495	2.14758	-0.406081	1.76089	-6.68111	14.6819	1.74357	-0.90448	-0.537615	
1486251257574	-2.25298	1.63866	-2.17524	1.88505	2.30164	-1.66106	-0.957817	-0.115393	0.718228	0.330211	-0.00564586	-0.934389	0.00793919	-0.356122	3.42716	-4.19452	3.509	-1.287	-0.472087	2.14561	-0.406688	1.76874	-6.67879	14.6725	1.74084	-0.906188	-0.538429	
1486251257694	-2.25298	1.63866	-2.17524	1.88506	2.30164	-1.66105	-0.957817	-0.115393	0.718228	0.330212	-0.00564618	-0.934388	0.00793749	-0.356124	3.43361	-4.19671	3.51393	-1.28175	-0.474704	2.14543	-0.406603	1.78222	-6.69077	14.6713	1.74131	-0.904989	-0.538368	
1486251257726	-2.25298	1.63866	-2.17524	1.88506	2.30165	-1.66105	-0.957817	-0.115393	0.718227	0.330212	-0.00564653	-0.934388	0.00793705	-0.356124	3.43786	-4.18778	3.50608	-1.2793	-0.477494	2.1465	-0.406426	1.76357	-6.69519	14.6489	1.74268	-0.902043	-0.53772	
1486251257755	-2.25298	1.63866	-2.17524	1.88506	2.30165	-1.66105	-0.957817	-0.115393	0.718228	0.330212	-0.00564593	-0.934388	0.00793576	-0.356124	3.43084	-4.18999	3.50529	-1.28544	-0.47697	2.14429	-0.405713	1.75583	-6.68197	14.654	1.7419	-0.900576	-0.537218	
1486251257804	-2.25298	1.63866	-2.17524	1.88506	2.30165	-1.66105	-0.957817	-0.115393	0.718227	0.330213	-0.00564606	-0.934387	0.00793488	-0.356125	3.43115	-4.18916	3.50595	-1.28003	-0.479384	2.14322	-0.406624	1.76913	-6.68173	14.64	1.74156	-0.899158	-0.537552	
1486251257814	-2.25298	1.63866	-2.17524	1.88506	2.30165	-1.66105	-0.957817	-0.115393	0.718227	0.330213	-0.00564606	-0.934387	0.00793488	-0.356125	3.43115	-4.18916	3.50595	-1.28003	-0.479384	2.14322	-0.406624	1.76913	-6.68173	14.64	1.74156	-0.899158	-0.537552	
1486251257824	-2.25298	1.63866	-2.17524	1.88506	2.30165	-1.66105	-0.957819	-0.115393	0.718227	0.330213	-0.00564606	-0.934387	0.00793488	-0.356125	3.42836	-4.19416	3.51241	-1.28488	-0.479478	2.14278	-0.406041	1.77014	-6.67956	14.6591	1.74089	-0.899061	-0.53666	
1486251257864	-2.25298	1.63866	-2.17524	1.88506	2.30165	-1.66105	-0.957819	-0.115393	0.718227	0.330213	-0.00564638	-0.934387	0.00793448	-0.356126	3.4299	-4.17716	3.50258	-1.277	-0.477904	2.14403	-0.404779	1.7574	-6.68073	14.6247	1.73911	-0.900563	-0.534328	
1486251257874	-2.25298	1.63866	-2.17524	1.88506	2.30165	-1.66105	-0.957819	-0.115393	0.718227	0.330213	-0.0056456	-0.934387	0.00793478	-0.356126	3.4299	-4.17716	3.50258	-1.277	-0.477904	2.14403	-0.404779	1.7574	-6.68073	14.6247	1.73911	-0.900563	-0.534328	
1486251258004	-2.25298	1.63866	-2.17524	1.88506	2.30165	-1.66105	-0.957819	-0.115393	0.718227	0.330214	-0.00564617	-0.934387	0.00793345	-0.356127	3.42958	-4.18646	3.49808	-1.27876	-0.469047	2.14069	-0.404927	1.77029	-6.67891	14.6348	1.73843	-0.90532	-0.538817	
1486251258014	-2.25298	1.63866	-2.17524	1.88506	2.30165	-1.66105	-0.957819	-0.115393	0.718227	0.330214	-0.00564617	-0.934387	0.00793345	-0.356127	3.42958	-4.18646	3.49808	-1.27876	-0.469047	2.14069	-0.404927	1.77029	-6.67891	14.6348	1.73843	-0.90532	-0.538817	
1486251258134	-2.25298	1.63866	-2.17524	1.88507	2.30165	-1.66104	-0.957819	-0.115393	0.718226	0.330215	-0.00564616	-0.934386	0.00793098	-0.356128	3.42486	-4.18884	3.50021	-1.28123	-0.472814	2.13879	-0.404425	1.7699	-6.66834	14.6337	1.73867	-0.901414	-0.537582	
1486251258354	-2.25298	1.63866	-2.17524	1.88507	2.30165	-1.66104	-0.957819	-0.115393	0.718226	0.330216	-0.00564608	-0.934386	0.00792856	-0.35613	3.42901	-4.18157	3.4955	-1.2687	-0.468712	2.13697	-0.405388	1.79094	-6.67762	14.6044	1.73542	-0.905013	-0.539344	
1486251258385	-2.25298	1.63866	-2.17524	1.88507	2.30165	-1.66104	-0.957819	-0.115393	0.718226	0.330216	-0.00564608	-0.934386	0.00792856	-0.35613	3.43174	-4.18124	3.49657	-1.26991	-0.470036	2.13645	-0.404174	1.78332	-6.6827	14.6064	1.73556	-0.903069	-0.538284	
1486251258434	-2.25298	1.63866	-2.17524	1.88507	2.30165	-1.66104	-0.957819	-0.115392	0.718226	0.330216	-0.00564609	-0.934385	0.0079283	-0.356131	3.42811	-4.16572	3.49154	-1.27411	-0.46814	2.1355	-0.404872	1.75222	-6.68684	14.5915	1.73007	-0.902349	-0.536924	
1486251258494	-2.25298	1.63866	-2.17524	1.88507	2.30165	-1.66104	-0.957821	-0.115392	0.718226	0.330216	-0.00564537	-0.934385	0.00792779	-0.356132	3.43287	-4.16874	3.49172	-1.26638	-0.473404	2.13381	-0.405821	1.77082	-6.69035	14.5731	1.73206	-0.89831	-0.538221	
1486251258714	-2.25298	1.63866	-2.17524	1.88508	2.30165	-1.66103	-0.957821	-0.115392	0.718225	0.330218	-0.00564577	-0.934384	0.0079248	-0.356134	3.42916	-4.18223	3.49479	-1.26109	-0.466597	2.12867	-0.40645	1.81723	-6.68216	14.5786	1.73006	-0.903279	-0.542229	
1486251258755	-2.25298	1.63866	-2.17524	1.88508	2.30165	-1.66103	-0.957821	-0.115392	0.718225	0.330218	-0.00564592	-0.934384	0.00792414	-0.356133	3.42754	-4.17646	3.48832	-1.26425	-0.467664	2.12897	-0.405107	1.79418	-6.67578	14.5693	1.73093	-0.900971	-0.540629	
1486251258814	-2.25298	1.63866	-2.17524	1.88508	2.30165	-1.66103	-0.957821	-0.115392	0.718225	0.330219	-0.00564598	-0.934384	0.00792334	-0.356134	3.42037	-4.18141	3.48654	-1.27061	-0.468139	2.12779	-0.40542	1.78924	-6.65968	14.5757	1.73207	-0.899371	-0.541285	
1486251258834	-2.25298	1.63866	-2.17524	1.88508	2.30165	-1.66103	-0.957821	-0.115392	0.718225	0.330218	-0.00564584	-0.934384	0.007924	-0.356135	3.42868	-4.15679	3.48375	-1.26263	-0.468514	2.12964	-0.40586	1.76659	-6.68755	14.5434	1.72621	-0.899557	-0.538363	
1486251258844	-2.25298	1.63866	-2.17524	1.88508	2.30165	-1.66103	-0.957821	-0.115392	0.718225	0.330218	-0.00564584	-0.934384	0.007924	-0.356135	3.42324	-4.1885	3.49116	-1.26818	-0.470181	2.12783	-0.405073	1.80485	-6.66155	14.5829	1.73409	-0.898737	-0.54154	
1486251258994	-2.25298	1.63866	-2.17524	1.88508	2.30165	-1.66103	-0.957822	-0.115392	0.718225	0.330219	-0.00564568	-0.934384	0.00792294	-0.356136	3.42404	-4.17137	3.48234	-1.25683	-0.470517	2.14262	-0.405355	1.79909	-6.65164	14.5664	1.7405	-0.908013	-0.537693	
1486251259115	-2.25298	1.63866	-2.17524	1.88508	2.30165	-1.66103	-0.957822	-0.115392	0.718225	0.33022	-0.00564542	-0.934383	0.00792131	-0.356136	3.43231	-4.17402	3.47638	-1.25232	-0.476378	2.14371	-0.405986	1.79877	-6.65614	14.5503	1.74631	-0.903331	-0.539476	
1486251259144	-2.25298	1.63866	-2.17524	1.88508	2.30165	-1.66103	-0.957822	-0.115392	0.718225	0.33022	-0.00564523	-0.934383	0.00792084	-0.356137	3.42963	-4.1725	3.47739	-1.25274	-0.476511	2.14263	-0.406199	1.7992	-6.65368	14.5477	1.74469	-0.902849	-0.539058	
1486251259334	-2.25298	1.63866	-2.17524	1.88508	2.30165	-1.66102	-0.957822	-0.115392	0.718224	0.33022	-0.00564538	-0.934383	0.00791999	-0.356138	3.43473	-4.17111	3.47259	-1.25136	-0.467523	2.13303	-0.407589	1.80432	-6.67576	14.5323	1.7365	-0.903534	-0.544469	
1486251259394	-2.25298	1.63866	-2.17524	1.88508	2.30166	-1.66102	-0.957824	-0.115392	0.718224	0.330221	-0.00564442	-0.934383	0.00791868	-0.356138	3.42432	-4.17285	3.46749	-1.25861	-0.464189	2.12751	-0.407518	1.79646	-6.65779	14.5288	1.73355	-0.902006	-0.545699	
1486251259534	-2.25298	1.63866	-2.17524	1.88508	2.30166	-1.66102	-0.957824	-0.115392	0.718224	0.330221	-0.00564454	-0.934382	0.00791777	-0.356139	3.41993	-4.17146	3.4634	-1.26563	-0.460668	2.12181	-0.409395	1.78313	-6.65882	14.5241	1.72866	-0.900042	-0.548678	
1486251259544	-2.25298	1.63866	-2.17524	1.88508	2.30166	-1.66102	-0.957824	-0.115392	0.718224	0.330221	-0.00564454	-0.934382	0.00791777	-0.356139	3.42251	-4.17198	3.46178	-1.26364	-0.462605	2.12115	-0.409026	1.78383	-6.66014	14.5165	1.72992	-0.89797	-0.548808	
1486251259564	-2.25298	1.63866	-2.17524	1.88508	2.30166	-1.66102	-0.957824	-0.115392	0.718224	0.330221	-0.00564436	-0.934382	0.00791732	-0.35614	3.42927	-4.16648	3.46142	-1.25832	-0.463037	2.12072	-0.409053	1.78408	-6.67549	14.5037	1.72847	-0.897419	-0.548739	
1486251259604	-2.25298	1.63866	-2.17524	1.88508	2.30166	-1.66102	-0.957824	-0.115392	0.718224	0.330221	-0.00564436	-0.934382	0.00791732	-0.35614	3.43019	-4.17052	3.46222	-1.26046	-0.463204	2.11975	-0.408832	1.78372	-6.67654	14.51	1.72909	-0.896393	-0.549391	
1486251259686	-2.25298	1.63866	-2.17524	1.88509	2.30166	-1.66102	-0.957824	-0.115392	0.718224	0.330222	-0.00564471	-0.934382	0.00791688	-0.35614	3.42487	-4.17317	3.46327	-1.25895	-0.460684	2.11729	-0.406922	1.79719	-6.66404	14.5097	1.72774	-0.897956	-0.548253	
1486251259694	-2.25298	1.63866	-2.17524	1.88509	2.30166	-1.66102	-0.957824	-0.115392	0.718224	0.330222	-0.00564452	-0.934382	0.00791641	-0.356141	3.42487	-4.17317	3.46327	-1.25895	-0.460684	2.11729	-0.406922	1.79719	-6.66404	14.5097	1.72774	-0.897956	-0.548253	
1486251259904	-2.25298	1.63866	-2.17524	1.88509	2.30166	-1.66102	-0.957826	-0.115392	0.718224	0.330223	-0.00564388	-0.934381	0.00791463	-0.356142	3.42506	-4.1599	3.45675	-1.25739	-0.463208	2.11315	-0.405016	1.7743	-6.66585	14.477	1.7243	-0.89214	-0.545562	
1486251260054	-2.25298	1.63866	-2.17524	1.88509	2.30166	-1.66101	-0.957826	-0.115392	0.718224	0.330223	-0.00564384	-0.934381	0.00791334	-0.356143	3.41669	-4.15892	3.45494	-1.26606	-0.457911	2.10781	-0.405908	1.76247	-6.66029	14.4807	1.71852	-0.892174	-0.547171	
1486251260064	-2.25298	1.63866	-2.17524	1.88509	2.30166	-1.66101	-0.957826	-0.115392	0.718224	0.330223	-0.00564384	-0.934381	0.00791334	-0.356143	3.42455	-4.15442	3.45406	-1.26167	-0.458274	2.10914	-0.406238	1.76012	-6.67653	14.4731	1.71852	-0.892442	-0.547476	
