time	
1010.78	
1010.78	
1010.79	
1010.8	
1010.8	
1010.82	
1010.83	
1010.85	
1010.85	
1010.86	
1010.87	
1010.87	
1010.89	
1010.9	
1010.92	
1010.92	
1010.93	
1010.94	
1010.94	
1010.96	
1010.97	
1010.99	
1010.99	
1011	
1011.01	
1011.01	
1011.03	
1011.04	
1011.06	
1011.06	
1011.07	
1011.08	
1011.08	
1011.1	
1011.11	
1011.13	
1011.13	
1011.14	
1011.15	
1011.15	
1011.17	
1011.18	
1011.2	
1011.2	
1011.21	
1011.22	
1011.22	
1011.24	
1011.25	
1011.27	
1011.27	
1011.28	
1011.29	
1011.29	
1011.31	
1011.32	
1011.34	
1011.34	
1011.35	
1011.36	
1011.36	
1011.38	
1011.39	
1011.41	
1011.41	
1011.42	
1011.43	
1011.43	
1011.45	
1011.46	
1011.48	
1011.48	
1011.49	
1011.5	
1011.5	
1011.52	
1011.53	
1011.55	
1011.55	
1011.56	
1011.57	
1011.57	
1011.59	
1011.6	
1011.62	
1011.62	
1011.63	
1011.64	
1011.64	
1011.66	
1011.67	
1011.69	
1011.69	
1011.7	
1011.71	
1011.71	
1011.73	
1011.74	
1011.76	
1011.76	
1011.77	
1011.78	
1011.78	
1011.8	
1011.81	
1011.83	
1011.83	
1011.84	
1011.85	
1011.85	
1011.87	
1011.88	
1011.9	
1011.91	
1011.91	
1011.92	
1011.92	
1011.94	
1011.95	
1011.97	
1011.97	
1011.98	
1011.99	
1011.99	
1012.01	
1012.02	
1012.04	
1012.04	
1012.05	
1012.06	
1012.06	
1012.08	
1012.09	
1012.11	
1012.11	
1012.12	
1012.13	
1012.13	
1012.15	
1012.16	
1012.18	
1012.18	
1012.19	
1012.2	
1012.2	
1012.22	
1012.23	
1012.25	
1012.25	
1012.26	
1012.27	
1012.27	
1012.29	
1012.3	
1012.32	
1012.32	
1012.33	
1012.34	
1012.34	
1012.36	
1012.37	
1012.39	
1012.39	
1012.4	
1012.41	
1012.41	
1012.43	
1012.44	
1012.46	
1012.46	
1012.47	
1012.48	
1012.48	
1012.5	
1012.51	
1012.53	
1012.53	
1012.54	
1012.55	
1012.55	
1012.57	
1012.58	
1012.6	
1012.6	
1012.61	
1012.62	
1012.62	
1012.64	
1012.65	
1012.67	
1012.67	
1012.68	
1012.69	
1012.69	
1012.71	
1012.72	
1012.74	
1012.74	
1012.75	
1012.76	
1012.76	
1012.78	
1012.79	
1012.81	
1012.81	
1012.82	
1012.83	
1012.83	
1012.85	
1012.86	
1012.88	
1012.88	
1012.89	
1012.9	
1012.9	
1012.92	
1012.93	
1012.95	
1012.95	
1012.96	
1012.97	
1012.97	
1012.99	
1013	
1013.02	
1013.02	
1013.03	
1013.04	
1013.04	
1013.06	
1013.07	
1013.09	
1013.09	
1013.1	
1013.11	
1013.11	
1013.13	
1013.14	
1013.16	
1013.16	
1013.17	
1013.18	
1013.18	
1013.2	
1013.21	
1013.23	
1013.23	
1013.24	
1013.25	
1013.25	
1013.27	
1013.28	
1013.3	
1013.3	
1013.31	
1013.32	
1013.32	
1013.34	
1013.35	
1013.37	
1013.37	
1013.38	
1013.39	
1013.39	
1013.41	
1013.42	
1013.44	
1013.44	
1013.45	
1013.46	
1013.46	
1013.48	
1013.49	
1013.51	
1013.51	
1013.52	
1013.53	
1013.53	
1013.55	
1013.56	
1013.58	
1013.58	
1013.59	
1013.6	
1013.6	
1013.62	
1013.63	
1013.65	
1013.65	
1013.66	
1013.67	
1013.67	
1013.69	
1013.7	
1013.72	
1013.72	
1013.73	
1013.74	
1013.74	
1013.76	
1013.77	
1013.79	
1013.79	
1013.8	
1013.81	
1013.81	
1013.83	
1013.84	
1013.86	
1013.86	
1013.87	
1013.88	
1013.88	
1013.9	
1013.91	
1013.93	
1013.93	
1013.94	
1013.95	
1013.95	
1013.97	
1013.98	
1014	
1014	
1014.01	
1014.02	
1014.02	
1014.04	
1014.05	
1014.07	
1014.07	
1014.08	
1014.09	
1014.09	
1014.11	
1014.12	
1014.14	
1014.14	
1014.15	
1014.16	
1014.16	
1014.18	
1014.19	
1014.21	
1014.21	
1014.22	
1014.23	
1014.23	
1014.25	
1014.26	
1014.28	
1014.28	
1014.29	
1014.3	
1014.3	
1014.32	
1014.33	
1014.35	
1014.35	
1014.36	
1014.37	
1014.37	
1014.39	
1014.4	
1014.42	
1014.42	
1014.43	
1014.44	
1014.44	
1014.46	
1014.47	
1014.49	
1014.49	
1014.5	
1014.51	
1014.51	
1014.53	
1014.54	
1014.56	
1014.56	
1014.57	
1014.58	
1014.58	
1014.6	
1014.61	
1014.63	
1014.63	
1014.64	
1014.65	
1014.65	
1014.67	
1014.68	
1014.7	
1014.7	
1014.71	
1014.72	
1014.72	
1014.74	
1014.75	
1014.77	
1014.77	
1014.78	
1014.79	
1014.79	
1014.81	
1014.82	
1014.84	
1014.84	
1014.85	
1014.86	
1014.86	
1014.88	
1014.89	
1014.91	
1014.91	
1014.92	
1014.93	
1014.93	
1014.95	
1014.96	
1014.98	
1014.98	
1014.99	
1015	
1015	
1015.02	
1015.03	
1015.05	
1015.05	
1015.06	
1015.07	
1015.07	
1015.09	
1015.1	
1015.12	
1015.12	
1015.13	
1015.14	
1015.14	
1015.16	
1015.17	
1015.19	
1015.19	
1015.2	
1015.21	
1015.21	
1015.23	
1015.24	
1015.26	
1015.26	
1015.27	
1015.28	
1015.28	
1015.3	
1015.31	
1015.33	
1015.33	
1015.34	
1015.35	
1015.35	
1015.37	
1015.38	
1015.4	
1015.4	
1015.41	
1015.42	
1015.42	
1015.44	
1015.45	
1015.47	
1015.47	
1015.48	
1015.49	
1015.49	
1015.51	
1015.52	
1015.54	
1015.54	
1015.55	
1015.56	
1015.56	
1015.58	
1015.59	
1015.61	
1015.61	
1015.62	
1015.63	
1015.63	
1015.65	
1015.66	
1015.68	
1015.68	
1015.69	
1015.7	
1015.7	
1015.72	
1015.73	
1015.75	
1015.75	
1015.76	
1015.77	
1015.77	
1015.79	
1015.8	
1015.82	
1015.82	
1015.83	
1015.84	
1015.84	
1015.86	
1015.87	
1015.89	
1015.89	
1015.9	
1015.91	
1015.91	
1015.93	
1015.94	
1015.96	
1015.96	
1015.97	
1015.98	
1015.98	
1016	
1016.01	
1016.03	
1016.03	
1016.04	
1016.05	
1016.05	
1016.07	
1016.08	
1016.1	
1016.1	
1016.11	
1016.12	
1016.12	
1016.14	
1016.15	
1016.17	
1016.17	
1016.18	
1016.19	
1016.19	
1016.21	
1016.22	
1016.24	
1016.24	
1016.25	
1016.26	
1016.26	
1016.28	
1016.29	
1016.31	
1016.31	
1016.32	
1016.33	
