time	
365.05	
365.064	
365.078	
365.092	
365.092	
365.106	
365.12	
365.12	
365.134	
365.148	
365.162	
365.176	
365.176	
365.19	
365.19	
365.204	
365.218	
365.232	
365.232	
365.246	
365.26	
365.26	
365.274	
365.288	
365.302	
365.302	
365.316	
365.33	
365.33	
365.344	
365.358	
365.372	
365.372	
365.386	
365.4	
365.4	
365.414	
365.428	
365.442	
365.442	
365.456	
365.47	
365.47	
365.484	
365.498	
365.512	
365.512	
365.526	
365.54	
365.54	
365.554	
365.568	
365.582	
365.582	
365.596	
365.61	
365.61	
365.624	
365.638	
365.652	
365.652	
365.666	
365.68	
365.68	
365.694	
365.708	
365.722	
365.722	
365.736	
365.75	
365.75	
365.764	
365.778	
365.792	
365.792	
365.806	
365.82	
365.82	
365.834	
365.848	
365.862	
365.862	
365.876	
365.89	
365.89	
365.904	
365.918	
365.932	
365.932	
365.946	
365.96	
365.96	
365.974	
365.988	
366.002	
366.002	
366.016	
366.03	
366.03	
366.044	
366.058	
366.072	
366.072	
366.086	
366.1	
366.1	
366.114	
366.128	
366.142	
366.142	
366.17	
366.17	
366.17	
366.184	
366.198	
366.212	
366.212	
366.226	
366.24	
366.24	
366.254	
366.268	
366.282	
366.282	
366.296	
366.31	
366.31	
366.324	
366.338	
366.352	
366.352	
366.366	
366.38	
366.38	
366.394	
366.408	
366.422	
366.422	
366.436	
366.45	
366.45	
366.464	
366.478	
366.492	
366.492	
366.506	
366.52	
366.52	
366.534	
366.548	
366.562	
366.562	
366.576	
366.59	
366.59	
366.604	
366.618	
366.632	
366.632	
366.646	
366.66	
366.66	
366.674	
366.688	
366.702	
366.702	
366.716	
366.73	
366.73	
366.744	
366.758	
366.772	
366.772	
366.786	
366.8	
366.8	
366.814	
366.828	
366.842	
366.842	
366.856	
366.87	
366.87	
366.884	
366.898	
366.912	
366.912	
366.926	
366.94	
366.94	
366.954	
366.968	
366.982	
366.982	
366.996	
367.01	
367.01	
367.024	
367.038	
367.052	
367.052	
367.066	
367.08	
367.08	
367.094	
367.108	
367.122	
367.122	
367.136	
367.15	
367.15	
367.164	
367.178	
367.192	
367.192	
367.206	
367.22	
367.22	
367.234	
367.248	
367.262	
367.262	
367.276	
367.29	
367.29	
367.304	
367.318	
367.332	
367.332	
367.346	
367.36	
367.36	
367.374	
367.388	
367.402	
367.402	
367.416	
367.43	
367.43	
367.444	
367.458	
367.472	
367.472	
367.486	
367.5	
367.5	
367.514	
367.528	
367.542	
367.542	
367.556	
367.57	
367.57	
367.584	
367.598	
367.612	
367.612	
367.626	
367.64	
367.64	
367.654	
367.668	
367.682	
367.682	
367.696	
367.71	
367.71	
367.724	
367.738	
367.752	
367.752	
367.766	
367.78	
367.78	
367.794	
367.808	
367.822	
367.822	
367.836	
367.85	
367.85	
367.864	
367.878	
367.892	
367.892	
367.906	
367.92	
367.92	
367.934	
367.948	
367.962	
367.962	
367.976	
367.99	
367.99	
368.004	
368.018	
368.032	
368.032	
368.046	
368.06	
368.06	
368.074	
368.088	
368.102	
368.102	
368.116	
368.13	
368.13	
368.144	
368.158	
368.172	
368.172	
368.186	
368.2	
368.2	
368.214	
368.228	
368.242	
368.242	
368.256	
368.27	
368.27	
368.284	
368.298	
368.312	
368.312	
368.326	
368.34	
368.34	
368.354	
368.368	
368.382	
368.382	
368.396	
368.41	
368.41	
368.424	
368.438	
368.452	
368.452	
368.466	
368.508	
368.508	
368.508	
368.522	
368.536	
368.55	
368.55	
368.564	
368.578	
368.578	
368.592	
368.606	
368.62	
368.62	
368.634	
368.648	
368.648	
368.662	
368.676	
368.69	
368.69	
368.704	
368.718	
368.718	
368.732	
368.746	
368.76	
368.76	
368.774	
368.788	
368.788	
368.802	
368.816	
368.83	
368.83	
368.844	
368.858	
368.858	
368.872	
368.886	
368.9	
368.9	
368.914	
368.928	
368.928	
368.942	
368.956	
368.97	
368.97	
368.984	
368.998	
368.998	
369.012	
369.026	
369.04	
369.04	
369.054	
369.068	
369.068	
369.082	
369.096	
369.11	
369.11	
369.124	
369.138	
369.138	
369.152	
369.166	
369.18	
369.18	
369.194	
369.208	
369.208	
369.222	
369.236	
369.25	
369.25	
369.264	
369.278	
369.278	
369.292	
369.306	
369.32	
369.32	
369.334	
369.348	
369.348	
369.362	
369.376	
369.39	
369.39	
369.404	
369.418	
369.418	
369.432	
369.446	
369.46	
369.46	
369.474	
369.488	
369.488	
369.502	
369.516	
369.53	
369.53	
369.544	
369.558	
369.558	
369.572	
369.586	
369.6	
369.6	
369.614	
369.628	
369.628	
369.642	
369.656	
369.67	
369.67	
369.684	
369.698	
369.698	
369.712	
369.726	
369.74	
369.74	
369.754	
369.768	
369.768	
369.782	
369.796	
369.81	
369.81	
369.824	
369.838	
369.838	
369.852	
369.866	
369.88	
369.88	
369.894	
369.908	
369.908	
369.922	
369.936	
369.95	
369.95	
369.964	
369.978	
369.978	
369.992	
370.006	
370.02	
370.02	
370.034	
370.048	
370.048	
370.062	
370.076	
370.09	
370.09	
370.104	
370.118	
370.118	
370.132	
370.146	
370.16	
370.16	
370.174	
370.188	
370.188	
370.202	
370.216	
370.23	
370.23	
370.244	
370.258	
370.258	
370.272	
370.286	
370.3	
370.3	
370.314	
370.328	
370.328	
370.342	
370.356	
370.37	
370.37	
370.384	
370.398	
370.398	
370.412	
370.426	
370.44	
370.44	
370.454	
370.468	
370.468	
370.482	
370.496	
370.51	
370.51	
370.524	
370.538	
370.538	
370.552	
370.566	
370.58	
370.58	
370.594	
370.608	
370.608	
370.622	
370.636	
370.65	
370.65	
370.664	
370.678	
370.678	
370.692	
370.706	
370.72	
370.72	
370.734	
370.748	
370.748	
370.762	
370.776	
370.79	
370.79	
370.804	
370.818	
370.818	
370.832	
370.846	
370.86	
370.86	
370.874	
370.888	
370.888	
370.902	
370.916	
370.93	
370.93	
370.944	
370.958	
370.958	
370.972	
370.986	
371	
371	
371.014	
371.028	
371.028	
371.042	
371.056	
371.07	
371.07	
371.084	
371.098	
371.098	
371.112	
371.126	
371.14	
371.14	
371.154	
371.168	
371.168	
371.182	
371.196	
371.21	
371.21	
371.224	
371.238	
371.238	
371.252	
371.266	
371.28	
371.28	
371.294	
371.308	
371.308	
371.322	
371.336	
371.35	
371.35	
371.364	
371.378	
371.378	
371.392	
371.406	
371.42	
371.42	
371.434	
371.448	
371.448	
371.462	
371.476	
371.49	
371.49	
371.504	
371.518	
371.518	
371.532	
371.546	
371.56	
371.56	
371.574	
371.589	
371.589	
371.602	
371.616	
371.63	
371.63	
371.644	
371.658	
371.658	
371.672	
371.686	
371.7	
371.7	
371.714	
371.728	
371.728	
371.742	
371.756	
371.77	
371.77	
371.784	
371.799	
371.799	
371.812	
371.826	
371.826	
371.841	
371.854	
371.868	
371.868	
371.882	
371.896	
371.91	
371.91	
371.924	
371.938	
371.938	
371.952	
371.966	
371.98	
371.98	
371.994	
372.009	
372.009	
372.022	
372.036	
372.051	
372.051	
372.064	
372.078	
372.078	
372.092	
372.106	
372.12	
372.12	
372.134	
372.148	
372.148	
372.162	
372.177	
372.19	
372.19	
372.204	
372.219	
372.219	
372.232	
372.246	
372.246	
372.26	
372.274	
372.288	
372.288	
372.303	
372.316	
372.33	
372.33	
372.345	
372.358	
372.358	
372.372	
372.387	
372.4	
372.4	
372.414	
372.429	
372.429	
372.442	
372.456	
372.456	
372.472	
372.484	
372.498	
372.498	
372.512	
372.526	
372.54	
372.54	
372.555	
372.568	
372.568	
372.582	
372.596	
372.61	
372.61	
372.624	
372.639	
372.639	
372.652	
372.666	
372.68	
372.68	
372.694	
372.708	
372.708	
372.723	
372.736	
372.75	
372.75	
372.765	
372.778	
372.778	
372.792	
372.806	
372.82	
372.82	
372.834	
372.849	
372.849	
372.862	
372.876	
372.89	
372.89	
372.904	
372.918	
372.918	
372.933	
372.946	
372.96	
372.96	
372.974	
372.988	
372.988	
373.002	
373.017	
373.03	
373.03	
373.044	
373.059	
373.059	
373.072	
373.086	
373.1	
373.1	
373.114	
373.128	
373.128	
373.143	
373.156	
373.17	
373.17	
373.184	
373.198	
373.198	
373.212	
373.227	
373.24	
373.24	
373.254	
373.269	
373.269	
373.282	
373.296	
373.31	
373.31	
373.324	
373.338	
373.338	
373.353	
373.366	
373.38	
373.38	
373.394	
373.408	
373.408	
373.422	
373.437	
373.45	
373.45	
373.464	
373.478	
373.478	
373.492	
373.506	
373.506	
373.521	
373.534	
373.548	
373.548	
373.563	
373.576	
373.59	
373.59	
373.604	
373.618	
373.618	
373.632	
373.647	
373.66	
373.66	
373.674	
373.688	
373.688	
373.702	
373.716	
373.716	
373.731	
373.744	
373.758	
373.758	
373.772	
373.786	
373.8	
373.8	
373.815	
373.828	
373.828	
373.842	
373.857	
373.87	
373.87	
373.884	
373.898	
373.898	
373.912	
373.926	
373.926	
373.941	
373.954	
373.968	
373.968	
373.982	
373.996	
374.01	
374.01	
374.024	
374.038	
374.038	
374.052	
374.066	
374.08	
374.08	
374.094	
374.108	
374.108	
374.122	
374.136	
374.15	
374.15	
374.164	
374.178	
374.178	
374.192	
374.206	
374.22	
374.22	
374.234	
374.248	
374.248	
374.262	
374.276	
374.29	
374.29	
374.304	
374.318	
374.318	
374.332	
374.346	
374.36	
374.36	
374.374	
374.388	
374.388	
374.402	
374.416	
374.43	
374.43	
374.444	
374.458	
374.458	
374.472	
374.486	
374.5	
374.5	
374.514	
374.528	
374.528	
374.542	
374.556	
374.57	
374.57	
374.584	
374.598	
374.598	
374.612	
374.626	
374.64	
374.64	
374.654	
374.668	
374.668	
374.682	
374.696	
374.71	
374.71	
374.724	
374.738	
374.738	
374.752	
374.766	
374.78	
374.78	
374.794	
374.808	
374.808	
374.822	
374.836	
374.85	
374.85	
374.864	
374.878	
374.878	
374.892	
374.906	
374.92	
374.92	
374.934	
374.948	
374.948	
374.962	
374.976	
374.99	
374.99	
375.004	
375.018	
375.018	
375.032	
375.046	
375.06	
375.06	
375.074	
375.088	
375.088	
375.102	
375.116	
375.13	
375.13	
375.144	
375.158	
375.158	
375.172	
375.186	
375.2	
375.2	
375.214	
375.228	
375.228	
375.242	
375.256	
375.27	
375.27	
375.284	
375.298	
375.298	
375.312	
375.326	
375.34	
375.34	
375.354	
375.368	
375.368	
375.382	
375.396	
375.41	
375.41	
375.424	
375.438	
375.438	
375.452	
375.466	
375.48	
375.48	
375.494	
375.508	
375.508	
375.522	
375.536	
375.55	
375.55	
375.564	
375.578	
375.578	
375.592	
375.606	
375.62	
375.62	
375.634	
375.648	
375.648	
375.662	
375.676	
375.69	
375.69	
375.704	
375.718	
375.718	
375.732	
375.746	
375.76	
375.76	
375.774	
375.788	
375.788	
375.802	
375.816	
375.83	
375.83	
375.844	
375.858	
375.858	
375.872	
375.886	
375.9	
375.9	
375.914	
375.928	
375.928	
375.942	
375.956	
375.97	
375.97	
375.984	
375.998	
375.998	
376.012	
376.026	
376.04	
376.04	
376.054	
376.068	
376.068	
376.082	
376.096	
376.11	
376.11	
376.124	
376.138	
376.138	
376.152	
376.166	
376.18	
376.18	
376.194	
376.208	
376.208	
376.222	
376.236	
376.25	
376.25	
376.264	
376.278	
376.278	
376.292	
376.306	
376.32	
376.32	
376.334	
376.348	
376.348	
376.362	
376.376	
376.39	
376.39	
376.404	
376.418	
376.418	
376.432	
376.446	
376.46	
376.46	
376.474	
376.488	
376.488	
376.502	
376.516	
376.53	
376.53	
376.544	
376.558	
376.558	
376.572	
376.586	
376.6	
376.6	
376.614	
376.628	
376.628	
376.642	
376.656	
376.67	
376.67	
376.684	
376.698	
376.698	
376.712	
376.726	
376.74	
376.74	
376.754	
376.768	
376.768	
376.782	
376.796	
376.81	
376.81	
376.824	
376.838	
376.838	
376.852	
376.866	
376.88	
376.88	
376.894	
376.908	
376.908	
376.922	
376.936	
376.95	
376.95	
376.964	
376.978	
376.978	
376.992	
377.006	
377.02	
377.02	
377.034	
377.048	
377.048	
377.062	
377.076	
377.09	
377.09	
377.104	
377.118	
377.118	
377.132	
377.146	
377.16	
377.16	
377.174	
377.188	
377.188	
377.202	
377.216	
377.23	
377.23	
377.244	
377.258	
377.258	
377.272	
377.286	
377.3	
377.3	
377.314	
377.328	
377.328	
377.342	
377.356	
377.37	
377.37	
377.384	
377.398	
377.398	
377.412	
377.426	
377.44	
377.44	
377.454	
377.468	
377.468	
377.482	
377.496	
377.51	
377.51	
377.524	
377.538	
377.538	
377.552	
377.566	
377.58	
377.58	
377.594	
377.608	
377.608	
377.622	
377.636	
377.65	
377.65	
377.664	
377.678	
377.678	
377.692	
377.706	
377.72	
377.72	
377.734	
377.748	
377.748	
377.762	
377.776	
377.79	
377.79	
377.804	
377.818	
377.818	
377.832	
377.846	
377.86	
377.86	
377.874	
377.888	
377.888	
377.902	
377.916	
377.93	
377.93	
377.944	
377.958	
377.958	
377.972	
377.986	
378	
378	
378.014	
378.028	
