time	joint_joint0	joint_joint1	joint_joint2	joint_joint3	joint_joint4	joint_joint5	joint_joint6	cart_pos_x	cart_pos_y	cart_pos_z	cart_quat_x	cart_quat_y	cart_quat_z	cart_quat_w	force_joint_joint0	force_joint_joint1	force_joint_joint2	force_joint_joint3	force_joint_joint4	force_joint_joint5	force_joint_joint6	cart_force_x	cart_force_y	cart_force_z	cart_trq_x	cart_trq_y	cart_trq_z	
1486226462887	-2.11201	1.63508	-2.13753	1.76091	2.38055	-1.65806	-0.957667	-0.0594383	0.732511	0.3374	-0.00719512	-0.934903	0.0127102	-0.354603	0.313329	-1.86128	0.904167	0.714392	0.283064	0.114402	-0.385388	5.6628	-0.368919	1.70574	0.204125	-0.618439	-0.572757	
1486226462947	-2.11201	1.63508	-2.13753	1.76091	2.38055	-1.65805	-0.957667	-0.0594381	0.732511	0.3374	-0.00719446	-0.934903	0.0127096	-0.354603	0.337381	-1.87332	0.92516	0.724557	0.265381	0.113964	-0.38588	5.69106	-0.410875	1.70763	0.207588	-0.606879	-0.571169	
1486226463156	-2.11201	1.63508	-2.13753	1.76091	2.38055	-1.65806	-0.957667	-0.059438	0.73251	0.3374	-0.00719486	-0.934903	0.0127102	-0.354603	0.34221	-1.86159	0.91504	0.71445	0.254437	0.117182	-0.384887	5.62437	-0.417397	1.70014	0.212688	-0.595707	-0.568	
1486226464317	-2.11201	1.63507	-2.13753	1.76092	2.38055	-1.65806	-0.957667	-0.0594379	0.732509	0.337401	-0.00719598	-0.934902	0.0127097	-0.354605	0.301217	-1.84898	0.889026	0.725764	0.257916	0.125601	-0.38215	5.647	-0.302772	1.65377	0.222429	-0.606674	-0.56266	
1486226464338	-2.11201	1.63507	-2.13753	1.76092	2.38055	-1.65806	-0.957667	-0.0594379	0.732509	0.337401	-0.00719598	-0.934902	0.0127097	-0.354605	0.301217	-1.84898	0.889026	0.725764	0.257916	0.125601	-0.38215	5.647	-0.302772	1.65377	0.222429	-0.606674	-0.56266	
1486226465136	-2.1162	1.63605	-2.13772	1.76198	2.3813	-1.65942	-0.957667	-0.0610834	0.73281	0.336178	-0.0064739	-0.935751	0.0123745	-0.352384	2.41968	-2.89125	2.12959	0.217602	-0.114249	1.7172	-0.275744	3.78969	-4.29389	8.11626	1.3048	-1.11828	-0.378397	
1486226465787	-2.11751	1.63665	-2.13861	1.76265	2.38177	-1.66022	-0.957667	-0.0619181	0.733142	0.336051	-0.00597279	-0.936012	0.0119438	-0.351716	3.11896	-3.74522	2.67007	-0.128904	-0.34307	2.16251	-0.29216	3.53615	-5.61102	10.8049	1.74133	-1.15137	-0.422564	
1486226465826	-2.11763	1.63675	-2.1387	1.76274	2.3818	-1.66033	-0.957667	-0.0620047	0.733176	0.336062	-0.00594259	-0.936038	0.011892	-0.351648	3.18834	-3.74232	2.68435	-0.119533	-0.350021	2.1886	-0.292573	3.49431	-5.74454	10.8648	1.75589	-1.15749	-0.422707	
1486226465901	-2.11788	1.63693	-2.13883	1.76297	2.38184	-1.66061	-0.957667	-0.0620812	0.733191	0.336078	-0.00593456	-0.936061	0.01184	-0.351587	3.27606	-3.86776	2.77285	-0.184796	-0.371448	2.28401	-0.293163	3.43126	-5.91607	11.3639	1.83151	-1.19022	-0.422291	
1486226466090	-2.11852	1.63737	-2.13981	1.76322	2.38185	-1.66135	-0.957667	-0.0626649	0.7335	0.336097	-0.0055227	-0.936181	0.0117069	-0.351281	3.60236	-4.07565	2.91442	-0.416065	-0.389005	2.61186	-0.30021	2.78692	-6.5933	12.7917	2.05291	-1.31492	-0.426278	
1486226466947	-2.11971	1.6386	-2.14016	1.76395	2.3821	-1.66247	-0.957669	-0.0635177	0.733838	0.336166	-0.00537994	-0.936549	0.0111119	-0.35032	4.17825	-4.47341	3.24655	-0.548039	-0.514707	2.85405	-0.293645	2.54763	-7.74131	14.2024	2.2673	-1.32124	-0.441759	
1486226467117	-2.11971	1.6386	-2.14016	1.76395	2.38211	-1.66247	-0.957667	-0.0635178	0.733838	0.336166	-0.00538002	-0.936549	0.0111113	-0.350319	4.17984	-4.45565	3.22432	-0.520735	-0.516241	2.84415	-0.296571	2.58534	-7.72344	14.0949	2.26404	-1.3162	-0.446267	
