time	joint_joint0	joint_joint1	joint_joint2	joint_joint3	joint_joint4	joint_joint5	joint_joint6	cart_pos_x	cart_pos_y	cart_pos_z	cart_quat_x	cart_quat_y	cart_quat_z	cart_quat_w	force_joint_joint0	force_joint_joint1	force_joint_joint2	force_joint_joint3	force_joint_joint4	force_joint_joint5	force_joint_joint6	cart_force_x	cart_force_y	cart_force_z	cart_trq_x	cart_trq_y	cart_trq_z	
1486259080172	-2.25148	1.63862	-2.1754	1.8859	2.29818	-1.66147	-0.957923	-0.114887	0.717753	0.331163	-0.00676815	-0.933756	0.00889503	-0.357735	1.03128	-1.4171	1.04777	-0.476842	0.551503	0.809096	-0.408994	1.34662	-2.72195	5.72604	0.339921	-0.95079	-0.524418	
1486259080182	-2.25147	1.63862	-2.1754	1.8859	2.29818	-1.66147	-0.957923	-0.114887	0.717753	0.331163	-0.00676815	-0.933756	0.00889503	-0.357735	1.04573	-1.41297	1.04383	-0.467881	0.550787	0.809674	-0.409237	1.34867	-2.74719	5.70798	0.341123	-0.950165	-0.52606	
1486259080192	-2.25147	1.63862	-2.1754	1.8859	2.29818	-1.66147	-0.957923	-0.114886	0.717753	0.331164	-0.00676923	-0.933756	0.00889505	-0.357736	1.04573	-1.41297	1.04383	-0.467881	0.550787	0.809674	-0.409237	1.34867	-2.74719	5.70798	0.341123	-0.950165	-0.52606	
1486259080202	-2.25145	1.63859	-2.17536	1.88589	2.29819	-1.66144	-0.957923	-0.114886	0.717753	0.331164	-0.00676923	-0.933756	0.00889505	-0.357736	1.02531	-1.3713	1.03163	-0.468419	0.557132	0.804202	-0.409406	1.30407	-2.73199	5.64689	0.324288	-0.950966	-0.520145	
1486259080212	-2.25145	1.63859	-2.17536	1.88589	2.29819	-1.66144	-0.957923	-0.114886	0.717753	0.331164	-0.00676923	-0.933756	0.00889505	-0.357736	1.02531	-1.3713	1.03163	-0.468419	0.557132	0.804202	-0.409406	1.30407	-2.73199	5.64689	0.324288	-0.950966	-0.520145	
1486259080222	-2.25132	1.63841	-2.17506	1.88578	2.29867	-1.66031	-0.957923	-0.114863	0.71774	0.331157	-0.00678101	-0.933751	0.00890325	-0.357749	1.09164	-1.42949	1.04451	-0.492589	0.58635	0.86856	-0.407974	1.2748	-2.82239	5.93714	0.370568	-1.006	-0.529675	
1486259080232	-2.25132	1.63841	-2.17506	1.88578	2.29867	-1.66031	-0.957923	-0.114671	0.717741	0.331123	-0.00667835	-0.93364	0.00859068	-0.358048	1.09164	-1.42949	1.04451	-0.492589	0.58635	0.86856	-0.407974	1.2748	-2.82239	5.93714	0.370568	-1.006	-0.529675	
1486259080252	-2.25114	1.63806	-2.17457	1.88556	2.29946	-1.65991	-0.957923	-0.114671	0.717741	0.331123	-0.00667835	-0.93364	0.00859068	-0.358048	1.23211	-1.45111	1.05659	-0.556609	0.616246	0.983454	-0.410306	1.01728	-3.08288	6.37354	0.434523	-1.07505	-0.536979	
1486259080262	-2.25086	1.63767	-2.17418	1.8853	2.29972	-1.65975	-0.957923	-0.114445	0.717663	0.330953	-0.00664065	-0.933674	0.00848822	-0.357963	1.30342	-1.6374	1.21984	-0.624552	0.589805	1.00152	-0.417696	1.14994	-3.25608	6.87718	0.464325	-1.07064	-0.552452	
1486259080282	-2.25057	1.63736	-2.17389	1.88512	2.29983	-1.65975	-0.957923	-0.114202	0.717554	0.330815	-0.00668992	-0.933663	0.0086557	-0.357986	1.4272	-1.86614	1.39669	-0.670107	0.529274	1.03941	-0.430638	1.34	-3.48194	7.40838	0.52973	-1.05291	-0.575527	
1486259080292	-2.25057	1.63736	-2.17389	1.88512	2.29983	-1.65975	-0.957923	-0.113999	0.717446	0.330738	-0.00677853	-0.933648	0.00884023	-0.358019	1.4272	-1.86614	1.39669	-0.670107	0.529274	1.03941	-0.430638	1.34	-3.48194	7.40838	0.52973	-1.05291	-0.575527	
1486259080312	-2.25031	1.63715	-2.17372	1.88502	2.29993	-1.65975	-0.957923	-0.113849	0.717377	0.330716	-0.00684157	-0.933627	0.0089422	-0.35807	1.43065	-2.09563	1.54056	-0.735711	0.483155	1.05003	-0.443532	1.5752	-3.46412	7.85465	0.579205	-1.03579	-0.595919	
1486259080322	-2.25006	1.63703	-2.17362	1.88496	2.29995	-1.65975	-0.957923	-0.113849	0.717377	0.330716	-0.00684157	-0.933627	0.0089422	-0.35807	1.4458	-2.23775	1.62765	-0.749544	0.436903	1.06639	-0.45395	1.76611	-3.45057	8.0848	0.623464	-1.02075	-0.607934	
1486259080332	-2.25006	1.63703	-2.17362	1.88496	2.29995	-1.65975	-0.957923	-0.113733	0.717333	0.330746	-0.00690608	-0.933596	0.00899582	-0.358147	1.4458	-2.23775	1.62765	-0.749544	0.436903	1.06639	-0.45395	1.76611	-3.45057	8.0848	0.623464	-1.02075	-0.607934	
1486259080352	-2.24989	1.637	-2.17354	1.88492	2.29997	-1.65975	-0.957923	-0.113733	0.717333	0.330746	-0.00690608	-0.933596	0.00899582	-0.358147	1.58795	-2.3242	1.68863	-0.716307	0.38928	1.10021	-0.461321	1.86301	-3.68131	8.23338	0.675071	-1.00494	-0.623991	
1486259080362	-2.24979	1.637	-2.17351	1.88488	2.29999	-1.65975	-0.957923	-0.113655	0.717313	0.330781	-0.00695876	-0.933578	0.0090097	-0.358193	1.67582	-2.38981	1.72509	-0.692786	0.35683	1.11794	-0.466435	1.9459	-3.81431	8.31914	0.710596	-0.991787	-0.636759	
1486259080372	-2.24979	1.637	-2.17351	1.88488	2.29999	-1.65975	-0.957923	-0.113615	0.717312	0.330801	-0.00698162	-0.93357	0.00901391	-0.358214	1.67582	-2.38981	1.72509	-0.692786	0.35683	1.11794	-0.466435	1.9459	-3.81431	8.31914	0.710596	-0.991787	-0.636759	
1486259080392	-2.24975	1.637	-2.17351	1.88485	2.29999	-1.65975	-0.957923	-0.113615	0.717312	0.330801	-0.00698162	-0.93357	0.00901391	-0.358214	1.72633	-2.43032	1.74103	-0.676991	0.336289	1.12539	-0.470991	2.00097	-3.88645	8.35181	0.732169	-0.981129	-0.646881	
1486259080402	-2.24975	1.637	-2.17351	1.88479	2.29999	-1.65973	-0.957923	-0.113604	0.717318	0.330803	-0.00697903	-0.933568	0.00902074	-0.358219	1.73752	-2.45585	1.74245	-0.660722	0.324407	1.11931	-0.474297	2.06831	-3.887	8.32502	0.740991	-0.971353	-0.654388	
1486259080412	-2.24975	1.637	-2.17351	1.88479	2.29999	-1.65973	-0.957923	-0.1136	0.71733	0.330785	-0.006962	-0.933571	0.0090365	-0.358211	1.73752	-2.45585	1.74245	-0.660722	0.324407	1.11931	-0.474297	2.06831	-3.887	8.32502	0.740991	-0.971353	-0.654388	
1486259080422	-2.24975	1.63699	-2.17351	1.88472	2.29999	-1.65968	-0.957923	-0.1136	0.71733	0.330785	-0.006962	-0.933571	0.0090365	-0.358211	1.72053	-2.44491	1.72269	-0.647239	0.323127	1.10974	-0.475652	2.09164	-3.84329	8.24162	0.737628	-0.966476	-0.655903	
1486259080432	-2.24975	1.63699	-2.17351	1.88472	2.29999	-1.65968	-0.957923	-0.1136	0.71733	0.330785	-0.006962	-0.933571	0.0090365	-0.358211	1.72053	-2.44491	1.72269	-0.647239	0.323127	1.10974	-0.475652	2.09164	-3.84329	8.24162	0.737628	-0.966476	-0.655903	
1486259080442	-2.24974	1.63698	-2.17348	1.88468	2.29999	-1.65963	-0.957923	-0.113592	0.717343	0.330764	-0.00694091	-0.933568	0.0090477	-0.358218	1.70226	-2.45858	1.71608	-0.649739	0.321581	1.10631	-0.475589	2.11426	-3.79158	8.23413	0.742153	-0.964486	-0.657343	
1486259080462	-2.24972	1.63696	-2.17344	1.88466	2.29999	-1.65961	-0.957923	-0.113574	0.717343	0.330749	-0.00693852	-0.933565	0.00906106	-0.358227	1.67116	-2.43344	1.69404	-0.648968	0.326123	1.09971	-0.475729	2.09625	-3.73245	8.16452	0.733799	-0.964127	-0.654426	
1486259080472	-2.24972	1.63696	-2.17344	1.88466	2.29999	-1.65961	-0.957923	-0.113556	0.717336	0.330741	-0.00694806	-0.933564	0.00907548	-0.35823	1.67116	-2.43344	1.69404	-0.648968	0.326123	1.09971	-0.475729	2.09625	-3.73245	8.16452	0.733799	-0.964127	-0.654426	
1486259080482	-2.2497	1.63696	-2.17342	1.88465	2.29999	-1.65961	-0.957923	-0.113556	0.717336	0.330741	-0.00694806	-0.933564	0.00907548	-0.35823	1.65625	-2.46837	1.70388	-0.656788	0.317417	1.09273	-0.47657	2.14129	-3.6891	8.19019	0.740454	-0.95554	-0.657684	
1486259080512	-2.24969	1.63696	-2.17342	1.88465	2.29999	-1.6596	-0.957923	-0.11354	0.71733	0.330744	-0.00696068	-0.93356	0.00907897	-0.358239	1.6641	-2.48991	1.71529	-0.655678	0.309258	1.08764	-0.476744	2.1721	-3.69824	8.20457	0.744295	-0.947403	-0.660329	
1486259080522	-2.24969	1.63696	-2.17342	1.88465	2.29999	-1.6596	-0.957923	-0.11354	0.71733	0.330744	-0.00696068	-0.93356	0.00907897	-0.358239	1.68077	-2.50491	1.72319	-0.642333	0.30263	1.08383	-0.477118	2.21712	-3.72209	8.19685	0.747937	-0.942177	-0.663653	
1486259080532	-2.24969	1.63696	-2.17342	1.88465	2.29999	-1.6596	-0.957923	-0.11354	0.71733	0.330744	-0.00696068	-0.93356	0.00907897	-0.358239	1.68077	-2.50491	1.72319	-0.642333	0.30263	1.08383	-0.477118	2.21712	-3.72209	8.19685	0.747937	-0.942177	-0.663653	
1486259080542	-2.24969	1.63696	-2.17342	1.88465	2.29999	-1.65959	-0.957923	-0.113539	0.71733	0.330744	-0.00695982	-0.933559	0.00907836	-0.358241	1.67032	-2.49992	1.71911	-0.641132	0.302523	1.08062	-0.478139	2.22146	-3.7033	8.1748	0.744987	-0.940943	-0.663495	
1486259080552	-2.24969	1.63696	-2.17342	1.88465	2.29999	-1.65959	-0.957923	-0.113538	0.71733	0.330744	-0.00695968	-0.933559	0.00907859	-0.358242	1.67032	-2.49992	1.71911	-0.641132	0.302523	1.08062	-0.478139	2.22146	-3.7033	8.1748	0.744987	-0.940943	-0.663495	
1486259080562	-2.24969	1.63696	-2.17341	1.88464	2.29999	-1.65959	-0.957923	-0.113538	0.71733	0.330744	-0.00695968	-0.933559	0.00907859	-0.358242	1.64775	-2.50184	1.70591	-0.642024	0.302471	1.08069	-0.478944	2.23166	-3.64446	8.15241	0.74885	-0.941873	-0.663772	
1486259080572	-2.24969	1.63696	-2.17341	1.88464	2.29999	-1.65959	-0.957923	-0.113537	0.71733	0.330744	-0.0069603	-0.933558	0.00907952	-0.358243	1.64775	-2.50184	1.70591	-0.642024	0.302471	1.08069	-0.478944	2.23166	-3.64446	8.15241	0.74885	-0.941873	-0.663772	
1486259080582	-2.24969	1.63695	-2.17341	1.88464	2.29999	-1.65959	-0.957923	-0.113537	0.71733	0.330744	-0.0069603	-0.933558	0.00907952	-0.358243	1.67386	-2.49082	1.70025	-0.620858	0.298918	1.08581	-0.479082	2.24146	-3.68646	8.11587	0.752881	-0.942413	-0.664566	
1486259080592	-2.24969	1.63695	-2.17341	1.88464	2.29999	-1.65959	-0.957923	-0.113535	0.717329	0.330744	-0.00696123	-0.933558	0.00908086	-0.358243	1.67386	-2.49082	1.70025	-0.620858	0.298918	1.08581	-0.479082	2.24146	-3.68646	8.11587	0.752881	-0.942413	-0.664566	
1486259080602	-2.24968	1.63695	-2.17341	1.88464	2.29999	-1.65959	-0.957923	-0.113535	0.717329	0.330744	-0.00696123	-0.933558	0.00908086	-0.358243	1.67246	-2.49652	1.69853	-0.623936	0.300728	1.0846	-0.479124	2.24275	-3.68161	8.12297	0.753825	-0.942717	-0.666212	
1486259080612	-2.24968	1.63695	-2.17341	1.88464	2.29999	-1.65959	-0.957923	-0.113535	0.717329	0.330744	-0.00696162	-0.933558	0.00908129	-0.358244	1.67246	-2.49652	1.69853	-0.623936	0.300728	1.0846	-0.479124	2.24275	-3.68161	8.12297	0.753825	-0.942717	-0.666212	
1486259080622	-2.24968	1.63695	-2.17341	1.88464	2.29999	-1.65959	-0.957923	-0.113535	0.717329	0.330744	-0.00696162	-0.933558	0.00908129	-0.358244	1.65379	-2.51847	1.70126	-0.628433	0.298859	1.0792	-0.479702	2.28071	-3.63468	8.13368	0.756904	-0.940382	-0.668473	
1486259080642	-2.24968	1.63695	-2.17341	1.88464	2.29999	-1.65959	-0.957923	-0.113533	0.717329	0.330745	-0.00696224	-0.933557	0.00908124	-0.358245	1.68037	-2.52308	1.70254	-0.615013	0.296027	1.07836	-0.479746	2.29898	-3.68097	8.12197	0.75997	-0.937703	-0.672056	
1486259080652	-2.24968	1.63695	-2.17341	1.88464	2.29999	-1.65959	-0.957923	-0.113533	0.717329	0.330745	-0.00696211	-0.933557	0.00908159	-0.358245	1.68037	-2.52308	1.70254	-0.615013	0.296027	1.07836	-0.479746	2.29898	-3.68097	8.12197	0.75997	-0.937703	-0.672056	
1486259080662	-2.24968	1.63695	-2.17341	1.88464	2.29999	-1.65959	-0.957923	-0.113533	0.717329	0.330745	-0.00696211	-0.933557	0.00908159	-0.358245	1.65285	-2.52007	1.69668	-0.618174	0.298639	1.07266	-0.480642	2.31055	-3.62874	8.09941	0.755072	-0.938045	-0.671195	
1486259080672	-2.24968	1.63695	-2.17341	1.88464	2.29999	-1.65959	-0.957923	-0.113533	0.717329	0.330745	-0.00696211	-0.933557	0.00908159	-0.358245	1.65285	-2.52007	1.69668	-0.618174	0.298639	1.07266	-0.480642	2.31055	-3.62874	8.09941	0.755072	-0.938045	-0.671195	
1486259080682	-2.24968	1.63695	-2.17341	1.88464	2.29999	-1.65959	-0.957923	-0.113532	0.717329	0.330745	-0.00696239	-0.933557	0.00908272	-0.358245	1.65444	-2.48929	1.6819	-0.614663	0.30195	1.0752	-0.480744	2.26563	-3.64009	8.05676	0.749707	-0.939761	-0.668424	
1486259080712	-2.24968	1.63695	-2.1734	1.88464	2.29999	-1.65959	-0.957923	-0.113531	0.717328	0.330744	-0.00696254	-0.933557	0.00908396	-0.358245	1.64823	-2.50328	1.68614	-0.614343	0.300901	1.07634	-0.479747	2.29236	-3.61739	8.07372	0.754346	-0.941401	-0.668281	
1486259080742	-2.24967	1.63695	-2.1734	1.88463	2.29999	-1.65959	-0.957923	-0.113527	0.717326	0.330743	-0.00696642	-0.933557	0.00908692	-0.358245	1.63769	-2.52304	1.69037	-0.616723	0.29744	1.07196	-0.479863	2.32485	-3.587	8.08401	0.757879	-0.937954	-0.670085	
1486259080752	-2.24967	1.63695	-2.1734	1.88463	2.29999	-1.65959	-0.957923	-0.113526	0.717326	0.330744	-0.00696701	-0.933557	0.00908692	-0.358246	1.63769	-2.52304	1.69037	-0.616723	0.29744	1.07196	-0.479863	2.32485	-3.587	8.08401	0.757879	-0.937954	-0.670085	
1486259080762	-2.24967	1.63695	-2.1734	1.88463	2.29999	-1.65959	-0.957923	-0.113526	0.717326	0.330744	-0.00696701	-0.933557	0.00908692	-0.358246	1.65007	-2.51258	1.68625	-0.604764	0.296073	1.07085	-0.479745	2.32732	-3.61096	8.05098	0.756313	-0.936295	-0.670233	
1486259080772	-2.24967	1.63695	-2.1734	1.88463	2.29999	-1.65959	-0.957923	-0.113526	0.717326	0.330744	-0.00696701	-0.933557	0.00908692	-0.358246	1.65007	-2.51258	1.68625	-0.604764	0.296073	1.07085	-0.479745	2.32732	-3.61096	8.05098	0.756313	-0.936295	-0.670233	
1486259080792	-2.24967	1.63695	-2.1734	1.88463	2.29999	-1.65959	-0.957923	-0.113525	0.717327	0.330742	-0.00696537	-0.933557	0.00908959	-0.358245	1.65371	-2.51627	1.68791	-0.601201	0.29521	1.06927	-0.480018	2.34034	-3.61674	8.04779	0.756572	-0.935334	-0.671427	
1486259080812	-2.24967	1.63695	-2.1734	1.88463	2.29999	-1.65959	-0.957923	-0.113525	0.717327	0.330742	-0.00696537	-0.933557	0.00908959	-0.358245	1.65025	-2.51096	1.6823	-0.607048	0.296614	1.06943	-0.480639	2.31756	-3.61303	8.04524	0.755589	-0.934896	-0.671663	
1486259080822	-2.24967	1.63695	-2.1734	1.88463	2.29999	-1.65959	-0.957923	-0.113525	0.717327	0.330742	-0.00696538	-0.933557	0.00908984	-0.358246	1.6434	-2.50586	1.677	-0.605043	0.298857	1.07048	-0.480903	2.31924	-3.59777	8.03313	0.755122	-0.937733	-0.671165	
1486259080832	-2.24967	1.63695	-2.1734	1.88463	2.29999	-1.65959	-0.957923	-0.113524	0.717327	0.330742	-0.00696588	-0.933557	0.00909004	-0.358245	1.6434	-2.50586	1.677	-0.605043	0.298857	1.07048	-0.480903	2.31924	-3.59777	8.03313	0.755122	-0.937733	-0.671165	
1486259080852	-2.24967	1.63694	-2.1734	1.88463	2.29999	-1.65959	-0.957923	-0.113524	0.717327	0.330742	-0.00696588	-0.933557	0.00909004	-0.358245	1.63492	-2.50322	1.67231	-0.608581	0.298458	1.07234	-0.480624	2.30844	-3.57734	8.03044	0.756641	-0.938061	-0.669767	
1486259080882	-2.24966	1.63694	-2.1734	1.88462	2.29999	-1.65959	-0.957923	-0.113524	0.717327	0.330742	-0.00696591	-0.933557	0.00909091	-0.358246	1.66306	-2.5061	1.67633	-0.593542	0.290313	1.0699	-0.481536	2.32705	-3.62872	8.00817	0.759017	-0.930541	-0.672916	
1486259080892	-2.24966	1.63694	-2.1734	1.88462	2.29999	-1.65959	-0.957923	-0.113523	0.717327	0.330742	-0.00696583	-0.933557	0.00909123	-0.358246	1.66306	-2.5061	1.67633	-0.593542	0.290313	1.0699	-0.481536	2.32705	-3.62872	8.00817	0.759017	-0.930541	-0.672916	
1486259080902	-2.24966	1.63694	-2.1734	1.88462	2.29999	-1.65959	-0.957923	-0.113523	0.717327	0.330742	-0.00696583	-0.933557	0.00909123	-0.358246	1.62407	-2.50648	1.66869	-0.60775	0.295632	1.06523	-0.482121	2.32367	-3.55424	8.00532	0.754797	-0.932625	-0.671548	
1486259080912	-2.24966	1.63694	-2.1734	1.88462	2.29999	-1.65959	-0.957923	-0.113523	0.717327	0.330742	-0.00696583	-0.933557	0.00909123	-0.358246	1.62407	-2.50648	1.66869	-0.60775	0.295632	1.06523	-0.482121	2.32367	-3.55424	8.00532	0.754797	-0.932625	-0.671548	
1486259080932	-2.24966	1.63694	-2.1734	1.88462	2.29999	-1.65959	-0.957923	-0.113522	0.717327	0.330742	-0.00696539	-0.933557	0.00909244	-0.358247	1.64379	-2.49561	1.66786	-0.601263	0.292676	1.06882	-0.482458	2.30508	-3.59575	7.9937	0.755367	-0.93098	-0.671358	
1486259080942	-2.24966	1.63694	-2.1734	1.88462	2.29999	-1.65959	-0.957923	-0.113522	0.717327	0.330742	-0.00696539	-0.933557	0.00909244	-0.358247	1.65074	-2.49914	1.66829	-0.601467	0.291974	1.07117	-0.481863	2.30164	-3.60529	8.0039	0.758533	-0.931168	-0.671758	
1486259080952	-2.24966	1.63694	-2.1734	1.88462	2.29999	-1.65959	-0.957923	-0.113522	0.717327	0.330742	-0.00696539	-0.933557	0.00909244	-0.358247	1.65074	-2.49914	1.66829	-0.601467	0.291974	1.07117	-0.481863	2.30164	-3.60529	8.0039	0.758533	-0.931168	-0.671758	
1486259080962	-2.24966	1.63694	-2.17339	1.88462	2.29999	-1.65959	-0.957923	-0.113522	0.717327	0.330741	-0.00696625	-0.933557	0.00909336	-0.358246	1.64099	-2.49418	1.66454	-0.599585	0.293185	1.07189	-0.480501	2.30419	-3.58221	7.99236	0.758191	-0.933317	-0.669184	
1486259080972	-2.24966	1.63694	-2.17339	1.88462	2.29999	-1.65959	-0.957923	-0.113521	0.717326	0.330741	-0.00696757	-0.933557	0.00909361	-0.358246	1.64099	-2.49418	1.66454	-0.599585	0.293185	1.07189	-0.480501	2.30419	-3.58221	7.99236	0.758191	-0.933317	-0.669184	
1486259080992	-2.24966	1.63694	-2.17339	1.88462	2.29999	-1.65959	-0.957923	-0.11352	0.717326	0.330741	-0.00696771	-0.933557	0.0090943	-0.358247	1.64513	-2.48797	1.66425	-0.600523	0.292802	1.07157	-0.480037	2.2884	-3.59484	7.98846	0.75634	-0.931798	-0.668227	
1486259081012	-2.24966	1.63694	-2.17339	1.88462	2.29999	-1.65959	-0.957923	-0.113519	0.717327	0.330741	-0.0069672	-0.933557	0.00909513	-0.358246	1.64425	-2.48684	1.66464	-0.592238	0.292297	1.06927	-0.480246	2.31071	-3.59176	7.96972	0.754827	-0.931825	-0.668328	
1486259081022	-2.24966	1.63694	-2.17339	1.88461	2.29999	-1.65959	-0.957923	-0.113519	0.717327	0.330741	-0.0069672	-0.933557	0.00909513	-0.358246	1.64047	-2.50135	1.67113	-0.600616	0.292397	1.06623	-0.480101	2.31784	-3.58516	7.99733	0.755471	-0.930126	-0.669835	
1486259081032	-2.24966	1.63694	-2.17339	1.88461	2.29999	-1.65959	-0.957923	-0.113519	0.717327	0.330741	-0.00696685	-0.933557	0.00909582	-0.358246	1.64047	-2.50135	1.67113	-0.600616	0.292397	1.06623	-0.480101	2.31784	-3.58516	7.99733	0.755471	-0.930126	-0.669835	
1486259081042	-2.24966	1.63694	-2.17339	1.88461	2.29999	-1.65959	-0.957923	-0.113519	0.717327	0.330741	-0.00696685	-0.933557	0.00909582	-0.358246	1.64376	-2.48611	1.66115	-0.596436	0.295784	1.06766	-0.480325	2.29929	-3.5939	7.97224	0.753263	-0.932433	-0.669597	
1486259081052	-2.24966	1.63694	-2.17339	1.88461	2.29999	-1.65959	-0.957923	-0.113519	0.717327	0.330741	-0.00696685	-0.933557	0.00909582	-0.358246	1.64376	-2.48611	1.66115	-0.596436	0.295784	1.06766	-0.480325	2.29929	-3.5939	7.97224	0.753263	-0.932433	-0.669597	
1486259081062	-2.24966	1.63694	-2.17339	1.88461	2.29999	-1.65959	-0.957923	-0.113518	0.717327	0.33074	-0.00696684	-0.933557	0.00909718	-0.358246	1.63383	-2.50054	1.66217	-0.599048	0.296	1.06751	-0.479877	2.32145	-3.56434	7.98743	0.75743	-0.933804	-0.670466	
1486259081072	-2.24966	1.63694	-2.17339	1.88461	2.29999	-1.65959	-0.957923	-0.113518	0.717327	0.330739	-0.00696621	-0.933557	0.00909798	-0.358246	1.63383	-2.50054	1.66217	-0.599048	0.296	1.06751	-0.479877	2.32145	-3.56434	7.98743	0.75743	-0.933804	-0.670466	
1486259081092	-2.24966	1.63694	-2.17339	1.88461	2.29999	-1.65959	-0.957923	-0.113518	0.717327	0.330739	-0.00696621	-0.933557	0.00909798	-0.358246	1.63563	-2.49773	1.66322	-0.602078	0.298774	1.06888	-0.4791	2.30941	-3.57215	7.99844	0.75616	-0.93602	-0.669602	
1486259081112	-2.24965	1.63694	-2.17339	1.88461	2.29999	-1.65959	-0.957923	-0.113517	0.717328	0.330738	-0.0069663	-0.933557	0.0090993	-0.358245	1.66212	-2.4878	1.6641	-0.590442	0.297192	1.07088	-0.479307	2.30278	-3.62814	7.98308	0.755516	-0.935075	-0.670529	
1486259081122	-2.24965	1.63694	-2.17339	1.8846	2.29999	-1.65959	-0.957923	-0.113517	0.717328	0.330738	-0.0069663	-0.933557	0.0090993	-0.358245	1.63824	-2.50145	1.66477	-0.597606	0.297373	1.06585	-0.479114	2.3254	-3.57551	7.99009	0.755856	-0.934007	-0.670619	
1486259081132	-2.24965	1.63694	-2.17339	1.8846	2.29999	-1.65959	-0.957923	-0.113517	0.717328	0.330738	-0.0069663	-0.933557	0.0090993	-0.358245	1.63824	-2.50145	1.66477	-0.597606	0.297373	1.06585	-0.479114	2.3254	-3.57551	7.99009	0.755856	-0.934007	-0.670619	
1486259081142	-2.24965	1.63694	-2.17339	1.8846	2.29999	-1.65959	-0.957923	-0.113516	0.717328	0.330738	-0.00696586	-0.933557	0.00910006	-0.358245	1.63741	-2.50857	1.6689	-0.603284	0.297995	1.06361	-0.47971	2.32611	-3.57798	8.00653	0.754977	-0.932908	-0.672126	
1486259081152	-2.24965	1.63694	-2.17339	1.8846	2.29999	-1.65959	-0.957923	-0.113516	0.717329	0.330737	-0.0069652	-0.933557	0.0091009	-0.358244	1.63741	-2.50857	1.6689	-0.603284	0.297995	1.06361	-0.47971	2.32611	-3.57798	8.00653	0.754977	-0.932908	-0.672126	
1486259081162	-2.24965	1.63694	-2.17339	1.8846	2.29999	-1.65959	-0.957923	-0.113516	0.717329	0.330737	-0.0069652	-0.933557	0.0091009	-0.358244	1.65111	-2.49848	1.66431	-0.591159	0.29709	1.065	-0.481141	2.32958	-3.60492	7.97771	0.754611	-0.933132	-0.673557	
1486259081172	-2.24965	1.63694	-2.17339	1.8846	2.29999	-1.65959	-0.957923	-0.113516	0.717329	0.330736	-0.0069651	-0.933558	0.00910202	-0.358244	1.65111	-2.49848	1.66431	-0.591159	0.29709	1.065	-0.481141	2.32958	-3.60492	7.97771	0.754611	-0.933132	-0.673557	
1486259081192	-2.24965	1.63694	-2.17339	1.8846	2.29999	-1.65959	-0.957923	-0.113516	0.717329	0.330736	-0.0069651	-0.933558	0.00910202	-0.358244	1.65369	-2.48787	1.65877	-0.594664	0.300726	1.06619	-0.480542	2.30033	-3.61546	7.97468	0.752287	-0.934637	-0.672749	
1486259081212	-2.24965	1.63694	-2.17339	1.8846	2.29999	-1.65959	-0.957923	-0.113515	0.717328	0.330736	-0.00696635	-0.933558	0.0091028	-0.358244	1.65234	-2.48661	1.65557	-0.59472	0.301918	1.06664	-0.480482	2.29767	-3.61115	7.97143	0.752693	-0.935588	-0.672929	
1486259081222	-2.24965	1.63694	-2.17339	1.8846	2.29999	-1.65959	-0.957923	-0.113515	0.717328	0.330736	-0.00696635	-0.933558	0.0091028	-0.358244	1.60735	-2.52522	1.66539	-0.607576	0.300149	1.06161	-0.4809	2.36494	-3.50644	8.01161	0.758278	-0.936345	-0.67365	
1486259081232	-2.24965	1.63694	-2.17339	1.8846	2.29999	-1.65959	-0.957923	-0.113515	0.717328	0.330736	-0.00696635	-0.933558	0.0091028	-0.358244	1.60735	-2.52522	1.66539	-0.607576	0.300149	1.06161	-0.4809	2.36494	-3.50644	8.01161	0.758278	-0.936345	-0.67365	
1486259081242	-2.24965	1.63694	-2.17339	1.8846	2.29999	-1.65959	-0.957923	-0.113514	0.717328	0.330736	-0.00696695	-0.933558	0.00910304	-0.358244	1.6229	-2.48982	1.65692	-0.596784	0.301353	1.06448	-0.481121	2.32453	-3.551	7.96438	0.750983	-0.937051	-0.670485	
1486259081272	-2.24965	1.63694	-2.17339	1.8846	2.29999	-1.65959	-0.957923	-0.113514	0.717328	0.330737	-0.00696743	-0.933557	0.00910283	-0.358245	1.64377	-2.49034	1.65671	-0.590032	0.299756	1.06485	-0.481471	2.32401	-3.59052	7.95926	0.752876	-0.935046	-0.67314	
1486259081282	-2.24965	1.63694	-2.17339	1.8846	2.29999	-1.65959	-0.957923	-0.113514	0.717328	0.330737	-0.00696743	-0.933557	0.00910283	-0.358245	1.64198	-2.49531	1.65834	-0.591742	0.299622	1.06377	-0.481429	2.3294	-3.58608	7.96566	0.753343	-0.934528	-0.673673	
1486259081312	-2.24965	1.63694	-2.17338	1.8846	2.29999	-1.65959	-0.957923	-0.113513	0.717327	0.330736	-0.00696793	-0.933558	0.00910303	-0.358244	1.64507	-2.48848	1.65353	-0.589165	0.299155	1.06463	-0.481399	2.31953	-3.59107	7.95128	0.753427	-0.933986	-0.673333	
1486259081322	-2.24965	1.63694	-2.17338	1.8846	2.29999	-1.65959	-0.957923	-0.113513	0.717327	0.330736	-0.00696793	-0.933558	0.00910303	-0.358244	1.652	-2.48417	1.65432	-0.589556	0.29871	1.06518	-0.480533	2.30543	-3.60762	7.95243	0.752675	-0.932927	-0.672391	
1486259081342	-2.24965	1.63694	-2.17338	1.8846	2.29999	-1.65959	-0.957923	-0.113513	0.717327	0.330736	-0.00696831	-0.933558	0.00910378	-0.358244	1.6497	-2.5158	1.66451	-0.588778	0.294436	1.06561	-0.480538	2.35835	-3.5855	7.98715	0.76204	-0.932708	-0.675373	
1486259081352	-2.24965	1.63694	-2.17338	1.8846	2.29999	-1.65959	-0.957923	-0.113513	0.717327	0.330736	-0.00696843	-0.933558	0.00910323	-0.358244	1.6497	-2.5158	1.66451	-0.588778	0.294436	1.06561	-0.480538	2.35835	-3.5855	7.98715	0.76204	-0.932708	-0.675373	
1486259081362	-2.24965	1.63694	-2.17338	1.8846	2.29999	-1.65959	-0.957923	-0.113513	0.717327	0.330736	-0.00696843	-0.933558	0.00910323	-0.358244	1.64258	-2.48956	1.65465	-0.582336	0.292603	1.08119	-0.482669	2.33391	-3.56822	7.96437	0.765622	-0.94073	-0.670292	
1486259081372	-2.24965	1.63694	-2.17338	1.8846	2.29999	-1.65959	-0.957923	-0.113513	0.717327	0.330736	-0.00696843	-0.933558	0.00910323	-0.358244	1.64258	-2.48956	1.65465	-0.582336	0.292603	1.08119	-0.482669	2.33391	-3.56822	7.96437	0.765622	-0.94073	-0.670292	
1486259081382	-2.24965	1.63694	-2.17338	1.88459	2.29999	-1.6596	-0.957923	-0.113512	0.717327	0.330737	-0.00696868	-0.933557	0.00910361	-0.358245	1.65847	-2.49947	1.66659	-0.565226	0.285386	1.10991	-0.485433	2.37857	-3.57522	8.01111	0.785585	-0.956244	-0.668553	
1486259081392	-2.24965	1.63694	-2.17338	1.88459	2.29999	-1.6596	-0.957923	-0.113513	0.717328	0.330733	-0.00696646	-0.933558	0.00910678	-0.358242	1.65847	-2.49947	1.66659	-0.565226	0.285386	1.10991	-0.485433	2.37857	-3.57522	8.01111	0.785585	-0.956244	-0.668553	
1486259081402	-2.24965	1.63694	-2.17338	1.88457	2.29999	-1.6596	-0.957923	-0.113513	0.717328	0.330733	-0.00696646	-0.933558	0.00910678	-0.358242	1.69953	-2.52761	1.68517	-0.548378	0.27083	1.14265	-0.488338	2.42446	-3.62071	8.08914	0.815559	-0.966902	-0.670331	
1486259081412	-2.24965	1.63694	-2.17338	1.88457	2.29999	-1.6596	-0.957923	-0.113513	0.717328	0.330733	-0.00696646	-0.933558	0.00910678	-0.358242	1.69953	-2.52761	1.68517	-0.548378	0.27083	1.14265	-0.488338	2.42446	-3.62071	8.08914	0.815559	-0.966902	-0.670331	
1486259081422	-2.24965	1.63694	-2.17338	1.88455	2.29999	-1.6596	-0.957923	-0.113513	0.717333	0.330725	-0.00695948	-0.933561	0.00911374	-0.358234	1.6633	-2.5346	1.68634	-0.56739	0.27113	1.17114	-0.491489	2.41138	-3.53369	8.16697	0.831867	-0.985382	-0.664977	
1486259081432	-2.24965	1.63694	-2.17338	1.88455	2.29999	-1.6596	-0.957923	-0.113513	0.717336	0.33072	-0.00695553	-0.933563	0.0091181	-0.35823	1.6633	-2.5346	1.68634	-0.56739	0.27113	1.17114	-0.491489	2.41138	-3.53369	8.16697	0.831867	-0.985382	-0.664977	
1486259081442	-2.24966	1.63694	-2.17338	1.88455	2.29999	-1.6596	-0.957923	-0.113513	0.717336	0.33072	-0.00695553	-0.933563	0.0091181	-0.35823	1.67193	-2.54594	1.6903	-0.579657	0.270679	1.20877	-0.494106	2.38135	-3.52953	8.27333	0.856537	-1.00566	-0.663377	
1486259081462	-2.24966	1.63694	-2.17338	1.88455	2.29999	-1.6596	-0.957923	-0.113515	0.717337	0.330717	-0.00695367	-0.933564	0.00912029	-0.358227	1.70429	-2.56319	1.70896	-0.575676	0.265069	1.24859	-0.497256	2.39039	-3.57187	8.38417	0.883001	-1.02583	-0.66269	
1486259081472	-2.24966	1.63694	-2.17338	1.88455	2.29999	-1.6596	-0.957923	-0.113515	0.717337	0.330717	-0.00695367	-0.933564	0.00912029	-0.358227	1.70429	-2.56319	1.70896	-0.575676	0.265069	1.24859	-0.497256	2.39039	-3.57187	8.38417	0.883001	-1.02583	-0.66269	
1486259081482	-2.24966	1.63694	-2.17338	1.88455	2.3	-1.6596	-0.957923	-0.113516	0.717337	0.330715	-0.00695261	-0.933565	0.00912177	-0.358225	1.75826	-2.57783	1.72697	-0.563866	0.25659	1.30326	-0.500809	2.39111	-3.64524	8.511	0.919719	-1.05177	-0.661698	
1486259081492	-2.24966	1.63694	-2.17338	1.88455	2.3	-1.6596	-0.957923	-0.113516	0.717338	0.330714	-0.0069513	-0.933566	0.00912171	-0.358221	1.75826	-2.57783	1.72697	-0.563866	0.25659	1.30326	-0.500809	2.39111	-3.64524	8.511	0.919719	-1.05177	-0.661698	
1486259081512	-2.24966	1.63694	-2.17338	1.88455	2.3	-1.6596	-0.957923	-0.113516	0.717338	0.330714	-0.0069513	-0.933566	0.00912171	-0.358221	1.79268	-2.57992	1.73811	-0.569484	0.258402	1.34868	-0.503783	2.34925	-3.70151	8.63456	0.943872	-1.07763	-0.65991	
1486259081522	-2.24966	1.63694	-2.17338	1.88455	2.30001	-1.6596	-0.957923	-0.113517	0.717339	0.330713	-0.00694949	-0.933568	0.00911888	-0.358218	1.83065	-2.62528	1.76321	-0.579557	0.257066	1.3895	-0.506557	2.36255	-3.7496	8.81016	0.976801	-1.10031	-0.664153	
1486259081532	-2.24966	1.63694	-2.17338	1.88455	2.30001	-1.6596	-0.957923	-0.113518	0.717339	0.330712	-0.00694857	-0.933568	0.00911781	-0.358216	1.83065	-2.62528	1.76321	-0.579557	0.257066	1.3895	-0.506557	2.36255	-3.7496	8.81016	0.976801	-1.10031	-0.664153	
1486259081552	-2.24967	1.63694	-2.17338	1.88455	2.30001	-1.65961	-0.957923	-0.113518	0.717339	0.330712	-0.00694857	-0.933568	0.00911781	-0.358216	1.87595	-2.64132	1.77781	-0.582142	0.257819	1.4364	-0.509227	2.33977	-3.81815	8.95116	1.00651	-1.12662	-0.66496	
1486259081562	-2.24967	1.63694	-2.17338	1.88455	2.30001	-1.65961	-0.957923	-0.113518	0.71734	0.330712	-0.00694863	-0.933569	0.00911763	-0.358214	1.94943	-2.64385	1.7873	-0.577852	0.255227	1.49531	-0.510712	2.28	-3.93532	9.09118	1.04326	-1.15447	-0.664058	
1486259081572	-2.24967	1.63694	-2.17338	1.88455	2.30001	-1.65961	-0.957923	-0.113519	0.717339	0.330711	-0.00694883	-0.93357	0.00911841	-0.358212	1.94943	-2.64385	1.7873	-0.577852	0.255227	1.49531	-0.510712	2.28	-3.93532	9.09118	1.04326	-1.15447	-0.664058	
1486259081582	-2.24967	1.63694	-2.17338	1.88455	2.30001	-1.65961	-0.957923	-0.113519	0.717339	0.330711	-0.00694883	-0.93357	0.00911841	-0.358212	1.98533	-2.65388	1.80083	-0.57889	0.256348	1.5407	-0.513632	2.26146	-3.98834	9.21743	1.06986	-1.18117	-0.663332	
1486259081592	-2.24967	1.63694	-2.17338	1.88455	2.30001	-1.65961	-0.957923	-0.11352	0.717339	0.33071	-0.00694793	-0.933571	0.00911925	-0.35821	1.98533	-2.65388	1.80083	-0.57889	0.256348	1.5407	-0.513632	2.26146	-3.98834	9.21743	1.06986	-1.18117	-0.663332	
1486259081622	-2.24967	1.63694	-2.17338	1.88455	2.30001	-1.65962	-0.957923	-0.113521	0.71734	0.33071	-0.00694815	-0.933571	0.00911807	-0.358208	2.12105	-2.67206	1.81155	-0.583481	0.25931	1.64179	-0.518744	2.14209	-4.20987	9.49218	1.13588	-1.2316	-0.669717	
1486259081632	-2.24967	1.63694	-2.17338	1.88455	2.30001	-1.65962	-0.957923	-0.113521	0.717338	0.330711	-0.0069499	-0.933571	0.00911748	-0.358208	2.12105	-2.67206	1.81155	-0.583481	0.25931	1.64179	-0.518744	2.14209	-4.20987	9.49218	1.13588	-1.2316	-0.669717	
1486259081642	-2.24967	1.63694	-2.17338	1.88455	2.30001	-1.65962	-0.957923	-0.113521	0.717338	0.330711	-0.0069499	-0.933571	0.00911748	-0.358208	2.17954	-2.69642	1.83247	-0.572815	0.253048	1.68914	-0.521128	2.15405	-4.29396	9.62451	1.17025	-1.2548	-0.671142	
1486259081662	-2.24967	1.63694	-2.17338	1.88455	2.30001	-1.65963	-0.957923	-0.113522	0.717337	0.330709	-0.00694948	-0.933572	0.00912066	-0.358206	2.22023	-2.68579	1.82339	-0.585497	0.259134	1.74133	-0.522977	2.05325	-4.35471	9.74211	1.19933	-1.28305	-0.669629	
1486259081672	-2.24967	1.63694	-2.17338	1.88455	2.30001	-1.65963	-0.957923	-0.113523	0.717338	0.330711	-0.00695122	-0.933573	0.00911969	-0.358203	2.22023	-2.68579	1.82339	-0.585497	0.259134	1.74133	-0.522977	2.05325	-4.35471	9.74211	1.19933	-1.28305	-0.669629	
1486259081692	-2.24967	1.63694	-2.17338	1.88456	2.30001	-1.65965	-0.957923	-0.113524	0.717334	0.330711	-0.00695564	-0.933576	0.00912565	-0.358196	2.28372	-2.69177	1.82046	-0.579574	0.256271	1.80911	-0.525502	1.99954	-4.43184	9.87866	1.24612	-1.31631	-0.669413	
1486259081702	-2.24968	1.63694	-2.17338	1.88456	2.30001	-1.6597	-0.957923	-0.113524	0.717334	0.330711	-0.00695564	-0.933576	0.00912565	-0.358196	2.32903	-2.73408	1.8423	-0.586027	0.253252	1.86544	-0.527322	2.00158	-4.47948	10.0719	1.28972	-1.34636	-0.670859	
1486259081712	-2.24968	1.63694	-2.17338	1.88456	2.30001	-1.6597	-0.957923	-0.11353	0.717332	0.330706	-0.00695841	-0.933584	0.00913716	-0.358175	2.32903	-2.73408	1.8423	-0.586027	0.253252	1.86544	-0.527322	2.00158	-4.47948	10.0719	1.28972	-1.34636	-0.670859	
1486259081732	-2.24973	1.63694	-2.17338	1.88457	2.30001	-1.65975	-0.957923	-0.113546	0.717329	0.33069	-0.00695646	-0.933597	0.00915237	-0.358141	2.39865	-2.69205	1.8221	-0.591602	0.259707	1.9193	-0.529678	1.84199	-4.61085	10.1486	1.31352	-1.37144	-0.669245	
1486259081742	-2.24974	1.63694	-2.17338	1.88457	2.30001	-1.65978	-0.957923	-0.113546	0.717329	0.33069	-0.00695646	-0.933597	0.00915237	-0.358141	2.41743	-2.73668	1.8498	-0.602624	0.256971	1.96175	-0.531108	1.86713	-4.61758	10.3243	1.34659	-1.39608	-0.668951	
1486259081762	-2.24977	1.63694	-2.17338	1.88458	2.30001	-1.65984	-0.957923	-0.113551	0.717327	0.330685	-0.00695744	-0.933602	0.00916019	-0.358127	2.47119	-2.72184	1.85278	-0.610231	0.262715	2.00895	-0.531968	1.77208	-4.71931	10.4413	1.36842	-1.42169	-0.666349	
1486259081772	-2.24977	1.63694	-2.17338	1.88458	2.30001	-1.65984	-0.957923	-0.113564	0.717325	0.330673	-0.00695836	-0.933616	0.00917728	-0.358091	2.47119	-2.72184	1.85278	-0.610231	0.262715	2.00895	-0.531968	1.77208	-4.71931	10.4413	1.36842	-1.42169	-0.666349	
1486259081792	-2.2498	1.63694	-2.17338	1.88458	2.30001	-1.65987	-0.957923	-0.113564	0.717325	0.330673	-0.00695836	-0.933616	0.00917728	-0.358091	2.46327	-2.74072	1.85415	-0.631954	0.265741	2.03642	-0.531311	1.74093	-4.68201	10.5475	1.3892	-1.43822	-0.663941	
1486259081812	-2.24981	1.63694	-2.17338	1.88458	2.30001	-1.6599	-0.957923	-0.113581	0.717321	0.330656	-0.00695649	-0.93363	0.0091946	-0.358053	2.53094	-2.75013	1.88167	-0.627161	0.257272	2.07757	-0.527655	1.70604	-4.79843	10.6768	1.41531	-1.45318	-0.658323	
1486259081822	-2.24985	1.63695	-2.17339	1.88459	2.30001	-1.66002	-0.957923	-0.113581	0.717321	0.330656	-0.00695649	-0.93363	0.0091946	-0.358053	2.59995	-2.74441	1.89319	-0.620994	0.252199	2.12644	-0.522263	1.63689	-4.90876	10.7897	1.4454	-1.47295	-0.650473	
1486259081832	-2.24985	1.63695	-2.17339	1.88459	2.30001	-1.66002	-0.957923	-0.113581	0.717321	0.330656	-0.00695649	-0.93363	0.0091946	-0.358053	2.59995	-2.74441	1.89319	-0.620994	0.252199	2.12644	-0.522263	1.63689	-4.90876	10.7897	1.4454	-1.47295	-0.650473	
1486259081842	-2.2499	1.63694	-2.17339	1.88459	2.30001	-1.66007	-0.957923	-0.113602	0.717316	0.330636	-0.00696109	-0.933654	0.00922909	-0.35799	2.63648	-2.76457	1.92916	-0.629152	0.245529	2.15278	-0.515369	1.6179	-4.97254	10.9259	1.46234	-1.48232	-0.641631	
1486259081852	-2.2499	1.63694	-2.17339	1.88459	2.30001	-1.66007	-0.957923	-0.11362	0.717314	0.330615	-0.00695508	-0.933669	0.00924665	-0.357951	2.63648	-2.76457	1.92916	-0.629152	0.245529	2.15278	-0.515369	1.6179	-4.97254	10.9259	1.46234	-1.48232	-0.641631	
1486259081862	-2.24997	1.63695	-2.17339	1.88459	2.30003	-1.66009	-0.957923	-0.11362	0.717314	0.330615	-0.00695508	-0.933669	0.00924665	-0.357951	2.68731	-2.80511	1.97901	-0.64226	0.235027	2.18199	-0.507595	1.60798	-5.06019	11.1119	1.48556	-1.49016	-0.634159	
1486259081872	-2.24997	1.63695	-2.17339	1.88459	2.30003	-1.66009	-0.957923	-0.113643	0.717316	0.33059	-0.00694076	-0.933683	0.00925182	-0.357913	2.68731	-2.80511	1.97901	-0.64226	0.235027	2.18199	-0.507595	1.60798	-5.06019	11.1119	1.48556	-1.49016	-0.634159	
1486259081882	-2.25004	1.63695	-2.17339	1.8846	2.30006	-1.66012	-0.957923	-0.113643	0.717316	0.33059	-0.00694076	-0.933683	0.00925182	-0.357913	2.74381	-2.86617	2.03469	-0.652782	0.225398	2.21173	-0.498488	1.63219	-5.14726	11.3247	1.51469	-1.50043	-0.629067	
1486259081902	-2.25013	1.63695	-2.17339	1.8846	2.30011	-1.6602	-0.957923	-0.11367	0.717319	0.33056	-0.00692125	-0.933704	0.00925206	-0.357859	2.75922	-2.87671	2.07865	-0.672347	0.223009	2.23927	-0.48738	1.59204	-5.18099	11.4846	1.52516	-1.51428	-0.611634	
1486259081912	-2.25013	1.63695	-2.17339	1.8846	2.30011	-1.6602	-0.957923	-0.113703	0.717321	0.330525	-0.006901	-0.933732	0.00926011	-0.357785	2.75922	-2.87671	2.07865	-0.672347	0.223009	2.23927	-0.48738	1.59204	-5.18099	11.4846	1.52516	-1.51428	-0.611634	
1486259081922	-2.2502	1.63695	-2.17339	1.88461	2.30013	-1.66024	-0.957923	-0.113703	0.717321	0.330525	-0.006901	-0.933732	0.00926011	-0.357785	2.78746	-2.9131	2.13216	-0.698803	0.217606	2.26235	-0.476478	1.5651	-5.2369	11.6822	1.53994	-1.5223	-0.599307	
1486259081932	-2.2502	1.63695	-2.17339	1.88461	2.30013	-1.66024	-0.957923	-0.113703	0.717321	0.330525	-0.006901	-0.933732	0.00926011	-0.357785	2.78746	-2.9131	2.13216	-0.698803	0.217606	2.26235	-0.476478	1.5651	-5.2369	11.6822	1.53994	-1.5223	-0.599307	
1486259081942	-2.25027	1.63695	-2.17339	1.88463	2.30016	-1.66029	-0.957923	-0.113729	0.717321	0.330497	-0.00688634	-0.933751	0.0092671	-0.357738	2.79849	-2.9636	2.19015	-0.737332	0.207749	2.2933	-0.465052	1.53759	-5.24648	11.9208	1.56365	-1.53201	-0.58419	
1486259081954	-2.25027	1.63695	-2.17339	1.88463	2.30016	-1.66029	-0.957923	-0.113757	0.717321	0.330473	-0.00687446	-0.933772	0.00927024	-0.357683	2.79849	-2.9636	2.19015	-0.737332	0.207749	2.2933	-0.465052	1.53759	-5.24648	11.9208	1.56365	-1.53201	-0.58419	
1486259081972	-2.25036	1.63695	-2.1734	1.88464	2.30022	-1.66037	-0.957925	-0.113793	0.717321	0.330441	-0.00685541	-0.9338	0.00927308	-0.357609	2.82936	-3.03299	2.26559	-0.777044	0.197472	2.3199	-0.452662	1.52988	-5.30155	12.1993	1.58673	-1.53908	-0.571996	
1486259081982	-2.25046	1.63696	-2.1734	1.88466	2.30026	-1.66043	-0.957925	-0.113793	0.717321	0.330441	-0.00685541	-0.9338	0.00927308	-0.357609	2.89549	-3.07645	2.33741	-0.794164	0.181458	2.3496	-0.439415	1.50643	-5.42849	12.4255	1.6083	-1.54242	-0.557881	
1486259082012	-2.25057	1.63696	-2.17341	1.88469	2.30029	-1.66046	-0.957925	-0.113872	0.717323	0.330372	-0.00681085	-0.93385	0.00926882	-0.35748	2.93069	-3.14348	2.41583	-0.834942	0.170694	2.37267	-0.425303	1.48996	-5.49705	12.7029	1.62831	-1.54636	-0.544387	
1486259082022	-2.25068	1.63697	-2.17342	1.88471	2.30031	-1.66047	-0.957925	-0.113872	0.717323	0.330372	-0.00681085	-0.93385	0.00926882	-0.35748	2.93774	-3.2036	2.49157	-0.887438	0.162381	2.39262	-0.412591	1.45953	-5.52008	12.9761	1.6422	-1.55065	-0.528722	
1486259082072	-2.25081	1.63697	-2.17344	1.88476	2.30032	-1.6605	-0.957925	-0.113938	0.717323	0.330319	-0.00677616	-0.933881	0.00926805	-0.357399	2.90928	-3.3109	2.61253	-0.998379	0.151173	2.41547	-0.387118	1.38648	-5.47799	13.4405	1.66131	-1.55256	-0.498296	
1486259082082	-2.25083	1.63698	-2.17345	1.88479	2.30032	-1.66051	-0.957925	-0.113956	0.717323	0.330311	-0.00676814	-0.933886	0.0092623	-0.357387	2.96777	-3.33761	2.66197	-1.01884	0.138647	2.43807	-0.374922	1.32561	-5.59124	13.6154	1.67799	-1.55133	-0.486363	
1486259082092	-2.25083	1.63698	-2.17345	1.88479	2.30032	-1.66051	-0.957925	-0.113968	0.717322	0.330316	-0.00676893	-0.933889	0.00925068	-0.35738	2.96777	-3.33761	2.66197	-1.01884	0.138647	2.43807	-0.374922	1.32561	-5.59124	13.6154	1.67799	-1.55133	-0.486363	
1486259082112	-2.25084	1.63699	-2.17346	1.88481	2.30032	-1.66054	-0.957925	-0.11398	0.717325	0.330321	-0.00676932	-0.933894	0.00924561	-0.357366	2.97308	-3.36774	2.70985	-1.05654	0.133275	2.45659	-0.362572	1.27505	-5.60439	13.8025	1.68891	-1.5558	-0.470508	
1486259082122	-2.25084	1.63701	-2.17347	1.88482	2.30032	-1.66057	-0.957925	-0.11398	0.717325	0.330321	-0.00676932	-0.933894	0.00924561	-0.357366	2.98146	-3.39568	2.74887	-1.08112	0.127883	2.46773	-0.350291	1.24876	-5.61736	13.9423	1.69797	-1.55697	-0.457282	
1486259082142	-2.25084	1.63704	-2.17348	1.88484	2.30033	-1.66061	-0.957925	-0.113986	0.717327	0.330329	-0.00677273	-0.933898	0.00923781	-0.357357	3.02312	-3.44988	2.80563	-1.10984	0.114733	2.48888	-0.337421	1.22355	-5.68568	14.1553	1.72042	-1.5565	-0.446604	
1486259082162	-2.25084	1.63706	-2.17349	1.88485	2.30036	-1.66065	-0.957925	-0.113994	0.717329	0.330342	-0.00678095	-0.933904	0.009225	-0.357341	3.03155	-3.46671	2.83841	-1.12187	0.107582	2.50287	-0.324578	1.20741	-5.69127	14.261	1.73066	-1.5593	-0.431141	
1486259082172	-2.25084	1.63706	-2.17349	1.88485	2.30036	-1.66065	-0.957925	-0.113994	0.717329	0.330342	-0.00678095	-0.933904	0.009225	-0.357341	3.03155	-3.46671	2.83841	-1.12187	0.107582	2.50287	-0.324578	1.20741	-5.69127	14.261	1.73066	-1.5593	-0.431141	
1486259082182	-2.25085	1.63709	-2.17352	1.88486	2.30041	-1.66069	-0.957925	-0.114006	0.717336	0.330348	-0.00677719	-0.933913	0.00921093	-0.357319	3.06159	-3.51994	2.88685	-1.14237	0.0960085	2.52508	-0.312396	1.20834	-5.72635	14.4492	1.75522	-1.56283	-0.42086	
1486259082192	-2.25085	1.63709	-2.17352	1.88486	2.30041	-1.66069	-0.957925	-0.114021	0.717347	0.330358	-0.00676821	-0.933923	0.00918377	-0.357293	3.06159	-3.51994	2.88685	-1.14237	0.0960085	2.52508	-0.312396	1.20834	-5.72635	14.4492	1.75522	-1.56283	-0.42086	
1486259082222	-2.2509	1.63715	-2.17357	1.88488	2.30044	-1.66076	-0.957925	-0.114044	0.717359	0.330359	-0.00675795	-0.933937	0.00917055	-0.357257	3.10077	-3.54163	2.93251	-1.17379	0.0868555	2.55527	-0.291885	1.11426	-5.78906	14.6496	1.7763	-1.56749	-0.398521	
1486259082232	-2.2509	1.63715	-2.17357	1.88488	2.30044	-1.66076	-0.957925	-0.114065	0.717371	0.330362	-0.00674486	-0.933942	0.00915374	-0.357244	3.10077	-3.54163	2.93251	-1.17379	0.0868555	2.55527	-0.291885	1.11426	-5.78906	14.6496	1.7763	-1.56749	-0.398521	
1486259082252	-2.25093	1.63716	-2.17359	1.88488	2.30044	-1.66076	-0.957925	-0.114065	0.717371	0.330362	-0.00674486	-0.933942	0.00915374	-0.357244	3.11023	-3.55615	2.95117	-1.19645	0.0815099	2.56531	-0.283656	1.06293	-5.80201	14.7431	1.78543	-1.56564	-0.389839	
1486259082262	-2.25095	1.63718	-2.17361	1.88489	2.30044	-1.66076	-0.957925	-0.114083	0.71738	0.330361	-0.00673269	-0.933946	0.00914139	-0.357233	3.11272	-3.566	2.96712	-1.20812	0.0756844	2.57658	-0.277946	1.04087	-5.79861	14.8096	1.7941	-1.56692	-0.381728	
1486259082272	-2.25095	1.63718	-2.17361	1.88489	2.30044	-1.66076	-0.957925	-0.114096	0.717386	0.33036	-0.00672472	-0.933949	0.00913274	-0.357227	3.11272	-3.566	2.96712	-1.20812	0.0756844	2.57658	-0.277946	1.04087	-5.79861	14.8096	1.7941	-1.56692	-0.381728	
1486259082282	-2.25098	1.6372	-2.17362	1.8849	2.30045	-1.66077	-0.957925	-0.114096	0.717386	0.33036	-0.00672472	-0.933949	0.00913274	-0.357227	3.172	-3.58763	2.99052	-1.21799	0.0629314	2.59691	-0.273082	0.989438	-5.90261	14.9194	1.81416	-1.56348	-0.379604	
1486259082302	-2.25101	1.63721	-2.17364	1.88491	2.30045	-1.66078	-0.957925	-0.114112	0.717393	0.330358	-0.0067147	-0.933954	0.00912123	-0.357214	3.1684	-3.58228	2.99815	-1.23472	0.0621171	2.60747	-0.269219	0.937737	-5.89933	14.9712	1.81707	-1.56655	-0.371877	
1486259082332	-2.25103	1.63722	-2.17365	1.88492	2.30046	-1.66078	-0.957925	-0.114136	0.717403	0.330357	-0.00670271	-0.933961	0.0091027	-0.357196	3.14935	-3.58129	3.0043	-1.26134	0.063382	2.61101	-0.26668	0.883334	-5.87233	15.0237	1.81562	-1.56684	-0.365885	
1486259082342	-2.25104	1.63724	-2.17366	1.88493	2.30046	-1.66078	-0.957925	-0.114136	0.717403	0.330357	-0.00670271	-0.933961	0.0091027	-0.357196	3.16751	-3.57998	3.01434	-1.26418	0.0573308	2.62255	-0.264108	0.854836	-5.90524	15.062	1.82248	-1.56723	-0.361234	
1486259082352	-2.25104	1.63724	-2.17366	1.88493	2.30046	-1.66078	-0.957925	-0.114136	0.717403	0.330357	-0.00670271	-0.933961	0.0091027	-0.357196	3.16751	-3.57998	3.01434	-1.26418	0.0573308	2.62255	-0.264108	0.854836	-5.90524	15.062	1.82248	-1.56723	-0.361234	
1486259082362	-2.25106	1.63726	-2.17367	1.88494	2.30046	-1.6608	-0.957925	-0.114146	0.717406	0.33036	-0.00670037	-0.933964	0.00909205	-0.357188	3.20291	-3.63028	3.04488	-1.27355	0.0494583	2.63205	-0.26305	0.883262	-5.96157	15.1815	1.83983	-1.56638	-0.366032	
1486259082372	-2.25106	1.63726	-2.17367	1.88494	2.30046	-1.6608	-0.957925	-0.11416	0.717413	0.330364	-0.00669421	-0.933969	0.00907959	-0.357177	3.20291	-3.63028	3.04488	-1.27355	0.0494583	2.63205	-0.26305	0.883262	-5.96157	15.1815	1.83983	-1.56638	-0.366032	
1486259082412	-2.25111	1.63731	-2.17371	1.88496	2.30048	-1.66092	-0.957925	-0.114198	0.717423	0.330363	-0.00668992	-0.933993	0.00907728	-0.357112	3.23978	-3.63444	3.0666	-1.29463	0.0398299	2.65357	-0.26147	0.801265	-6.04253	15.2875	1.85178	-1.56562	-0.361458	
1486259082422	-2.25113	1.63732	-2.17373	1.88497	2.30048	-1.66092	-0.957925	-0.114198	0.717423	0.330363	-0.00668992	-0.933993	0.00907728	-0.357112	3.21367	-3.6467	3.06686	-1.31718	0.0436165	2.65577	-0.260785	0.782392	-5.98966	15.3348	1.8544	-1.56882	-0.360103	
1486259082432	-2.25113	1.63732	-2.17373	1.88497	2.30048	-1.66092	-0.957925	-0.11421	0.717431	0.330366	-0.00668212	-0.933995	0.00906501	-0.357108	3.21367	-3.6467	3.06686	-1.31718	0.0436165	2.65577	-0.260785	0.782392	-5.98966	15.3348	1.8544	-1.56882	-0.360103	
1486259082442	-2.25114	1.63734	-2.17374	1.88498	2.30048	-1.66092	-0.957925	-0.11421	0.717431	0.330366	-0.00668212	-0.933995	0.00906501	-0.357108	3.22452	-3.63768	3.06958	-1.32754	0.0401221	2.66874	-0.260985	0.72849	-6.01494	15.3699	1.85949	-1.57045	-0.35686	
1486259082452	-2.25114	1.63734	-2.17374	1.88498	2.30048	-1.66092	-0.957925	-0.11421	0.717431	0.330366	-0.00668212	-0.933995	0.00906501	-0.357108	3.22452	-3.63768	3.06958	-1.32754	0.0401221	2.66874	-0.260985	0.72849	-6.01494	15.3699	1.85949	-1.57045	-0.35686	
1486259082482	-2.25119	1.63737	-2.17376	1.885	2.30049	-1.66092	-0.957926	-0.11423	0.71744	0.330368	-0.00667307	-0.934	0.00904583	-0.357095	3.26086	-3.66472	3.09282	-1.34879	0.0335541	2.6928	-0.262931	0.686569	-6.08413	15.5053	1.87822	-1.57536	-0.359148	
1486259082492	-2.25119	1.63737	-2.17376	1.885	2.30049	-1.66092	-0.957926	-0.11423	0.71744	0.330368	-0.00667307	-0.934	0.00904583	-0.357095	3.26086	-3.66472	3.09282	-1.34879	0.0335541	2.6928	-0.262931	0.686569	-6.08413	15.5053	1.87822	-1.57536	-0.359148	
1486259082502	-2.25121	1.63738	-2.17377	1.885	2.30049	-1.66098	-0.957926	-0.114243	0.717445	0.330367	-0.0066655	-0.934004	0.00903656	-0.357085	3.269	-3.68278	3.09972	-1.36453	0.0273178	2.71183	-0.263805	0.658356	-6.08567	15.5848	1.89542	-1.57934	-0.358852	
1486259082512	-2.25121	1.63738	-2.17377	1.885	2.30049	-1.66098	-0.957926	-0.114259	0.717448	0.330364	-0.00666459	-0.934017	0.00903835	-0.357053	3.269	-3.68278	3.09972	-1.36453	0.0273178	2.71183	-0.263805	0.658356	-6.08567	15.5848	1.89542	-1.57934	-0.358852	
1486259082522	-2.25125	1.6374	-2.17378	1.88501	2.3005	-1.66102	-0.957926	-0.114259	0.717448	0.330364	-0.00666459	-0.934017	0.00903835	-0.357053	3.28178	-3.69921	3.11233	-1.3699	0.025641	2.71252	-0.265381	0.666004	-6.11635	15.6262	1.89779	-1.57811	-0.36236	
1486259082532	-2.25125	1.6374	-2.17378	1.88501	2.3005	-1.66102	-0.957926	-0.114259	0.717448	0.330364	-0.00666459	-0.934017	0.00903835	-0.357053	3.28178	-3.69921	3.11233	-1.3699	0.025641	2.71252	-0.265381	0.666004	-6.11635	15.6262	1.89779	-1.57811	-0.36236	
1486259082542	-2.25126	1.63741	-2.1738	1.88502	2.3005	-1.66102	-0.957926	-0.114279	0.717455	0.330357	-0.00665541	-0.934027	0.00903691	-0.357026	3.27717	-3.6804	3.1043	-1.38698	0.0286309	2.72041	-0.266469	0.593032	-6.11929	15.6421	1.89649	-1.58065	-0.359834	
1486259082552	-2.25126	1.63741	-2.1738	1.88502	2.3005	-1.66102	-0.957926	-0.114287	0.717459	0.33036	-0.00665087	-0.934028	0.00902784	-0.357024	3.27717	-3.6804	3.1043	-1.38698	0.0286309	2.72041	-0.266469	0.593032	-6.11929	15.6421	1.89649	-1.58065	-0.359834	
1486259082562	-2.25126	1.63742	-2.17381	1.88502	2.3005	-1.66102	-0.957926	-0.114287	0.717459	0.33036	-0.00665087	-0.934028	0.00902784	-0.357024	3.27189	-3.69868	3.11157	-1.39879	0.0244663	2.73227	-0.266777	0.590877	-6.09621	15.7014	1.90844	-1.58431	-0.358924	
1486259082572	-2.25126	1.63742	-2.17381	1.88502	2.3005	-1.66102	-0.957926	-0.114294	0.717463	0.330363	-0.00664736	-0.934029	0.00901969	-0.357021	3.27189	-3.69868	3.11157	-1.39879	0.0244663	2.73227	-0.266777	0.590877	-6.09621	15.7014	1.90844	-1.58431	-0.358924	
1486259082582	-2.25128	1.63744	-2.17383	1.88503	2.30051	-1.66106	-0.957925	-0.114294	0.717463	0.330363	-0.00664736	-0.934029	0.00901969	-0.357021	3.32247	-3.71998	3.12719	-1.39798	0.0160989	2.75135	-0.268754	0.581372	-6.18501	15.7799	1.92651	-1.5865	-0.363647	
1486259082592	-2.25128	1.63744	-2.17383	1.88503	2.30051	-1.66106	-0.957925	-0.114294	0.717463	0.330363	-0.00664736	-0.934029	0.00901969	-0.357021	3.32247	-3.71998	3.12719	-1.39798	0.0160989	2.75135	-0.268754	0.581372	-6.18501	15.7799	1.92651	-1.5865	-0.363647	
1486259082612	-2.25131	1.63746	-2.17385	1.88504	2.30052	-1.66109	-0.957925	-0.114326	0.717477	0.330363	-0.00663305	-0.934045	0.00900834	-0.356981	3.29318	-3.72737	3.13393	-1.42088	0.0178583	2.7528	-0.26986	0.563639	-6.13709	15.8256	1.92496	-1.58856	-0.36134	
1486259082622	-2.25132	1.63748	-2.17387	1.88504	2.30052	-1.66111	-0.957926	-0.114326	0.717477	0.330363	-0.00663305	-0.934045	0.00900834	-0.356981	3.32219	-3.72871	3.14113	-1.42794	0.014871	2.76828	-0.270558	0.520972	-6.19505	15.8817	1.93412	-1.59179	-0.361578	
1486259082642	-2.25135	1.63749	-2.17389	1.88505	2.30053	-1.66119	-0.957926	-0.11434	0.717485	0.330365	-0.00662546	-0.93405	0.00900096	-0.356967	3.35983	-3.75726	3.16331	-1.43283	0.00748354	2.78446	-0.270788	0.52204	-6.2602	15.9769	1.95035	-1.59422	-0.364147	
1486259082652	-2.25135	1.63749	-2.17389	1.88505	2.30053	-1.66119	-0.957926	-0.114362	0.717492	0.330363	-0.00661969	-0.934064	0.00900588	-0.356931	3.35983	-3.75726	3.16331	-1.43283	0.00748354	2.78446	-0.270788	0.52204	-6.2602	15.9769	1.95035	-1.59422	-0.364147	
1486259082682	-2.25138	1.63753	-2.17395	1.88506	2.30053	-1.66122	-0.957926	-0.114384	0.717501	0.330361	-0.00660691	-0.934073	0.00900179	-0.356908	3.33946	-3.75344	3.16225	-1.45461	0.0105755	2.78778	-0.269583	0.474891	-6.22796	16.0102	1.94916	-1.59609	-0.360109	
1486259082712	-2.25139	1.63754	-2.17396	1.88507	2.30054	-1.66122	-0.957926	-0.114403	0.717514	0.33037	-0.0065928	-0.934073	0.00897955	-0.356908	3.384	-3.74565	3.16853	-1.45727	0.0042572	2.80469	-0.268715	0.412139	-6.31635	16.0547	1.95873	-1.59602	-0.358639	
1486259082722	-2.25142	1.63755	-2.17399	1.88508	2.30054	-1.66123	-0.957926	-0.114403	0.717514	0.33037	-0.0065928	-0.934073	0.00897955	-0.356908	3.38951	-3.76323	3.17676	-1.46427	2.79842e-05	2.8228	-0.268295	0.410541	-6.30918	16.1231	1.97476	-1.60327	-0.35713	
1486259082742	-2.25146	1.63756	-2.17401	1.88509	2.30054	-1.66123	-0.957926	-0.114419	0.717522	0.330368	-0.00657953	-0.934077	0.00896986	-0.356899	3.41896	-3.76502	3.1819	-1.46536	-0.00119142	2.83568	-0.266923	0.381944	-6.36276	16.1666	1.9834	-1.60717	-0.35678	
1486259082761	-2.25148	1.63756	-2.17404	1.8851	2.30054	-1.66124	-0.957926	-0.114439	0.717529	0.330362	-0.00656378	-0.934082	0.00896201	-0.356887	3.38724	-3.75513	3.17093	-1.48525	0.00457779	2.84107	-0.266528	0.336166	-6.30202	16.182	1.98304	-1.61287	-0.35258	
1486259082772	-2.25148	1.63756	-2.17404	1.8851	2.30054	-1.66124	-0.957926	-0.114439	0.717529	0.330362	-0.00656378	-0.934082	0.00896201	-0.356887	3.38724	-3.75513	3.17093	-1.48525	0.00457779	2.84107	-0.266528	0.336166	-6.30202	16.182	1.98304	-1.61287	-0.35258	
1486259082782	-2.2515	1.63756	-2.17406	1.88511	2.30054	-1.66127	-0.957926	-0.114453	0.717534	0.330361	-0.00655295	-0.934083	0.00895569	-0.356884	3.44458	-3.76713	3.18457	-1.47954	-0.00403087	2.85921	-0.265358	0.315551	-6.40293	16.2444	1.99947	-1.61367	-0.354223	
1486259082792	-2.2515	1.63756	-2.17406	1.88511	2.30054	-1.66127	-0.957926	-0.11447	0.717538	0.330358	-0.00654285	-0.934089	0.0089593	-0.356868	3.44458	-3.76713	3.18457	-1.47954	-0.00403087	2.85921	-0.265358	0.315551	-6.40293	16.2444	1.99947	-1.61367	-0.354223	
1486259082812	-2.25153	1.63757	-2.17411	1.88511	2.30055	-1.66136	-0.957926	-0.114499	0.717547	0.330352	-0.00652641	-0.934102	0.00897098	-0.356833	3.4607	-3.78427	3.19652	-1.49141	-0.00884586	2.86043	-0.264356	0.297468	-6.43588	16.2953	2.00441	-1.6082	-0.355546	
1486259082822	-2.25155	1.63757	-2.17416	1.88512	2.30055	-1.66136	-0.957926	-0.114499	0.717547	0.330352	-0.00652641	-0.934102	0.00897098	-0.356833	3.4217	-3.78327	3.18179	-1.5102	-0.00381101	2.85559	-0.264198	0.27312	-6.35712	16.2887	2.00206	-1.60802	-0.354386	
1486259082832	-2.25155	1.63757	-2.17416	1.88512	2.30055	-1.66136	-0.957926	-0.114517	0.717558	0.330354	-0.00650577	-0.934102	0.00896124	-0.356835	3.4217	-3.78327	3.18179	-1.5102	-0.00381101	2.85559	-0.264198	0.27312	-6.35712	16.2887	2.00206	-1.60802	-0.354386	
1486259082842	-2.25156	1.63757	-2.1742	1.88513	2.30055	-1.66136	-0.957926	-0.114517	0.717558	0.330354	-0.00650577	-0.934102	0.00896124	-0.356835	3.44036	-3.77464	3.17917	-1.51263	-0.00460189	2.86637	-0.26282	0.230897	-6.39059	16.3078	2.00779	-1.61057	-0.352477	
1486259082862	-2.25158	1.63757	-2.17425	1.88513	2.30055	-1.66139	-0.957926	-0.114531	0.717567	0.330359	-0.00648833	-0.934099	0.00895265	-0.356842	3.48086	-3.78641	3.18436	-1.51219	-0.0117756	2.88722	-0.261715	0.204019	-6.45023	16.3685	2.02718	-1.614	-0.353161	
1486259082892	-2.25161	1.63757	-2.17432	1.88514	2.30055	-1.66142	-0.957926	-0.114583	0.717595	0.330353	-0.00643454	-0.934107	0.00894899	-0.356824	3.49931	-3.7809	3.17324	-1.51584	-0.010342	2.89875	-0.261364	0.158689	-6.47717	16.3844	2.03596	-1.61777	-0.354221	
1486259082912	-2.25163	1.63757	-2.17439	1.88515	2.30055	-1.66145	-0.957926	-0.114583	0.717595	0.330353	-0.00643454	-0.934107	0.00894899	-0.356824	3.51855	-3.80113	3.17	-1.52009	-0.014386	2.91539	-0.260556	0.14709	-6.48608	16.4376	2.05632	-1.62199	-0.356588	
1486259082922	-2.25167	1.63757	-2.17449	1.88515	2.30055	-1.66153	-0.957926	-0.114613	0.717611	0.330354	-0.00640388	-0.93411	0.00894434	-0.356816	3.5135	-3.79473	3.15438	-1.52604	-0.00976224	2.92519	-0.260435	0.114203	-6.4652	16.4435	2.06305	-1.62892	-0.35631	
1486259082932	-2.25167	1.63757	-2.17449	1.88515	2.30055	-1.66153	-0.957926	-0.114653	0.71763	0.33035	-0.00636648	-0.934118	0.00895142	-0.356795	3.5135	-3.79473	3.15438	-1.52604	-0.00976224	2.92519	-0.260435	0.114203	-6.4652	16.4435	2.06305	-1.62892	-0.35631	
1486259082942	-2.25169	1.63757	-2.17459	1.88515	2.30055	-1.66159	-0.957926	-0.114653	0.71763	0.33035	-0.00636648	-0.934118	0.00895142	-0.356795	3.51712	-3.76018	3.12232	-1.52404	-0.00445478	2.9307	-0.259612	0.0438011	-6.46676	16.3861	2.06335	-1.63121	-0.354874	
1486259082982	-2.25171	1.63757	-2.17481	1.88516	2.30055	-1.66176	-0.957926	-0.114729	0.717678	0.330359	-0.0062823	-0.934125	0.00895103	-0.356778	3.51855	-3.72897	3.05344	-1.52689	0.0051945	2.95417	-0.259529	-0.0642654	-6.42265	16.3287	2.08542	-1.64304	-0.357862	
1486259082992	-2.25171	1.63757	-2.17481	1.88516	2.30055	-1.66176	-0.957926	-0.114767	0.717699	0.330364	-0.00624779	-0.934134	0.00896211	-0.356756	3.51855	-3.72897	3.05344	-1.52689	0.0051945	2.95417	-0.259529	-0.0642654	-6.42265	16.3287	2.08542	-1.64304	-0.357862	
1486259083005	-2.25172	1.63757	-2.17491	1.88516	2.30055	-1.6619	-0.957926	-0.114767	0.717699	0.330364	-0.00624779	-0.934134	0.00896211	-0.356756	3.4987	-3.73418	3.03563	-1.53703	0.0113098	2.95819	-0.259856	-0.0781004	-6.36914	16.3337	2.09197	-1.64863	-0.359769	
1486259083012	-2.25172	1.63757	-2.17491	1.88516	2.30055	-1.6619	-0.957926	-0.114767	0.717699	0.330364	-0.00624779	-0.934134	0.00896211	-0.356756	3.4987	-3.73418	3.03563	-1.53703	0.0113098	2.95819	-0.259856	-0.0781004	-6.36914	16.3337	2.09197	-1.64863	-0.359769	
1486259083022	-2.25174	1.63757	-2.17496	1.88516	2.30055	-1.66197	-0.957926	-0.114805	0.717715	0.330364	-0.00621995	-0.934149	0.00898401	-0.356717	3.54915	-3.69414	3.00849	-1.52702	0.0162435	2.97732	-0.259921	-0.175398	-6.46589	16.3054	2.0988	-1.65569	-0.360794	
1486259083032	-2.25174	1.63757	-2.17496	1.88516	2.30055	-1.66197	-0.957926	-0.114828	0.717725	0.330364	-0.00620316	-0.934156	0.00899476	-0.356696	3.54915	-3.69414	3.00849	-1.52702	0.0162435	2.97732	-0.259921	-0.175398	-6.46589	16.3054	2.0988	-1.65569	-0.360794	
1486259083062	-2.25179	1.63757	-2.175	1.88517	2.30055	-1.66204	-0.957926	-0.114847	0.71773	0.330356	-0.00619203	-0.934167	0.00900483	-0.35667	3.56453	-3.73362	3.03357	-1.5393	0.00732114	2.98898	-0.259703	-0.157527	-6.48383	16.4079	2.11477	-1.65585	-0.362223	
1486259083072	-2.25179	1.63757	-2.175	1.88517	2.30055	-1.66204	-0.957926	-0.11486	0.717732	0.330347	-0.00618264	-0.934171	0.00900675	-0.356658	3.56453	-3.73362	3.03357	-1.5393	0.00732114	2.98898	-0.259703	-0.157527	-6.48383	16.4079	2.11477	-1.65585	-0.362223	
1486259083092	-2.25181	1.63757	-2.17501	1.88517	2.30055	-1.66205	-0.957926	-0.114869	0.717733	0.330341	-0.00617737	-0.934175	0.00900872	-0.356648	3.56655	-3.73039	3.03402	-1.54728	0.00790348	2.99481	-0.260391	-0.185209	-6.4919	16.43	2.11642	-1.65797	-0.361555	
1486259083102	-2.25183	1.63758	-2.17502	1.88518	2.30055	-1.66206	-0.957926	-0.114869	0.717733	0.330341	-0.00617737	-0.934175	0.00900872	-0.356648	3.58251	-3.73496	3.0482	-1.55204	0.0039657	3.00608	-0.260938	-0.199786	-6.52707	16.4813	2.12193	-1.66078	-0.360083	
1486259083122	-2.25185	1.63759	-2.17502	1.88519	2.30055	-1.66207	-0.957926	-0.114878	0.717734	0.330339	-0.00617422	-0.934179	0.0090075	-0.356638	3.56187	-3.77217	3.07377	-1.56528	-0.00116017	3.01089	-0.261392	-0.149497	-6.47937	16.5642	2.12999	-1.6638	-0.358947	
1486259083132	-2.25185	1.63759	-2.17502	1.88519	2.30055	-1.66207	-0.957926	-0.114889	0.717736	0.330335	-0.00616902	-0.934183	0.00900486	-0.356628	3.56187	-3.77217	3.07377	-1.56528	-0.00116017	3.01089	-0.261392	-0.149497	-6.47937	16.5642	2.12999	-1.6638	-0.358947	
1486259083142	-2.25187	1.6376	-2.17503	1.8852	2.30055	-1.66208	-0.957926	-0.114889	0.717736	0.330335	-0.00616902	-0.934183	0.00900486	-0.356628	3.61846	-3.77836	3.08861	-1.5659	-0.00450705	3.03039	-0.261322	-0.188516	-6.5913	16.6415	2.1424	-1.66849	-0.360887	
1486259083152	-2.25187	1.6376	-2.17503	1.8852	2.30055	-1.66208	-0.957926	-0.114889	0.717736	0.330335	-0.00616902	-0.934183	0.00900486	-0.356628	3.61846	-3.77836	3.08861	-1.5659	-0.00450705	3.03039	-0.261322	-0.188516	-6.5913	16.6415	2.1424	-1.66849	-0.360887	
1486259083162	-2.25191	1.63761	-2.17503	1.88522	2.30055	-1.66209	-0.957926	-0.114899	0.717738	0.330337	-0.00616883	-0.934186	0.00899608	-0.35662	3.60992	-3.78538	3.10154	-1.58015	-0.00817673	3.0417	-0.261387	-0.205167	-6.57587	16.7009	2.14803	-1.67225	-0.356664	
1486259083172	-2.25191	1.63761	-2.17503	1.88522	2.30055	-1.66209	-0.957926	-0.114913	0.717739	0.330333	-0.00616475	-0.934191	0.00899063	-0.356605	3.60992	-3.78538	3.10154	-1.58015	-0.00817673	3.0417	-0.261387	-0.205167	-6.57587	16.7009	2.14803	-1.67225	-0.356664	
1486259083192	-2.25194	1.63763	-2.17504	1.88523	2.30055	-1.66209	-0.957926	-0.114913	0.717739	0.330333	-0.00616475	-0.934191	0.00899063	-0.356605	3.62848	-3.78362	3.10472	-1.57714	-0.00789327	3.05024	-0.26077	-0.216329	-6.61076	16.722	2.15247	-1.67649	-0.356274	
1486259083212	-2.25196	1.63764	-2.17504	1.88524	2.30055	-1.6621	-0.957926	-0.114937	0.717743	0.330326	-0.00615827	-0.934201	0.00897886	-0.35658	3.654	-3.78952	3.11708	-1.5798	-0.0081802	3.06017	-0.260908	-0.230556	-6.66542	16.7746	2.15744	-1.68063	-0.356994	
1486259083222	-2.25199	1.63765	-2.17505	1.88525	2.30055	-1.66211	-0.957926	-0.114937	0.717743	0.330326	-0.00615827	-0.934201	0.00897886	-0.35658	3.66625	-3.79438	3.13227	-1.58619	-0.010608	3.07056	-0.260043	-0.245428	-6.69365	16.8301	2.16191	-1.68424	-0.354161	
1486259083232	-2.25199	1.63765	-2.17505	1.88525	2.30055	-1.66211	-0.957926	-0.114937	0.717743	0.330326	-0.00615827	-0.934201	0.00897886	-0.35658	3.66625	-3.79438	3.13227	-1.58619	-0.010608	3.07056	-0.260043	-0.245428	-6.69365	16.8301	2.16191	-1.68424	-0.354161	
1486259083242	-2.25203	1.63766	-2.17505	1.88526	2.30056	-1.66213	-0.957926	-0.11495	0.717744	0.330319	-0.00615473	-0.934207	0.00897768	-0.356564	3.67848	-3.82709	3.1518	-1.59578	-0.0148619	3.0828	-0.26004	-0.227555	-6.70624	16.9215	2.17596	-1.6886	-0.355735	
1486259083262	-2.25206	1.63767	-2.17506	1.88526	2.30056	-1.66214	-0.957926	-0.114964	0.717747	0.330313	-0.00614999	-0.934214	0.00897487	-0.356546	3.71015	-3.80234	3.15312	-1.58747	-0.0145458	3.09797	-0.259371	-0.271667	-6.77636	16.9285	2.17775	-1.6953	-0.352023	
1486259083282	-2.2521	1.63769	-2.17506	1.88528	2.30056	-1.66215	-0.957926	-0.114979	0.717751	0.330306	-0.00614438	-0.934223	0.00897069	-0.356524	3.72071	-3.83917	3.17715	-1.60654	-0.0135623	3.10303	-0.257575	-0.264392	-6.79684	17.0382	2.18569	-1.69835	-0.353965	
1486259083312	-2.25212	1.63771	-2.17506	1.88529	2.30056	-1.66216	-0.957926	-0.115006	0.717757	0.3303	-0.00613776	-0.934234	0.00895582	-0.356494	3.72752	-3.8181	3.17966	-1.60834	-0.0124668	3.11444	-0.256534	-0.306353	-6.82022	17.0519	2.1847	-1.70439	-0.348105	
1486259083332	-2.25216	1.63772	-2.17507	1.8853	2.30057	-1.66217	-0.957926	-0.115006	0.717757	0.3303	-0.00613776	-0.934234	0.00895582	-0.356494	3.77384	-3.85538	3.20633	-1.61291	-0.0184703	3.12748	-0.255605	-0.295341	-6.90223	17.1599	2.20081	-1.70596	-0.352373	
1486259083342	-2.25219	1.63774	-2.17507	1.88532	2.30058	-1.66219	-0.957926	-0.11502	0.717759	0.330297	-0.00613522	-0.934241	0.00894654	-0.356476	3.80112	-3.86048	3.21807	-1.61383	-0.019762	3.14258	-0.254898	-0.311543	-6.95405	17.2178	2.2096	-1.71243	-0.351521	
1486259083352	-2.25219	1.63774	-2.17507	1.88532	2.30058	-1.66219	-0.957926	-0.115036	0.717761	0.330293	-0.0061312	-0.934249	0.00894032	-0.356456	3.80112	-3.86048	3.21807	-1.61383	-0.019762	3.14258	-0.254898	-0.311543	-6.95405	17.2178	2.2096	-1.71243	-0.351521	
1486259083372	-2.25223	1.63775	-2.17508	1.88533	2.30058	-1.66222	-0.957926	-0.115054	0.717762	0.330286	-0.00612705	-0.93426	0.00893558	-0.356429	3.79579	-3.87477	3.23168	-1.632	-0.020039	3.15184	-0.253872	-0.329133	-6.94522	17.2929	2.21535	-1.71682	-0.348878	
1486259083382	-2.25226	1.63776	-2.17508	1.88535	2.30059	-1.66224	-0.957926	-0.115054	0.717762	0.330286	-0.00612705	-0.93426	0.00893558	-0.356429	3.79998	-3.87435	3.23532	-1.63659	-0.0200476	3.15785	-0.25174	-0.347369	-6.9524	17.3187	2.21835	-1.71929	-0.345967	
1486259083392	-2.25226	1.63776	-2.17508	1.88535	2.30059	-1.66224	-0.957926	-0.115068	0.717764	0.330281	-0.00612371	-0.934266	0.008931	-0.356411	3.79998	-3.87435	3.23532	-1.63659	-0.0200476	3.15785	-0.25174	-0.347369	-6.9524	17.3187	2.21835	-1.71929	-0.345967	
1486259083412	-2.25229	1.63778	-2.17509	1.88536	2.30059	-1.66226	-0.957926	-0.115081	0.717766	0.330277	-0.00612066	-0.934274	0.00892662	-0.356392	3.83416	-3.89361	3.25673	-1.64463	-0.0270349	3.17134	-0.249233	-0.367333	-7.01513	17.4058	2.23049	-1.71946	-0.344757	
1486259083422	-2.25233	1.63779	-2.17509	1.88537	2.3006	-1.66228	-0.957926	-0.115081	0.717766	0.330277	-0.00612066	-0.934274	0.00892662	-0.356392	3.83046	-3.88997	3.26456	-1.65807	-0.026445	3.18246	-0.246737	-0.405139	-7.01213	17.4562	2.23343	-1.72492	-0.338603	
1486259083442	-2.25238	1.63781	-2.1751	1.88538	2.30062	-1.66231	-0.957926	-0.115099	0.717769	0.330268	-0.0061138	-0.934284	0.00892187	-0.356365	3.87688	-3.93159	3.30273	-1.66051	-0.0353465	3.1955	-0.243787	-0.377871	-7.0953	17.5776	2.24911	-1.72596	-0.339681	
1486259083452	-2.25238	1.63781	-2.1751	1.88538	2.30062	-1.66231	-0.957926	-0.11512	0.717774	0.33026	-0.00610606	-0.934296	0.0089129	-0.356334	3.87688	-3.93159	3.30273	-1.66051	-0.0353465	3.1955	-0.243787	-0.377871	-7.0953	17.5776	2.24911	-1.72596	-0.339681	
1486259083482	-2.25245	1.63785	-2.17511	1.88541	2.30063	-1.66238	-0.957926	-0.115139	0.717776	0.330252	-0.00610121	-0.934307	0.00890819	-0.356305	3.87766	-3.92813	3.31904	-1.67751	-0.0374315	3.20841	-0.239692	-0.426732	-7.10549	17.6472	2.25197	-1.72995	-0.330707	
1486259083492	-2.25245	1.63785	-2.17511	1.88541	2.30063	-1.66238	-0.957926	-0.115155	0.717776	0.330249	-0.00610238	-0.934318	0.0089077	-0.356276	3.87766	-3.92813	3.31904	-1.67751	-0.0374315	3.20841	-0.239692	-0.426732	-7.10549	17.6472	2.25197	-1.72995	-0.330707	
1486259083502	-2.25248	1.63786	-2.17512	1.88543	2.30064	-1.66244	-0.957926	-0.115155	0.717776	0.330249	-0.00610238	-0.934318	0.0089077	-0.356276	3.9091	-3.9305	3.33551	-1.6771	-0.0430446	3.21754	-0.236405	-0.448324	-7.17002	17.6926	2.25718	-1.7292	-0.327222	
1486259083512	-2.25248	1.63786	-2.17512	1.88543	2.30064	-1.66244	-0.957926	-0.115172	0.717777	0.330244	-0.00610284	-0.934332	0.00891047	-0.356241	3.9091	-3.9305	3.33551	-1.6771	-0.0430446	3.21754	-0.236405	-0.448324	-7.17002	17.6926	2.25718	-1.7292	-0.327222	
1486259083522	-2.25252	1.63789	-2.17513	1.88544	2.30065	-1.66248	-0.957926	-0.115172	0.717777	0.330244	-0.00610284	-0.934332	0.00891047	-0.356241	3.89492	-3.94815	3.35112	-1.6957	-0.0458696	3.22443	-0.233971	-0.456091	-7.13974	17.7641	2.26303	-1.73124	-0.322534	
1486259083542	-2.25255	1.63791	-2.17513	1.88545	2.30066	-1.6625	-0.957928	-0.11519	0.717782	0.330241	-0.0061003	-0.934343	0.00890234	-0.356211	3.91436	-3.94554	3.36643	-1.69543	-0.0484891	3.2361	-0.231962	-0.471851	-7.18305	17.8081	2.26658	-1.73563	-0.318042	
1486259083552	-2.25255	1.63791	-2.17513	1.88545	2.30066	-1.6625	-0.957928	-0.115207	0.717786	0.330236	-0.00609471	-0.934352	0.00889487	-0.356187	3.91436	-3.94554	3.36643	-1.69543	-0.0484891	3.2361	-0.231962	-0.471851	-7.18305	17.8081	2.26658	-1.73563	-0.318042	
1486259083562	-2.25259	1.63793	-2.17514	1.88546	2.30066	-1.66252	-0.957926	-0.115207	0.717786	0.330236	-0.00609471	-0.934352	0.00889487	-0.356187	3.95335	-3.96866	3.38443	-1.69707	-0.0530957	3.25337	-0.230356	-0.474565	-7.24777	17.8955	2.28272	-1.74065	-0.319199	
1486259083582	-2.25263	1.63796	-2.17514	1.88547	2.30067	-1.66254	-0.957926	-0.115223	0.717792	0.330233	-0.00609272	-0.934361	0.00888562	-0.356164	3.95505	-3.98325	3.39846	-1.7123	-0.0566293	3.27117	-0.229245	-0.494923	-7.24377	17.9812	2.29516	-1.74749	-0.315365	
1486259083612	-2.25269	1.63798	-2.17515	1.88549	2.30067	-1.66256	-0.957928	-0.115243	0.717796	0.330226	-0.00608757	-0.934372	0.00887781	-0.356137	3.98954	-3.99323	3.41556	-1.70976	-0.0599509	3.29247	-0.227985	-0.501349	-7.30396	18.0571	2.30897	-1.75678	-0.313617	
1486259083622	-2.25274	1.638	-2.17515	1.88551	2.30067	-1.66258	-0.957928	-0.115267	0.7178	0.330217	-0.00608053	-0.934384	0.00887116	-0.356105	4.01758	-3.98218	3.42042	-1.71504	-0.0590932	3.31163	-0.225733	-0.559581	-7.36134	18.1102	2.31644	-1.76483	-0.309448	
1486259083632	-2.25274	1.638	-2.17515	1.88551	2.30067	-1.66258	-0.957928	-0.115288	0.717802	0.330208	-0.00607467	-0.934394	0.0088643	-0.35608	4.01758	-3.98218	3.42042	-1.71504	-0.0590932	3.31163	-0.225733	-0.559581	-7.36134	18.1102	2.31644	-1.76483	-0.309448	
1486259083652	-2.2528	1.63801	-2.17516	1.88553	2.30068	-1.6626	-0.957928	-0.115288	0.717802	0.330208	-0.00607467	-0.934394	0.0088643	-0.35608	4.03266	-4.00147	3.43326	-1.71895	-0.0639	3.3309	-0.222073	-0.560388	-7.36966	18.1881	2.33392	-1.77223	-0.305651	
1486259083662	-2.25285	1.63803	-2.17517	1.88555	2.30068	-1.66263	-0.957928	-0.11531	0.717803	0.330198	-0.00606865	-0.934404	0.00885973	-0.356054	4.0465	-4.01147	3.45103	-1.73302	-0.0673648	3.34922	-0.218861	-0.59441	-7.39388	18.2793	2.34501	-1.77837	-0.300068	
1486259083682	-2.25291	1.63805	-2.17518	1.88557	2.30069	-1.66264	-0.957928	-0.115333	0.717805	0.330187	-0.00606178	-0.934416	0.00885693	-0.356023	4.08765	-4.01841	3.47151	-1.74108	-0.0698255	3.36989	-0.215928	-0.637622	-7.47665	18.3766	2.35636	-1.78518	-0.296908	
1486259083692	-2.25291	1.63805	-2.17518	1.88557	2.30069	-1.66264	-0.957928	-0.115358	0.717809	0.330177	-0.00605243	-0.934427	0.00884605	-0.355994	4.08765	-4.01841	3.47151	-1.74108	-0.0698255	3.36989	-0.215928	-0.637622	-7.47665	18.3766	2.35636	-1.78518	-0.296908	
1486259083702	-2.25297	1.63807	-2.17518	1.88559	2.3007	-1.66267	-0.957928	-0.115358	0.717809	0.330177	-0.00605243	-0.934427	0.00884605	-0.355994	4.12387	-4.03256	3.49076	-1.75132	-0.0751754	3.39272	-0.213139	-0.676123	-7.54054	18.4805	2.37261	-1.7912	-0.293877	
1486259083722	-2.25303	1.63809	-2.17519	1.88562	2.30071	-1.6627	-0.957928	-0.115381	0.71781	0.330169	-0.00604687	-0.934438	0.00883655	-0.355966	4.15285	-4.03786	3.50371	-1.75983	-0.0782378	3.41854	-0.210373	-0.720195	-7.58875	18.5719	2.38864	-1.80097	-0.28929	
1486259083732	-2.25303	1.63809	-2.17519	1.88562	2.30071	-1.6627	-0.957928	-0.115407	0.717813	0.330158	-0.00603919	-0.934451	0.00882805	-0.35593	4.15285	-4.03786	3.50371	-1.75983	-0.0782378	3.41854	-0.210373	-0.720195	-7.58875	18.5719	2.38864	-1.80097	-0.28929	
1486259083752	-2.25308	1.63811	-2.17519	1.88563	2.30071	-1.66271	-0.957928	-0.115407	0.717813	0.330158	-0.00603919	-0.934451	0.00882805	-0.35593	4.18817	-4.03883	3.51631	-1.76203	-0.0814929	3.4406	-0.208185	-0.757495	-7.65356	18.6436	2.40135	-1.8087	-0.285838	
1486259083762	-2.25314	1.63813	-2.1752	1.88565	2.30072	-1.66273	-0.957928	-0.11543	0.717818	0.33015	-0.00603217	-0.934463	0.00881725	-0.355901	4.18495	-4.04538	3.5202	-1.78197	-0.083015	3.46396	-0.204507	-0.80912	-7.63162	18.7293	2.41737	-1.81839	-0.278772	
1486259083772	-2.25314	1.63813	-2.1752	1.88565	2.30072	-1.66273	-0.957928	-0.115453	0.717819	0.330137	-0.00602509	-0.934475	0.00881217	-0.35587	4.18495	-4.04538	3.5202	-1.78197	-0.083015	3.46396	-0.204507	-0.80912	-7.63162	18.7293	2.41737	-1.81839	-0.278772	
1486259083792	-2.25319	1.63815	-2.1752	1.88567	2.30073	-1.66276	-0.957928	-0.115475	0.717823	0.330129	-0.00601919	-0.934486	0.00880495	-0.35584	4.26638	-4.05965	3.54923	-1.77406	-0.0923644	3.49154	-0.202038	-0.834478	-7.78525	18.8364	2.437	-1.82391	-0.278643	
1486259083822	-2.25332	1.6382	-2.17522	1.8857	2.30074	-1.66282	-0.957928	-0.115501	0.717828	0.330114	-0.00601019	-0.934502	0.00880258	-0.355798	4.31602	-4.08834	3.58866	-1.79412	-0.0996743	3.53301	-0.194789	-0.887807	-7.86847	19.0354	2.46531	-1.83881	-0.269555	
1486259083832	-2.25332	1.6382	-2.17522	1.8857	2.30074	-1.66282	-0.957928	-0.115526	0.717832	0.330103	-0.0060022	-0.934515	0.00879455	-0.355765	4.31602	-4.08834	3.58866	-1.79412	-0.0996743	3.53301	-0.194789	-0.887807	-7.86847	19.0354	2.46531	-1.83881	-0.269555	
1486259083842	-2.25338	1.63822	-2.17522	1.88571	2.30075	-1.66285	-0.957928	-0.115526	0.717832	0.330103	-0.0060022	-0.934515	0.00879455	-0.355765	4.36169	-4.10127	3.61296	-1.7965	-0.104252	3.55702	-0.191994	-0.910992	-7.95387	19.1391	2.48059	-1.8473	-0.26664	
1486259083872	-2.25345	1.63825	-2.17523	1.88573	2.30077	-1.66288	-0.957928	-0.11558	0.717843	0.330077	-0.00598407	-0.934545	0.00877867	-0.355686	4.3685	-4.1132	3.62242	-1.81594	-0.105692	3.58126	-0.188162	-0.958436	-7.95349	19.2413	2.4976	-1.85743	-0.260664	
1486259083892	-2.25351	1.63827	-2.17524	1.88574	2.30078	-1.66291	-0.957928	-0.11558	0.717843	0.330077	-0.00598407	-0.934545	0.00877867	-0.355686	4.41831	-4.11718	3.64156	-1.81274	-0.113226	3.60871	-0.183081	-0.993105	-8.0384	19.3272	2.51566	-1.86513	-0.254436	
1486259083912	-2.25358	1.63829	-2.17525	1.88576	2.3008	-1.66295	-0.957928	-0.115636	0.717853	0.330048	-0.00596113	-0.934578	0.00876299	-0.355601	4.40844	-4.14705	3.66528	-1.83874	-0.114996	3.62501	-0.177087	-1.00768	-8.008	19.4548	2.52944	-1.87296	-0.246813	
1486259083932	-2.25364	1.63832	-2.17525	1.88577	2.30081	-1.66295	-0.957928	-0.115636	0.717853	0.330048	-0.00596113	-0.934578	0.00876299	-0.355601	4.47796	-4.15019	3.68538	-1.83298	-0.122439	3.64702	-0.169983	-1.05378	-8.13573	19.5347	2.54499	-1.87563	-0.241925	
1486259083942	-2.2537	1.63835	-2.17526	1.88578	2.30082	-1.66297	-0.957928	-0.115661	0.71786	0.330038	-0.0059501	-0.934589	0.00874864	-0.355571	4.49568	-4.13723	3.69685	-1.83259	-0.125428	3.66342	-0.163148	-1.09309	-8.16774	19.5756	2.55067	-1.88155	-0.231015	
1486259083962	-2.25375	1.63837	-2.17526	1.88578	2.30084	-1.66297	-0.957928	-0.115685	0.717867	0.330024	-0.00593828	-0.934603	0.00873931	-0.355536	4.48771	-4.15804	3.70827	-1.84557	-0.128318	3.672	-0.157241	-1.09524	-8.13525	19.6433	2.5615	-1.88441	-0.225063	
1486259083972	-2.25375	1.63837	-2.17526	1.88578	2.30084	-1.66297	-0.957928	-0.115705	0.717875	0.330011	-0.0059257	-0.934613	0.00873073	-0.35551	4.48771	-4.15804	3.70827	-1.84557	-0.128318	3.672	-0.157241	-1.09524	-8.13525	19.6433	2.5615	-1.88441	-0.225063	
1486259083982	-2.25379	1.63838	-2.17526	1.88578	2.30085	-1.66298	-0.957928	-0.115705	0.717875	0.330011	-0.0059257	-0.934613	0.00873073	-0.35551	4.54441	-4.15081	3.72226	-1.8342	-0.139206	3.68624	-0.150001	-1.13497	-8.23821	19.6738	2.57173	-1.88094	-0.218261	
1486259083992	-2.25379	1.63838	-2.17526	1.88578	2.30085	-1.66298	-0.957928	-0.115705	0.717875	0.330011	-0.0059257	-0.934613	0.00873073	-0.35551	4.54441	-4.15081	3.72226	-1.8342	-0.139206	3.68624	-0.150001	-1.13497	-8.23821	19.6738	2.57173	-1.88094	-0.218261	
1486259084012	-2.25383	1.63839	-2.17527	1.88578	2.30088	-1.66298	-0.957928	-0.115738	0.717887	0.329984	-0.00589867	-0.934633	0.00871436	-0.355459	4.56325	-4.15638	3.73655	-1.82707	-0.147394	3.69322	-0.141652	-1.13208	-8.25954	19.7009	2.57977	-1.87915	-0.209734	
1486259084022	-2.25387	1.6384	-2.17527	1.88577	2.30092	-1.66298	-0.95793	-0.115738	0.717887	0.329984	-0.00589867	-0.934633	0.00871436	-0.355459	4.58426	-4.16916	3.75518	-1.82182	-0.158967	3.69819	-0.134257	-1.12302	-8.28589	19.7348	2.58861	-1.87364	-0.202674	
1486259084032	-2.25387	1.6384	-2.17527	1.88577	2.30092	-1.66298	-0.95793	-0.115738	0.717887	0.329984	-0.00589867	-0.934633	0.00871436	-0.355459	4.58426	-4.16916	3.75518	-1.82182	-0.158967	3.69819	-0.134257	-1.12302	-8.28589	19.7348	2.58861	-1.87364	-0.202674	
1486259084042	-2.25391	1.63841	-2.17528	1.88577	2.30095	-1.66298	-0.95793	-0.115754	0.717896	0.329971	-0.00588116	-0.934644	0.00869946	-0.355429	4.59031	-4.18688	3.77113	-1.81899	-0.16927	3.69374	-0.126165	-1.09959	-8.28254	19.7526	2.59345	-1.86444	-0.196246	
1486259084082	-2.25398	1.63842	-2.17529	1.88577	2.30103	-1.66298	-0.95793	-0.115783	0.71791	0.329946	-0.00584735	-0.934663	0.00867246	-0.35538	4.64004	-4.1942	3.80471	-1.77819	-0.197201	3.6813	-0.112291	-1.03078	-8.36078	19.7055	2.5953	-1.84013	-0.184065	
1486259084092	-2.25398	1.63842	-2.17529	1.88577	2.30103	-1.66298	-0.95793	-0.115797	0.717917	0.329933	-0.00583034	-0.934673	0.0086594	-0.355356	4.64004	-4.1942	3.80471	-1.77819	-0.197201	3.6813	-0.112291	-1.03078	-8.36078	19.7055	2.5953	-1.84013	-0.184065	
1486259084112	-2.254	1.63842	-2.1753	1.88577	2.30107	-1.66298	-0.95793	-0.115808	0.717923	0.329924	-0.00581379	-0.934681	0.0086439	-0.355335	4.67188	-4.17994	3.81682	-1.74374	-0.21341	3.66998	-0.105637	-0.993037	-8.41918	19.6274	2.58994	-1.82387	-0.17708	
1486259084122	-2.25402	1.63843	-2.1753	1.88577	2.30112	-1.66298	-0.95793	-0.115808	0.717923	0.329924	-0.00581379	-0.934681	0.0086439	-0.355335	4.64073	-4.18609	3.82045	-1.73506	-0.224999	3.65251	-0.0977879	-0.944405	-8.3406	19.571	2.58613	-1.80913	-0.16804	
1486259084142	-2.25404	1.63843	-2.17531	1.88576	2.30117	-1.66298	-0.95793	-0.115817	0.71793	0.329917	-0.0057974	-0.934688	0.00862648	-0.355317	4.65419	-4.19105	3.83485	-1.70496	-0.244512	3.64131	-0.0893404	-0.878455	-8.34547	19.5109	2.58767	-1.79237	-0.159762	
1486259084162	-2.25406	1.63843	-2.17532	1.88576	2.30122	-1.66298	-0.95793	-0.115828	0.717938	0.329909	-0.00577979	-0.934696	0.00860819	-0.355297	4.69403	-4.20346	3.85618	-1.6586	-0.269387	3.62719	-0.0789977	-0.78168	-8.39441	19.4386	2.59182	-1.77084	-0.152945	
1486259084172	-2.25406	1.63843	-2.17532	1.88576	2.30122	-1.66298	-0.95793	-0.115828	0.717938	0.329909	-0.00577979	-0.934696	0.00860819	-0.355297	4.69403	-4.20346	3.85618	-1.6586	-0.269387	3.62719	-0.0789977	-0.78168	-8.39441	19.4386	2.59182	-1.77084	-0.152945	
1486259084182	-2.25408	1.63843	-2.17534	1.88576	2.30127	-1.66298	-0.957932	-0.115838	0.717944	0.3299	-0.00576224	-0.934704	0.00859096	-0.355278	4.71794	-4.17419	3.8557	-1.61543	-0.286886	3.61458	-0.0670592	-0.752539	-8.42319	19.3139	2.58669	-1.75285	-0.139742	
1486259084192	-2.25408	1.63843	-2.17534	1.88576	2.30127	-1.66298	-0.957932	-0.115851	0.717952	0.329891	-0.00574171	-0.934712	0.00857489	-0.355257	4.71794	-4.17419	3.8557	-1.61543	-0.286886	3.61458	-0.0670592	-0.752539	-8.42319	19.3139	2.58669	-1.75285	-0.139742	
1486259084222	-2.25414	1.63843	-2.17535	1.88576	2.30134	-1.66298	-0.957932	-0.115864	0.717959	0.329878	-0.00572253	-0.93472	0.00856092	-0.355235	4.72626	-4.15889	3.86876	-1.54647	-0.318089	3.56928	-0.0431135	-0.62528	-8.40419	19.1024	2.57128	-1.71211	-0.117916	
1486259085954	-2.25411	1.63843	-2.17535	1.88568	2.30138	-1.66297	-0.957938	-0.115866	0.717984	0.329855	-0.00568306	-0.934732	0.00855808	-0.355206	4.63989	-3.88285	3.6145	-1.22819	-0.361676	3.1381	-0.0169019	-0.221868	-8.28617	17.1361	2.32808	-1.44423	-0.13898	
1486259086224	-2.25411	1.63843	-2.17535	1.88568	2.30138	-1.66297	-0.95794	-0.115866	0.717985	0.329854	-0.00568106	-0.934732	0.00855789	-0.355206	4.64551	-3.87898	3.60987	-1.21216	-0.366011	3.13013	-0.0153869	-0.195782	-8.28949	17.0836	2.32621	-1.43767	-0.138994	
1486259086405	-2.25411	1.63843	-2.17535	1.88568	2.30138	-1.66297	-0.95794	-0.115866	0.717986	0.329853	-0.00567965	-0.934732	0.00855838	-0.355204	4.64052	-3.87702	3.60209	-1.21048	-0.363466	3.12319	-0.016167	-0.190891	-8.28077	17.0569	2.32253	-1.43546	-0.141469	
1486259088404	-2.25411	1.63843	-2.17535	1.88565	2.30139	-1.66297	-0.957944	-0.115864	0.717992	0.329843	-0.0056685	-0.934735	0.00856291	-0.355196	4.59543	-3.83897	3.57024	-1.19758	-0.354182	3.07118	-0.0209184	-0.166364	-8.23017	16.856	2.28212	-1.41396	-0.14826	
