time	joint_joint0	joint_joint1	joint_joint2	joint_joint3	joint_joint4	joint_joint5	joint_joint6	cart_pos_x	cart_pos_y	cart_pos_z	cart_quat_x	cart_quat_y	cart_quat_z	cart_quat_w	force_joint_joint0	force_joint_joint1	force_joint_joint2	force_joint_joint3	force_joint_joint4	force_joint_joint5	force_joint_joint6	cart_force_x	cart_force_y	cart_force_z	cart_trq_x	cart_trq_y	cart_trq_z	
1486227138731	-2.11204	1.63571	-2.13744	1.76047	2.38024	-1.65802	-0.957742	-0.0595567	0.732858	0.337459	-0.00712514	-0.934983	0.0126879	-0.354394	-0.00227993	-1.17339	0.406923	0.73661	0.483641	0.107349	-0.411391	4.83059	0.150821	0.65773	0.0665431	-0.731439	-0.560441	
1486227138781	-2.11204	1.63514	-2.13729	1.76082	2.3803	-1.65803	-0.957742	-0.0594281	0.732579	0.33739	-0.0072281	-0.934929	0.0127666	-0.354531	0.0922776	-1.41496	0.560583	0.738311	0.437061	0.125327	-0.413872	5.17264	0.00482211	1.03223	0.120388	-0.722284	-0.578482	
1486227138951	-2.11204	1.63477	-2.13724	1.76091	2.38047	-1.65803	-0.957744	-0.059319	0.732349	0.337269	-0.00727531	-0.934903	0.0129254	-0.354592	0.227485	-1.78554	0.856845	0.720434	0.321283	0.128558	-0.412392	5.66876	-0.24064	1.6104	0.183267	-0.663707	-0.585377	
1486227139131	-2.11204	1.63477	-2.13722	1.76092	2.38048	-1.65803	-0.957744	-0.0593144	0.732342	0.337268	-0.00728228	-0.934904	0.012927	-0.354591	0.246104	-1.81376	0.888588	0.720004	0.301328	0.129075	-0.412189	5.70074	-0.27608	1.65364	0.189226	-0.651196	-0.583049	
1486227139141	-2.11204	1.63477	-2.13722	1.76092	2.38048	-1.65803	-0.957744	-0.0593141	0.732341	0.337268	-0.00728317	-0.934904	0.0129267	-0.354591	0.246104	-1.81376	0.888588	0.720004	0.301328	0.129075	-0.412189	5.70074	-0.27608	1.65364	0.189226	-0.651196	-0.583049	
1486227139171	-2.11204	1.63476	-2.13722	1.76092	2.38048	-1.65803	-0.957744	-0.0593136	0.73234	0.337268	-0.0072839	-0.934904	0.0129272	-0.354591	0.221704	-1.81632	0.888405	0.710846	0.301984	0.126912	-0.412466	5.70178	-0.232477	1.6606	0.187631	-0.6515	-0.581435	
1486227139201	-2.11204	1.63476	-2.13722	1.76092	2.38048	-1.65803	-0.957744	-0.0593129	0.73234	0.337268	-0.00728468	-0.934904	0.0129272	-0.354591	0.282072	-1.80886	0.894907	0.727889	0.296973	0.133101	-0.41153	5.68394	-0.347354	1.65656	0.19067	-0.648266	-0.583203	
1486227139231	-2.11204	1.63476	-2.13721	1.76093	2.38048	-1.65803	-0.957744	-0.0593122	0.732338	0.337268	-0.00728638	-0.934904	0.0129267	-0.35459	0.262561	-1.81795	0.896423	0.718824	0.290906	0.132618	-0.411752	5.6857	-0.306224	1.66801	0.194025	-0.644114	-0.58146	
1486227139241	-2.11204	1.63476	-2.13721	1.76093	2.38048	-1.65803	-0.957744	-0.0593117	0.732338	0.337267	-0.00728694	-0.934904	0.0129274	-0.35459	0.262561	-1.81795	0.896423	0.718824	0.290906	0.132618	-0.411752	5.6857	-0.306224	1.66801	0.194025	-0.644114	-0.58146	
1486227139401	-2.11204	1.63476	-2.1372	1.76093	2.38048	-1.65803	-0.957744	-0.0593076	0.732333	0.337265	-0.00729222	-0.934905	0.0129285	-0.354587	0.253274	-1.80338	0.888374	0.728662	0.293962	0.131171	-0.41302	5.69835	-0.285314	1.6278	0.190229	-0.647528	-0.581049	
1486227139541	-2.11204	1.63475	-2.13718	1.76094	2.38048	-1.65803	-0.957744	-0.0593023	0.732326	0.337265	-0.00730183	-0.934906	0.0129289	-0.354584	0.222015	-1.82805	0.905587	0.713343	0.292635	0.127011	-0.413064	5.73197	-0.233124	1.67464	0.188995	-0.64755	-0.579329	
1486227139621	-2.11204	1.63475	-2.13717	1.76094	2.38049	-1.65803	-0.957746	-0.0592992	0.732321	0.337264	-0.00730597	-0.934907	0.0129288	-0.354582	0.24483	-1.85486	0.917943	0.725181	0.287932	0.128443	-0.413715	5.78846	-0.263328	1.69399	0.196704	-0.646837	-0.584042	
1486227139691	-2.11204	1.63475	-2.13715	1.76094	2.38049	-1.65803	-0.957746	-0.0592946	0.732317	0.337262	-0.00731244	-0.934908	0.0129301	-0.354579	0.241958	-1.86573	0.927454	0.713299	0.289416	0.126772	-0.41268	5.78162	-0.268707	1.73147	0.195016	-0.646299	-0.583674	
1486227139811	-2.11204	1.63475	-2.13707	1.76094	2.38049	-1.65803	-0.957746	-0.0592764	0.732298	0.337255	-0.00734198	-0.934914	0.0129374	-0.354564	0.225991	-1.8768	0.954335	0.704766	0.285113	0.121721	-0.413754	5.80896	-0.258964	1.76462	0.18705	-0.64428	-0.580032	
1486227139911	-2.11204	1.63475	-2.137	1.76095	2.38051	-1.65803	-0.957746	-0.0592595	0.732279	0.33725	-0.00736984	-0.93492	0.0129332	-0.354546	0.216072	-1.88226	0.977623	0.702204	0.281678	0.118801	-0.414899	5.83664	-0.256976	1.78589	0.179938	-0.644148	-0.576609	
1486227139951	-2.11204	1.63475	-2.13699	1.76096	2.38052	-1.65803	-0.957746	-0.0592539	0.732273	0.33725	-0.00737976	-0.934922	0.0129305	-0.35454	0.23231	-1.8935	0.996741	0.70304	0.276933	0.118074	-0.414427	5.85195	-0.296176	1.81271	0.178763	-0.641142	-0.57598	
1486227140061	-2.11204	1.63475	-2.13695	1.76097	2.38053	-1.65803	-0.957746	-0.0592436	0.73226	0.337248	-0.00739828	-0.934926	0.0129273	-0.354531	0.220658	-1.90358	1.00016	0.703873	0.273902	0.116872	-0.415153	5.88001	-0.267888	1.81414	0.180843	-0.640405	-0.576094	
1486227140111	-2.11204	1.63475	-2.13693	1.76097	2.38053	-1.65803	-0.957746	-0.0592406	0.732256	0.337249	-0.00740368	-0.934926	0.0129264	-0.354529	0.237315	-1.90811	1.01367	0.702815	0.266716	0.117804	-0.415219	5.87429	-0.306989	1.83284	0.180998	-0.635158	-0.57503	
1486227140121	-2.11204	1.63475	-2.13693	1.76097	2.38053	-1.65803	-0.957746	-0.0592385	0.732254	0.337248	-0.00740821	-0.934927	0.0129264	-0.354527	0.237315	-1.90811	1.01367	0.702815	0.266716	0.117804	-0.415219	5.87429	-0.306989	1.83284	0.180998	-0.635158	-0.57503	
1486227140151	-2.11204	1.63475	-2.13692	1.76097	2.38053	-1.65803	-0.957748	-0.0592357	0.732251	0.337247	-0.00741187	-0.934928	0.0129261	-0.354524	0.221341	-1.91062	1.0142	0.700124	0.264089	0.117561	-0.415192	5.88255	-0.272997	1.83242	0.182066	-0.634468	-0.573085	
1486227140161	-2.11204	1.63475	-2.13691	1.76097	2.38054	-1.65803	-0.957748	-0.0592357	0.732251	0.337247	-0.00741187	-0.934928	0.0129261	-0.354524	0.217551	-1.9283	1.02161	0.69415	0.262365	0.116053	-0.415113	5.89917	-0.265292	1.85935	0.184491	-0.632802	-0.574373	
1486227140211	-2.11204	1.63475	-2.13687	1.76098	2.38055	-1.65803	-0.957748	-0.0592265	0.732241	0.337245	-0.00742748	-0.934932	0.0129238	-0.354515	0.242668	-1.94147	1.04009	0.693444	0.257506	0.115561	-0.41497	5.90516	-0.323045	1.89214	0.18421	-0.628401	-0.575441	
1486227140311	-2.11204	1.63475	-2.1368	1.761	2.38057	-1.65803	-0.957748	-0.0592077	0.732219	0.337241	-0.00745946	-0.934938	0.0129203	-0.354497	0.215112	-1.97187	1.06166	0.675893	0.25513	0.11289	-0.415258	5.93981	-0.279673	1.95484	0.184497	-0.628356	-0.574214	
1486227140351	-2.11205	1.63475	-2.13679	1.76102	2.38068	-1.65806	-0.957748	-0.0592033	0.732213	0.337243	-0.00746958	-0.93494	0.012915	-0.354493	0.455584	-2.01659	1.12106	0.724019	0.211726	0.202062	-0.410505	5.8982	-0.68477	2.17325	0.257225	-0.638925	-0.57382	
1486227140401	-2.11247	1.63476	-2.13679	1.76102	2.38095	-1.65814	-0.957748	-0.0593557	0.732254	0.337048	-0.00732305	-0.935061	0.0128424	-0.354179	0.828287	-2.03958	1.17321	0.78791	0.161388	0.434108	-0.40255	5.68044	-1.27283	2.65245	0.421554	-0.717345	-0.56044	
1486227140461	-2.11337	1.63477	-2.13679	1.76103	2.381	-1.65845	-0.957748	-0.0596538	0.732288	0.336652	-0.00714606	-0.935249	0.0129857	-0.35368	1.19819	-2.21917	1.31298	0.73564	0.0893073	0.725247	-0.395891	5.39582	-1.88253	3.64502	0.644288	-0.80687	-0.547688	
1486227140751	-2.11612	1.63508	-2.13732	1.76192	2.38125	-1.65943	-0.957751	-0.0607533	0.732437	0.335886	-0.00660288	-0.935711	0.0129452	-0.352469	2.25616	-2.85698	1.91249	0.291487	-0.0525136	1.61916	-0.329961	4.14451	-3.82052	7.38218	1.24244	-1.1042	-0.472907	
1486227140851	-2.11633	1.63523	-2.13738	1.76198	2.38132	-1.65949	-0.957753	-0.0608974	0.732496	0.33584	-0.00652402	-0.935758	0.0128636	-0.352348	2.42247	-2.92838	1.99583	0.224176	-0.0960087	1.74424	-0.296997	3.78164	-4.18738	8.04936	1.36502	-1.13345	-0.425555	
1486227140991	-2.11669	1.63595	-2.13744	1.76199	2.38138	-1.65983	-0.957753	-0.0611403	0.732694	0.335893	-0.00648827	-0.935899	0.0126112	-0.351983	2.66864	-2.87417	2.04503	0.183754	-0.137233	1.91733	-0.280309	3.29631	-4.66754	8.50016	1.46039	-1.17297	-0.387843	
1486227141091	-2.11696	1.63624	-2.1375	1.76203	2.38138	-1.65999	-0.957754	-0.061303	0.732787	0.335861	-0.00642244	-0.935969	0.0125291	-0.351801	2.77536	-2.93422	2.09351	0.146882	-0.154484	2.00359	-0.288829	3.18833	-4.87899	8.83979	1.5205	-1.20079	-0.393457	
1486227141151	-2.11712	1.63635	-2.13759	1.76212	2.38141	-1.66013	-0.957754	-0.0613907	0.732829	0.335877	-0.00640738	-0.936003	0.0124591	-0.351712	2.90174	-2.98635	2.1343	0.138395	-0.165709	2.06488	-0.295645	3.13717	-5.12259	9.08019	1.56518	-1.22007	-0.404698	
1486227141231	-2.11732	1.63637	-2.13774	1.76218	2.38147	-1.66016	-0.957754	-0.061519	0.732882	0.335826	-0.00629863	-0.936039	0.0124246	-0.351622	2.95834	-3.07579	2.19094	0.105858	-0.181977	2.10627	-0.300575	3.14794	-5.23385	9.34709	1.60413	-1.22961	-0.412354	
1486227141331	-2.11749	1.6364	-2.13789	1.76229	2.38153	-1.66018	-0.957756	-0.0616378	0.732924	0.335806	-0.00620572	-0.936053	0.0123562	-0.351588	3.0003	-3.1733	2.24829	0.0564861	-0.206348	2.15123	-0.305913	3.13041	-5.31665	9.64399	1.64919	-1.23357	-0.417958	
1486227141361	-2.1175	1.63641	-2.13791	1.7623	2.38155	-1.66019	-0.957756	-0.06165	0.732929	0.335802	-0.00619459	-0.936056	0.0123506	-0.35158	3.03426	-3.20773	2.278	0.0478438	-0.217966	2.16153	-0.308018	3.13951	-5.3885	9.73485	1.66012	-1.23008	-0.420921	
1486227141391	-2.11755	1.63642	-2.13801	1.76234	2.3816	-1.66027	-0.957756	-0.0616885	0.73295	0.335804	-0.00616041	-0.936068	0.0123274	-0.351548	3.09052	-3.26413	2.32301	0.0307014	-0.229748	2.17851	-0.30999	3.14634	-5.50996	9.89371	1.67708	-1.22865	-0.426613	
1486227141441	-2.1176	1.63643	-2.13809	1.76238	2.38161	-1.66028	-0.957756	-0.0617561	0.732982	0.335807	-0.00610078	-0.936074	0.0122922	-0.351536	3.10907	-3.33293	2.36213	0.0132746	-0.24597	2.19107	-0.311144	3.19473	-5.53841	10.0344	1.6985	-1.22492	-0.430377	
1486227141481	-2.11765	1.63645	-2.13815	1.76242	2.38165	-1.66032	-0.957756	-0.0617953	0.732999	0.335807	-0.00607025	-0.936082	0.0122686	-0.351516	3.1471	-3.39709	2.39638	-0.00612972	-0.262331	2.21432	-0.314587	3.20903	-5.6053	10.1937	1.72623	-1.22429	-0.436665	
1486227141551	-2.11781	1.6365	-2.13836	1.76255	2.38172	-1.66051	-0.957756	-0.0618945	0.733035	0.335812	-0.00600754	-0.936106	0.0122274	-0.351455	3.24001	-3.51419	2.4886	-0.0539478	-0.295327	2.2678	-0.320076	3.19745	-5.80188	10.5627	1.77505	-1.22623	-0.442842	
1486227141651	-2.11813	1.63668	-2.13863	1.76282	2.38178	-1.66083	-0.957756	-0.0621084	0.733111	0.335824	-0.00590135	-0.936161	0.0121327	-0.351312	3.39235	-3.68347	2.61753	-0.139297	-0.329986	2.38209	-0.325969	3.10821	-6.11912	11.2125	1.86583	-1.25545	-0.449823	
1486227141711	-2.11835	1.63683	-2.13878	1.76302	2.3818	-1.66099	-0.957758	-0.062264	0.73315	0.335846	-0.00585911	-0.936199	0.0120408	-0.351216	3.49684	-3.77924	2.69105	-0.186676	-0.350586	2.4629	-0.326411	3.0335	-6.3237	11.6172	1.92871	-1.27885	-0.450786	
1486227141721	-2.11835	1.63683	-2.13878	1.76302	2.3818	-1.66099	-0.957758	-0.062264	0.73315	0.335846	-0.00585911	-0.936199	0.0120408	-0.351216	3.49684	-3.77924	2.69105	-0.186676	-0.350586	2.4629	-0.326411	3.0335	-6.3237	11.6172	1.92871	-1.27885	-0.450786	
1486227141741	-2.11842	1.63689	-2.13882	1.76306	2.38181	-1.66106	-0.957758	-0.0623634	0.733187	0.335855	-0.0058257	-0.936227	0.011984	-0.351143	3.53355	-3.81361	2.72283	-0.218177	-0.353345	2.49064	-0.32675	2.97633	-6.41548	11.7947	1.94617	-1.28793	-0.451317	
1486227141751	-2.11848	1.63695	-2.13888	1.76309	2.38181	-1.66115	-0.957758	-0.0623634	0.733187	0.335855	-0.0058257	-0.936227	0.011984	-0.351143	3.55736	-3.84149	2.74451	-0.243812	-0.357167	2.51662	-0.32702	2.92872	-6.47114	11.9378	1.96431	-1.29631	-0.450921	
1486227141991	-2.11936	1.63775	-2.13988	1.76363	2.38185	-1.6623	-0.957759	-0.0631184	0.733557	0.335942	-0.0054561	-0.936433	0.0117277	-0.350607	3.97126	-4.18486	3.03157	-0.563232	-0.383115	2.91699	-0.32787	2.22617	-7.39593	13.9447	2.22741	-1.4525	-0.446742	
1486227142111	-2.11976	1.6381	-2.13994	1.7638	2.38193	-1.66251	-0.957759	-0.063377	0.733657	0.335937	-0.00540898	-0.936545	0.0115237	-0.350316	4.11238	-4.33221	3.16936	-0.662897	-0.402947	3.01997	-0.33055	2.09374	-7.73682	14.602	2.2959	-1.4851	-0.4489	
1486227142311	-2.11979	1.63809	-2.13995	1.76379	2.38201	-1.6625	-0.957761	-0.0633989	0.733673	0.335913	-0.00537103	-0.936561	0.0114947	-0.350274	4.15369	-4.30738	3.09888	-0.520621	-0.461008	2.88341	-0.327996	2.36815	-7.70374	13.9436	2.25426	-1.36902	-0.468878	
1486227142521	-2.11979	1.63809	-2.13995	1.76379	2.38203	-1.6625	-0.957761	-0.0633993	0.733675	0.335911	-0.00536782	-0.936563	0.0114905	-0.350269	4.16847	-4.24607	3.04587	-0.442119	-0.478606	2.84446	-0.329503	2.44771	-7.67709	13.6098	2.23803	-1.33713	-0.472571	
1486227142641	-2.11979	1.63809	-2.13995	1.76379	2.38203	-1.6625	-0.957763	-0.0633993	0.733676	0.335911	-0.00536624	-0.936564	0.0114904	-0.350268	4.15409	-4.26688	3.04375	-0.436808	-0.483654	2.83111	-0.329081	2.50295	-7.63268	13.5804	2.23887	-1.32784	-0.475715	
1486227142671	-2.11979	1.63809	-2.13995	1.76379	2.38203	-1.6625	-0.957763	-0.0633992	0.733675	0.33591	-0.00536619	-0.936563	0.0114909	-0.350269	4.14658	-4.22686	3.02617	-0.430579	-0.479434	2.83008	-0.330355	2.46207	-7.62553	13.5172	2.22978	-1.32958	-0.47274	
1486227142701	-2.11979	1.63809	-2.13995	1.76379	2.38203	-1.6625	-0.957763	-0.0633992	0.733675	0.33591	-0.00536619	-0.936563	0.0114909	-0.350269	4.15784	-4.23274	3.02902	-0.423825	-0.480879	2.82902	-0.330504	2.4809	-7.64262	13.5131	2.23103	-1.32837	-0.474607	
1486227142911	-2.11979	1.63809	-2.13995	1.76378	2.38203	-1.6625	-0.957765	-0.063399	0.733676	0.335909	-0.00536428	-0.936564	0.011491	-0.350268	4.1485	-4.19906	3.00758	-0.407049	-0.483695	2.8159	-0.329632	2.47303	-7.61598	13.4026	2.2212	-1.31888	-0.471912	
1486227142971	-2.11979	1.63809	-2.13995	1.76378	2.38203	-1.6625	-0.957765	-0.063399	0.733676	0.335909	-0.00536428	-0.936564	0.011491	-0.350268	4.13437	-4.18957	3.00462	-0.409665	-0.480846	2.8122	-0.329455	2.46583	-7.59509	13.388	2.21559	-1.3194	-0.470043	
1486227142981	-2.11979	1.63809	-2.13995	1.76378	2.38203	-1.6625	-0.957765	-0.063399	0.733676	0.335909	-0.00536428	-0.936564	0.011491	-0.350268	4.13437	-4.18957	3.00462	-0.409665	-0.480846	2.8122	-0.329455	2.46583	-7.59509	13.388	2.21559	-1.3194	-0.470043	
1486227143001	-2.11979	1.63809	-2.13995	1.76378	2.38203	-1.6625	-0.957765	-0.063399	0.733676	0.335909	-0.00536428	-0.936564	0.011491	-0.350268	4.14382	-4.18851	3.00314	-0.406616	-0.48224	2.81175	-0.329858	2.46319	-7.61177	13.3802	2.2161	-1.31731	-0.471339	
1486227143111	-2.11979	1.63809	-2.13995	1.76378	2.38203	-1.6625	-0.957765	-0.063399	0.733676	0.335909	-0.00536399	-0.936564	0.0114914	-0.350268	4.14311	-4.18629	2.99737	-0.390294	-0.486859	2.80712	-0.331056	2.50069	-7.5951	13.3296	2.21657	-1.31361	-0.472691	
1486227143161	-2.11979	1.63809	-2.13995	1.76378	2.38203	-1.6625	-0.957765	-0.063399	0.733676	0.335909	-0.0053636	-0.936564	0.0114906	-0.350267	4.14934	-4.18207	2.99462	-0.385478	-0.486913	2.8061	-0.331727	2.50178	-7.60596	13.3141	2.21567	-1.31277	-0.473832	
1486227143211	-2.11979	1.63809	-2.13995	1.76378	2.38203	-1.6625	-0.957765	-0.063399	0.733676	0.335909	-0.0053636	-0.936564	0.0114906	-0.350267	4.14423	-4.18527	2.99881	-0.385182	-0.488271	2.80344	-0.330501	2.51313	-7.59562	13.3136	2.21442	-1.31131	-0.472207	
1486227143252	-2.11979	1.63809	-2.13995	1.76378	2.38203	-1.6625	-0.957765	-0.063399	0.733676	0.335909	-0.0053636	-0.936564	0.0114906	-0.350267	4.1464	-4.16373	2.98788	-0.379568	-0.487869	2.80454	-0.331311	2.48892	-7.59986	13.277	2.21186	-1.31131	-0.471074	
1486227143271	-2.11979	1.63809	-2.13995	1.76378	2.38203	-1.6625	-0.957765	-0.0633988	0.733676	0.335908	-0.00536327	-0.936564	0.0114916	-0.350267	4.14528	-4.18796	2.99361	-0.380198	-0.489942	2.80278	-0.331365	2.52562	-7.5885	13.2984	2.21718	-1.30988	-0.474221	
1486227143341	-2.11979	1.63809	-2.13995	1.76378	2.38203	-1.6625	-0.957765	-0.0633988	0.733676	0.335908	-0.00536327	-0.936564	0.0114916	-0.350267	4.14651	-4.1809	2.99307	-0.379841	-0.491254	2.79985	-0.331376	2.51563	-7.59521	13.2844	2.21375	-1.30676	-0.47339	
1486227143601	-2.11979	1.63809	-2.13995	1.76378	2.38203	-1.6625	-0.957766	-0.0633988	0.733677	0.335908	-0.00536179	-0.936564	0.0114915	-0.350266	4.14926	-4.17457	2.98352	-0.369403	-0.483658	2.79492	-0.332196	2.53418	-7.5973	13.2499	2.20957	-1.31008	-0.477092	
1486227143641	-2.11979	1.63809	-2.13995	1.76378	2.38203	-1.6625	-0.957766	-0.0633988	0.733677	0.335908	-0.00536179	-0.936564	0.0114915	-0.350266	4.14453	-4.17402	2.9813	-0.365734	-0.483749	2.79186	-0.332595	2.54742	-7.58513	13.2332	2.20827	-1.30919	-0.477612	
1486227143751	-2.11979	1.63809	-2.13995	1.76378	2.38204	-1.6625	-0.957768	-0.0633988	0.733677	0.335907	-0.0053603	-0.936565	0.0114916	-0.350265	4.14319	-4.1769	2.97844	-0.358301	-0.483242	2.7887	-0.333247	2.57311	-7.5754	13.2136	2.20819	-1.30907	-0.479589	
1486227143761	-2.11979	1.63809	-2.13995	1.76378	2.38204	-1.6625	-0.957768	-0.0633988	0.733677	0.335907	-0.0053603	-0.936565	0.0114916	-0.350265	4.14319	-4.1769	2.97844	-0.358301	-0.483242	2.7887	-0.333247	2.57311	-7.5754	13.2136	2.20819	-1.30907	-0.479589	
1486227144021	-2.11979	1.63809	-2.13995	1.76378	2.38204	-1.6625	-0.957768	-0.0633982	0.733677	0.335907	-0.00536023	-0.936565	0.0114925	-0.350265	4.141	-4.16615	2.97122	-0.353307	-0.483959	2.78253	-0.330939	2.56684	-7.56717	13.1763	2.20443	-1.3045	-0.477511	
1486227144071	-2.11979	1.63809	-2.13995	1.76378	2.38204	-1.6625	-0.957768	-0.0633986	0.733677	0.335906	-0.00535996	-0.936565	0.0114926	-0.350265	4.14334	-4.16881	2.97116	-0.350918	-0.486655	2.7828	-0.333353	2.57621	-7.5698	13.171	2.20586	-1.30308	-0.479747	
1486227144111	-2.11979	1.63809	-2.13995	1.76378	2.38204	-1.6625	-0.957768	-0.0633988	0.733677	0.335907	-0.00536002	-0.936565	0.011492	-0.350265	4.13767	-4.17049	2.9671	-0.354195	-0.487149	2.78157	-0.33349	2.57159	-7.55674	13.1689	2.20681	-1.30138	-0.480308	
1486227144141	-2.11979	1.63809	-2.13995	1.76378	2.38204	-1.6625	-0.957768	-0.0633986	0.733677	0.335906	-0.00535996	-0.936565	0.0114926	-0.350265	4.17194	-4.16456	2.96756	-0.339603	-0.488974	2.78375	-0.33337	2.57186	-7.61845	13.1514	2.20806	-1.30008	-0.482333	
1486227144161	-2.11979	1.63809	-2.13995	1.76378	2.38204	-1.6625	-0.957768	-0.0633986	0.733677	0.335906	-0.00535996	-0.936565	0.0114926	-0.350265	4.1186	-4.1706	2.96598	-0.356214	-0.484698	2.77982	-0.333142	2.58361	-7.51942	13.1657	2.20503	-1.30395	-0.478761	
1486227144171	-2.11979	1.63809	-2.13995	1.76378	2.38204	-1.6625	-0.957768	-0.0633982	0.733677	0.335907	-0.00536023	-0.936565	0.0114925	-0.350265	4.13534	-4.16164	2.96714	-0.34761	-0.486206	2.78076	-0.333542	2.58029	-7.5529	13.1494	2.20352	-1.30316	-0.478788	
1486227144181	-2.11979	1.63809	-2.13995	1.76378	2.38204	-1.6625	-0.957768	-0.0633982	0.733677	0.335907	-0.00536023	-0.936565	0.0114925	-0.350265	4.13534	-4.16164	2.96714	-0.34761	-0.486206	2.78076	-0.333542	2.58029	-7.5529	13.1494	2.20352	-1.30316	-0.478788	
1486227144251	-2.11979	1.63809	-2.13995	1.76378	2.38204	-1.6625	-0.957768	-0.0633986	0.733677	0.335906	-0.00535921	-0.936565	0.0114929	-0.350265	4.14479	-4.15704	2.96602	-0.338845	-0.488396	2.77937	-0.332898	2.58692	-7.56609	13.1275	2.20312	-1.30095	-0.478498	
1486227144351	-2.11979	1.63809	-2.13995	1.76378	2.38204	-1.6625	-0.95777	-0.0633986	0.733677	0.335906	-0.00535844	-0.936565	0.0114925	-0.350264	4.12796	-4.16526	2.96578	-0.338973	-0.486494	2.77631	-0.333324	2.61537	-7.52941	13.1256	2.20291	-1.30276	-0.479257	
1486227144411	-2.11979	1.63809	-2.13995	1.76378	2.38204	-1.6625	-0.95777	-0.0633986	0.733677	0.335906	-0.00535844	-0.936565	0.0114925	-0.350264	4.12827	-4.16302	2.96463	-0.340777	-0.484669	2.77423	-0.334193	2.60962	-7.5353	13.1228	2.20028	-1.30237	-0.480478	
1486227144551	-2.11979	1.63809	-2.13995	1.76378	2.38204	-1.6625	-0.95777	-0.0633984	0.733677	0.335906	-0.00535839	-0.936565	0.0114931	-0.350264	4.15917	-4.13778	2.95104	-0.327702	-0.484832	2.77625	-0.333564	2.57133	-7.59121	13.0773	2.19936	-1.29988	-0.480995	
1486227144581	-2.11979	1.63809	-2.13995	1.76378	2.38204	-1.6625	-0.95777	-0.0633984	0.733677	0.335906	-0.00535839	-0.936565	0.0114931	-0.350264	4.16405	-4.1554	2.95986	-0.327101	-0.48784	2.77439	-0.332388	2.59723	-7.59567	13.0957	2.20233	-1.29739	-0.481911	
1486227144611	-2.11979	1.63809	-2.13995	1.76378	2.38204	-1.6625	-0.95777	-0.0633984	0.733677	0.335906	-0.00535839	-0.936565	0.0114931	-0.350264	4.12155	-4.13864	2.94927	-0.338404	-0.484649	2.77353	-0.332694	2.57404	-7.51922	13.0797	2.19763	-1.30041	-0.476838	
1486227144941	-2.11979	1.63809	-2.13995	1.76378	2.38204	-1.6625	-0.957771	-0.0633981	0.733677	0.335906	-0.00535719	-0.936565	0.011493	-0.350264	4.10968	-4.15166	2.94114	-0.330266	-0.485407	2.76384	-0.335668	2.62553	-7.48251	13.0429	2.19804	-1.29637	-0.483032	
1486227144965	-2.11979	1.63809	-2.13995	1.76378	2.38204	-1.6625	-0.957771	-0.0633981	0.733677	0.335906	-0.00535719	-0.936565	0.011493	-0.350264	4.12732	-4.16142	2.9494	-0.326165	-0.486978	2.7654	-0.334996	2.63906	-7.51471	13.0596	2.20058	-1.29611	-0.484285	
1486227145261	-2.11979	1.63809	-2.13995	1.76378	2.38204	-1.6625	-0.957771	-0.0633981	0.733677	0.335906	-0.00535719	-0.936565	0.011493	-0.350264	4.11088	-4.12802	2.93759	-0.328771	-0.485522	2.76035	-0.337291	2.5966	-7.49846	13.009	2.18918	-1.29353	-0.48141	
1486227145741	-2.11979	1.63809	-2.13995	1.76377	2.38204	-1.6625	-0.957773	-0.0633979	0.733677	0.335905	-0.00535489	-0.936566	0.011494	-0.350263	4.12445	-4.12524	2.93527	-0.316103	-0.481345	2.75908	-0.336702	2.61666	-7.51932	12.9889	2.18791	-1.29654	-0.483362	
1486227145751	-2.11979	1.63809	-2.13995	1.76377	2.38204	-1.6625	-0.957773	-0.0633979	0.733677	0.335905	-0.0053557	-0.936566	0.0114937	-0.350263	4.13455	-4.12518	2.93413	-0.314626	-0.482332	2.75844	-0.336628	2.61059	-7.5381	12.9854	2.18841	-1.29425	-0.484559	
1486227145851	-2.11979	1.63809	-2.13995	1.76377	2.38204	-1.6625	-0.957775	-0.0633979	0.733677	0.335905	-0.00535489	-0.936566	0.011494	-0.350263	4.13217	-4.14447	2.94486	-0.316399	-0.490228	2.75722	-0.336859	2.63807	-7.52807	13.0044	2.19275	-1.2892	-0.484772	
1486227145955	-2.11979	1.63809	-2.13995	1.76377	2.38204	-1.6625	-0.957775	-0.0633979	0.733678	0.335904	-0.00535423	-0.936566	0.0114937	-0.350262	4.11456	-4.13091	2.93786	-0.318254	-0.484628	2.75418	-0.334518	2.62581	-7.49694	12.9856	2.18727	-1.29196	-0.481072	
1486227146001	-2.11979	1.63808	-2.13995	1.76377	2.38204	-1.6625	-0.957775	-0.0633977	0.733677	0.335904	-0.00535418	-0.936566	0.0114943	-0.350262	4.11892	-4.1267	2.93905	-0.313911	-0.485882	2.75627	-0.334123	2.62665	-7.50355	12.9803	2.18774	-1.2927	-0.479729	
1486227146101	-2.11979	1.63808	-2.13995	1.76377	2.38204	-1.6625	-0.957775	-0.0633977	0.733677	0.335904	-0.00535418	-0.936566	0.0114943	-0.350262	4.12501	-4.12736	2.93098	-0.303306	-0.488004	2.75348	-0.335092	2.64578	-7.50242	12.9474	2.18997	-1.28972	-0.482779	
1486227146271	-2.11979	1.63808	-2.13995	1.76377	2.38204	-1.6625	-0.957776	-0.0633977	0.733677	0.335904	-0.00535339	-0.936566	0.0114946	-0.350262	4.12285	-4.10812	2.92945	-0.3074	-0.486663	2.75195	-0.334903	2.60998	-7.51239	12.9345	2.18274	-1.28864	-0.47967	
1486227146351	-2.11979	1.63808	-2.13995	1.76377	2.38205	-1.6625	-0.957776	-0.0633977	0.733677	0.335904	-0.00535339	-0.936566	0.0114946	-0.350262	4.1072	-4.13005	2.93344	-0.312465	-0.489858	2.74925	-0.334243	2.64097	-7.47279	12.9532	2.18747	-1.28625	-0.480358	
1486227146591	-2.11979	1.63808	-2.13995	1.76377	2.38204	-1.6625	-0.957776	-0.0633977	0.733678	0.335903	-0.00535276	-0.936566	0.0114943	-0.350261	4.11092	-4.10969	2.93033	-0.302185	-0.489094	2.7476	-0.334118	2.63612	-7.48288	12.9143	2.18145	-1.2867	-0.477961	
1486227146631	-2.11979	1.63808	-2.13995	1.76377	2.38204	-1.6625	-0.957776	-0.0633976	0.733678	0.335903	-0.00535311	-0.936566	0.011495	-0.350262	4.09018	-4.12138	2.92628	-0.307735	-0.490364	2.74742	-0.336535	2.65409	-7.43607	12.9201	2.18553	-1.28688	-0.480191	
1486227146681	-2.11979	1.63808	-2.13995	1.76377	2.38204	-1.6625	-0.957776	-0.0633977	0.733678	0.335903	-0.00535276	-0.936566	0.0114943	-0.350261	4.11902	-4.11857	2.93012	-0.301845	-0.491401	2.74954	-0.337159	2.64398	-7.49568	12.9223	2.18557	-1.28563	-0.48235	
