time	
287.098	
287.098	
287.112	
287.126	
287.126	
287.14	
287.154	
287.168	
287.168	
287.182	
287.196	
287.196	
287.21	
287.224	
287.238	
287.238	
287.252	
287.266	
287.266	
287.28	
287.294	
287.308	
287.308	
287.322	
287.336	
287.336	
287.35	
287.364	
287.378	
287.378	
287.392	
287.406	
287.406	
287.42	
287.434	
287.448	
287.448	
287.462	
287.476	
287.476	
287.49	
287.504	
287.518	
287.518	
287.532	
287.546	
287.546	
287.56	
287.574	
287.588	
287.588	
287.602	
287.616	
287.616	
287.63	
287.644	
287.658	
287.658	
287.672	
287.686	
287.686	
287.7	
287.714	
287.728	
287.728	
287.742	
287.756	
287.756	
287.77	
287.784	
287.798	
287.798	
287.812	
287.826	
287.826	
287.84	
287.854	
287.868	
287.868	
287.882	
287.896	
287.896	
287.91	
287.924	
287.938	
287.938	
287.952	
287.966	
287.966	
287.98	
287.994	
288.008	
288.008	
288.022	
288.036	
288.036	
288.05	
288.064	
288.078	
288.078	
288.092	
288.106	
288.106	
288.12	
288.134	
288.148	
288.148	
288.162	
288.176	
288.176	
288.19	
288.204	
288.218	
288.218	
288.232	
288.246	
288.246	
288.26	
288.274	
288.288	
288.288	
288.302	
288.316	
288.316	
288.33	
288.344	
288.358	
288.358	
288.372	
288.386	
288.386	
288.4	
288.414	
288.428	
288.428	
288.442	
288.456	
288.456	
288.47	
288.484	
288.498	
288.498	
288.512	
288.526	
288.526	
288.54	
288.554	
288.568	
288.568	
288.582	
288.596	
288.596	
288.61	
288.624	
288.638	
288.638	
288.652	
288.666	
288.666	
288.68	
288.694	
288.708	
288.708	
288.722	
288.736	
288.736	
288.75	
288.764	
288.778	
288.778	
288.792	
288.806	
288.806	
288.82	
288.834	
288.848	
288.848	
288.862	
288.876	
288.876	
288.89	
288.904	
288.918	
288.918	
288.932	
288.946	
288.946	
288.96	
288.974	
288.988	
288.988	
289.002	
289.016	
289.016	
289.03	
289.044	
289.058	
289.058	
289.072	
289.086	
289.086	
289.1	
289.114	
289.128	
289.128	
289.142	
289.156	
289.156	
289.17	
289.184	
289.198	
289.198	
289.212	
289.226	
289.226	
289.24	
289.254	
289.268	
289.268	
289.282	
289.296	
289.296	
289.31	
289.324	
289.338	
289.338	
289.352	
289.366	
289.366	
289.38	
289.394	
289.408	
289.408	
289.422	
289.436	
289.436	
289.45	
289.464	
289.478	
289.478	
289.492	
289.506	
289.506	
289.52	
289.534	
289.548	
289.548	
289.562	
289.576	
289.576	
289.59	
289.604	
289.618	
289.618	
289.632	
289.646	
289.646	
289.66	
289.674	
289.688	
289.688	
289.702	
289.716	
289.716	
289.73	
289.744	
289.758	
289.758	
289.772	
289.786	
289.786	
289.8	
289.814	
289.828	
289.828	
289.842	
289.856	
289.856	
289.87	
289.884	
289.898	
289.898	
289.912	
289.926	
289.926	
289.94	
289.954	
289.968	
289.968	
289.982	
289.996	
289.996	
290.01	
290.024	
290.038	
290.038	
290.052	
290.066	
290.066	
290.08	
290.094	
290.108	
290.108	
290.122	
290.136	
290.136	
290.15	
290.164	
290.178	
290.178	
290.192	
290.206	
290.206	
290.22	
290.234	
290.248	
290.248	
290.262	
290.276	
290.276	
290.29	
290.304	
290.318	
290.318	
290.332	
290.346	
290.346	
290.36	
290.374	
290.388	
290.388	
290.402	
290.416	
290.416	
290.43	
290.444	
290.458	
290.458	
290.472	
290.486	
290.486	
290.5	
290.514	
290.528	
290.528	
290.542	
290.556	
290.556	
290.57	
290.584	
290.598	
290.598	
290.612	
290.626	
290.626	
290.64	
290.654	
290.668	
290.668	
290.682	
290.696	
290.696	
290.71	
290.724	
290.738	
290.738	
290.752	
290.766	
290.766	
290.78	
290.794	
290.808	
290.808	
290.822	
290.836	
290.836	
290.85	
290.864	
290.878	
290.878	
290.892	
290.906	
290.906	
290.92	
290.934	
290.948	
290.948	
290.962	
290.976	
290.976	
290.99	
291.004	
291.018	
291.018	
291.032	
291.046	
291.046	
291.06	
291.074	
291.088	
291.088	
291.102	
291.116	
291.116	
291.13	
291.144	
291.158	
291.158	
291.172	
291.186	
291.186	
291.2	
291.214	
291.228	
291.228	
291.242	
291.256	
291.256	
291.27	
291.284	
291.298	
291.298	
291.312	
291.326	
291.326	
291.34	
291.354	
291.368	
291.368	
291.382	
291.396	
291.396	
291.41	
291.424	
291.438	
291.438	
291.452	
291.466	
291.466	
291.48	
291.494	
291.508	
291.508	
291.522	
291.536	
291.536	
291.55	
291.564	
291.578	
291.578	
291.592	
291.606	
291.606	
291.62	
291.634	
291.648	
291.648	
291.662	
291.676	
291.676	
291.69	
291.704	
291.718	
291.718	
291.732	
291.746	
291.746	
291.76	
291.774	
291.788	
291.788	
291.802	
291.816	
291.816	
291.83	
291.844	
291.858	
291.858	
291.872	
291.886	
291.886	
291.9	
291.914	
291.928	
291.928	
291.942	
291.956	
291.956	
291.97	
291.984	
291.998	
291.998	
292.012	
292.026	
292.026	
292.04	
292.054	
292.068	
292.068	
292.082	
292.096	
292.096	
292.11	
292.124	
292.138	
292.138	
292.152	
292.166	
292.166	
292.18	
292.194	
292.208	
292.208	
292.222	
292.236	
292.236	
292.25	
292.264	
292.278	
292.278	
292.292	
292.306	
292.306	
292.32	
292.334	
292.348	
292.348	
292.362	
292.376	
292.376	
292.39	
292.404	
292.418	
292.418	
292.432	
292.446	
292.446	
292.46	
292.474	
292.488	
292.488	
292.502	
292.516	
292.516	
292.53	
292.544	
292.558	
292.558	
292.572	
292.586	
292.586	
292.6	
292.614	
292.628	
292.628	
292.642	
292.656	
292.656	
292.67	
292.684	
292.698	
292.698	
292.712	
292.726	
292.726	
292.74	
292.754	
292.768	
292.768	
292.782	
292.796	
292.796	
292.81	
292.824	
292.838	
292.838	
292.852	
292.866	
292.866	
292.88	
292.894	
292.908	
292.908	
292.922	
292.936	
292.936	
292.95	
292.964	
292.978	
292.978	
292.992	
293.006	
293.006	
293.02	
293.034	
293.048	
293.048	
293.062	
293.076	
293.076	
293.09	
293.104	
293.118	
293.118	
293.132	
293.146	
293.146	
293.16	
293.174	
293.188	
293.188	
293.202	
293.216	
293.216	
293.23	
293.244	
293.258	
293.258	
293.272	
293.286	
293.286	
293.3	
293.314	
293.328	
293.328	
293.342	
293.356	
293.356	
293.37	
293.384	
293.398	
293.398	
293.412	
293.426	
293.426	
293.44	
293.454	
293.468	
293.468	
293.482	
293.496	
293.496	
293.51	
293.524	
293.538	
293.538	
293.552	
293.566	
293.566	
293.58	
293.594	
293.608	
293.608	
293.622	
293.636	
293.636	
293.65	
293.664	
293.678	
293.678	
293.692	
293.706	
293.706	
293.72	
293.734	
293.748	
293.748	
293.762	
293.776	
293.776	
293.79	
293.804	
293.818	
293.818	
293.832	
293.846	
293.846	
293.86	
293.874	
293.888	
293.888	
293.902	
293.916	
293.916	
293.93	
293.944	
293.958	
293.958	
293.972	
293.986	
293.986	
294	
294.014	
294.028	
294.028	
294.042	
294.056	
294.056	
294.07	
294.084	
294.098	
294.098	
294.112	
294.126	
294.126	
294.14	
294.154	
294.168	
294.168	
294.182	
294.196	
294.196	
294.21	
294.224	
294.238	
294.238	
294.252	
294.266	
294.266	
294.28	
294.294	
294.308	
294.308	
294.322	
294.336	
294.336	
294.35	
294.364	
294.378	
294.378	
294.392	
294.406	
294.406	
294.42	
294.434	
294.448	
294.448	
294.462	
294.476	
294.476	
294.49	
294.504	
294.518	
294.518	
294.532	
294.546	
294.546	
294.56	
294.574	
294.588	
294.588	
294.602	
294.616	
294.616	
294.63	
294.644	
294.658	
294.658	
294.672	
294.686	
294.686	
294.7	
294.714	
294.728	
294.728	
294.742	
294.756	
294.756	
294.77	
294.784	
294.798	
294.798	
294.812	
294.826	
294.826	
294.84	
294.854	
294.868	
294.868	
294.882	
294.896	
294.896	
294.91	
294.924	
294.938	
294.938	
294.952	
294.966	
294.966	
294.98	
294.994	
295.008	
295.008	
295.022	
295.036	
295.036	
295.05	
295.064	
295.078	
295.078	
295.092	
295.106	
295.106	
295.12	
295.134	
295.148	
295.148	
295.162	
295.176	
295.176	
295.19	
295.204	
295.218	
295.218	
295.232	
295.246	
295.246	
295.26	
295.274	
295.288	
295.288	
295.302	
295.316	
295.316	
295.33	
295.344	
295.358	
295.358	
295.372	
295.386	
295.386	
295.4	
295.414	
295.428	
295.428	
295.442	
295.456	
295.456	
295.47	
295.484	
295.498	
295.498	
295.512	
295.526	
295.526	
295.54	
295.554	
295.568	
295.568	
295.582	
295.596	
295.596	
295.61	
295.624	
295.638	
295.638	
295.652	
295.666	
295.666	
295.68	
295.694	
295.708	
295.708	
295.722	
295.736	
295.736	
295.75	
295.764	
295.778	
295.778	
295.792	
295.806	
295.806	
295.82	
295.834	
295.848	
295.848	
295.862	
295.876	
295.876	
295.89	
295.904	
295.918	
295.918	
295.932	
295.946	
295.946	
295.96	
295.974	
295.988	
295.988	
296.002	
296.016	
296.016	
296.03	
296.044	
296.058	
296.058	
296.072	
296.086	
296.086	
296.1	
296.114	
296.128	
296.128	
296.142	
296.156	
296.156	
296.17	
296.184	
296.198	
296.198	
296.212	
296.226	
296.226	
296.24	
296.254	
296.268	
296.268	
296.282	
296.296	
296.296	
296.31	
296.324	
296.338	
296.338	
296.352	
296.366	
296.366	
296.38	
296.394	
296.408	
296.408	
296.422	
296.436	
296.436	
296.45	
296.464	
296.478	
296.478	
296.492	
296.506	
296.506	
296.52	
296.534	
296.548	
296.548	
296.562	
296.576	
296.576	
296.59	
296.604	
296.618	
296.618	
296.632	
296.646	
296.646	
296.66	
296.674	
296.688	
296.688	
296.702	
296.716	
296.716	
296.73	
296.744	
296.758	
296.758	
296.772	
296.786	
296.786	
296.8	
296.814	
296.828	
296.828	
296.842	
296.856	
296.856	
296.87	
296.884	
296.898	
296.898	
296.912	
296.926	
296.926	
296.94	
296.954	
296.954	
296.968	
296.982	
296.996	
296.996	
297.01	
297.024	
297.038	
297.038	
297.052	
297.066	
297.066	
297.08	
297.094	
297.108	
297.108	
297.122	
297.136	
297.136	
297.15	
297.164	
297.178	
297.178	
297.192	
297.206	
297.206	
297.22	
297.234	
297.248	
297.248	
297.262	
297.276	
297.276	
297.29	
297.304	
297.318	
297.318	
297.332	
297.346	
297.346	
297.36	
297.374	
297.388	
297.388	
297.402	
297.416	
297.416	
297.43	
297.444	
297.458	
297.458	
297.472	
297.486	
297.486	
297.5	
297.514	
297.528	
297.528	
297.542	
297.556	
297.556	
297.57	
297.584	
297.598	
297.598	
297.612	
297.626	
297.626	
297.64	
297.654	
297.668	
297.668	
297.682	
297.696	
297.696	
297.71	
297.724	
297.738	
297.738	
297.752	
297.766	
297.766	
297.78	
297.794	
297.808	
297.808	
297.822	
297.836	
297.836	
297.85	
297.864	
297.878	
297.878	
297.892	
297.906	
297.906	
297.92	
297.934	
297.948	
297.948	
297.962	
297.976	
297.976	
297.99	
298.004	
298.018	
298.018	
298.032	
298.046	
298.046	
298.06	
298.074	
298.088	
298.088	
298.102	
298.116	
298.116	
298.13	
298.144	
298.158	
298.158	
298.172	
298.186	
298.186	
298.2	
298.214	
298.228	
298.228	
298.242	
298.256	
298.256	
298.27	
298.284	
298.298	
298.298	
298.312	
298.326	
298.326	
298.34	
298.354	
298.368	
298.368	
298.382	
298.396	
298.396	
298.41	
298.424	
298.438	
298.438	
298.452	
298.466	
298.466	
298.48	
298.494	
298.508	
298.508	
298.522	
298.536	
298.536	
298.55	
298.564	
298.578	
298.578	
298.592	
298.606	
298.606	
298.62	
298.634	
298.648	
298.648	
298.662	
298.676	
298.676	
298.69	
298.704	
298.718	
298.718	
298.732	
298.746	
298.746	
298.76	
298.774	
298.788	
298.788	
298.802	
298.816	
298.816	
298.83	
298.844	
298.858	
298.858	
298.872	
298.886	
298.886	
298.9	
298.914	
298.928	
298.928	
298.942	
298.956	
298.956	
298.97	
298.984	
298.998	
298.998	
299.012	
299.026	
299.026	
299.04	
299.054	
299.068	
299.068	
299.082	
299.096	
299.096	
299.11	
299.124	
299.138	
299.138	
299.152	
299.166	
299.166	
299.18	
299.194	
299.208	
299.208	
299.222	
299.236	
299.236	
299.25	
299.264	
299.278	
299.278	
299.292	
299.306	
299.306	
299.32	
299.334	
299.348	
299.348	
299.362	
299.376	
299.376	
299.39	
299.404	
299.418	
299.418	
299.432	
299.446	
299.446	
299.46	
299.474	
299.488	
299.488	
299.502	
299.516	
299.516	
299.53	
299.544	
299.558	
299.558	
299.572	
299.586	
299.586	
299.6	
299.614	
299.628	
299.628	
299.642	
299.656	
299.656	
299.67	
299.684	
299.698	
299.698	
299.712	
299.726	
299.726	
299.74	
299.754	
299.768	
299.768	
299.782	
299.796	
299.796	
299.81	
299.824	
299.838	
299.838	
299.852	
299.866	
299.866	
299.88	
299.894	
299.908	
299.908	
299.922	
299.936	
299.936	
299.95	
299.964	
299.978	
299.978	
299.992	
300.006	
300.006	
300.02	
300.034	
300.048	
300.048	
300.062	
300.076	
