time	
926.664	
926.664	
926.678	
926.692	
926.692	
926.706	
926.72	
926.72	
926.734	
926.748	
926.762	
926.762	
926.776	
926.79	
926.79	
926.804	
926.818	
926.832	
926.832	
926.846	
926.86	
926.86	
926.874	
926.888	
926.902	
926.902	
926.916	
926.93	
926.93	
926.944	
926.958	
926.972	
926.972	
926.986	
927	
927	
927.014	
927.028	
927.042	
927.042	
927.056	
927.07	
927.07	
927.084	
927.098	
927.112	
927.112	
927.126	
927.14	
927.14	
927.154	
927.168	
927.182	
927.182	
927.196	
927.21	
927.21	
927.224	
927.238	
927.252	
927.252	
927.266	
927.28	
927.28	
927.294	
927.308	
927.322	
927.322	
927.336	
927.35	
927.35	
927.364	
927.378	
927.392	
927.392	
927.406	
927.42	
927.42	
927.434	
927.448	
927.462	
927.462	
927.476	
927.49	
927.49	
927.504	
927.518	
927.532	
927.532	
927.546	
927.56	
927.56	
927.574	
927.588	
927.602	
927.602	
927.616	
927.63	
927.63	
927.644	
927.658	
927.672	
927.672	
927.686	
927.7	
927.7	
927.714	
927.728	
927.742	
927.742	
927.756	
927.77	
927.77	
927.784	
927.798	
927.812	
927.812	
927.826	
927.84	
927.84	
927.854	
927.868	
927.882	
927.882	
927.896	
927.91	
927.91	
927.924	
927.938	
927.952	
927.952	
927.966	
927.98	
927.98	
927.994	
928.008	
928.022	
928.022	
928.036	
928.05	
928.05	
928.064	
928.078	
928.092	
928.092	
928.106	
928.12	
928.12	
928.134	
928.148	
928.162	
928.162	
928.176	
928.19	
928.19	
928.204	
928.218	
928.232	
928.232	
928.246	
928.26	
928.26	
928.274	
928.288	
928.302	
928.302	
928.316	
928.33	
928.33	
928.344	
928.358	
928.372	
928.372	
928.386	
928.4	
928.4	
928.414	
928.428	
928.442	
928.442	
928.456	
928.47	
928.47	
928.484	
928.498	
928.512	
928.512	
928.526	
928.54	
928.54	
928.554	
928.568	
928.582	
928.582	
928.596	
928.61	
928.61	
928.624	
928.638	
928.652	
928.652	
928.666	
928.68	
928.68	
928.694	
928.708	
928.722	
928.722	
928.736	
928.75	
928.75	
928.764	
928.778	
928.792	
928.792	
928.806	
928.82	
928.82	
928.834	
928.848	
928.862	
928.862	
928.876	
928.89	
928.89	
928.904	
928.918	
928.932	
928.932	
928.946	
928.96	
928.96	
928.974	
928.988	
929.002	
929.002	
929.016	
929.03	
929.03	
929.044	
929.058	
929.072	
929.072	
929.086	
929.1	
929.1	
929.114	
929.128	
929.142	
929.142	
929.156	
929.17	
929.17	
929.184	
929.198	
929.212	
929.212	
929.226	
929.24	
929.24	
929.254	
929.268	
929.282	
929.282	
929.296	
929.31	
929.31	
929.324	
929.338	
929.352	
929.352	
929.366	
929.38	
929.38	
929.394	
929.408	
929.422	
929.422	
929.436	
929.45	
929.45	
929.464	
929.478	
929.492	
929.492	
929.506	
929.52	
929.52	
929.534	
929.548	
929.562	
929.562	
929.576	
929.59	
929.59	
929.604	
929.618	
929.632	
929.632	
929.646	
929.66	
929.66	
929.674	
929.688	
929.702	
929.702	
929.716	
929.73	
929.73	
929.744	
929.758	
929.772	
929.772	
929.786	
929.8	
929.8	
929.814	
929.828	
929.842	
929.842	
929.856	
929.87	
929.87	
929.884	
929.898	
929.912	
929.912	
929.926	
929.94	
929.94	
929.954	
929.968	
929.982	
929.982	
929.996	
930.01	
930.01	
930.024	
930.038	
930.052	
930.052	
930.066	
930.08	
930.08	
930.094	
930.108	
930.122	
930.122	
930.136	
930.15	
930.15	
930.164	
930.178	
930.192	
930.192	
930.206	
930.22	
930.22	
930.234	
930.248	
930.262	
930.262	
930.276	
930.29	
930.29	
930.304	
930.318	
930.332	
930.332	
930.346	
930.36	
930.36	
930.374	
930.388	
930.402	
930.402	
930.416	
930.43	
930.43	
930.444	
930.458	
930.472	
930.472	
930.486	
930.5	
930.5	
930.514	
930.528	
930.542	
930.542	
930.556	
930.57	
930.57	
930.584	
930.598	
930.612	
930.612	
930.626	
930.64	
930.64	
930.654	
930.668	
930.682	
930.682	
930.696	
930.71	
930.71	
930.724	
930.738	
930.752	
930.752	
930.766	
930.78	
930.78	
930.794	
930.808	
930.822	
930.822	
930.836	
930.85	
930.85	
930.864	
930.878	
930.892	
930.892	
930.906	
930.92	
930.92	
930.934	
930.948	
930.962	
930.962	
930.976	
930.99	
930.99	
931.004	
931.018	
931.032	
931.032	
931.046	
931.06	
931.06	
931.074	
931.088	
931.102	
931.102	
931.116	
931.13	
931.13	
931.144	
931.158	
931.172	
931.172	
931.186	
931.2	
931.2	
931.214	
931.228	
931.242	
931.242	
931.256	
931.27	
931.27	
931.284	
931.298	
931.312	
931.312	
931.326	
931.34	
931.34	
931.354	
931.368	
931.382	
931.382	
931.396	
931.41	
931.41	
931.424	
931.438	
931.452	
931.452	
931.466	
931.48	
931.48	
931.494	
931.508	
931.522	
931.522	
931.536	
931.55	
931.55	
931.564	
931.578	
931.592	
931.592	
931.606	
931.62	
931.62	
931.634	
931.648	
931.662	
931.662	
931.676	
931.69	
931.69	
931.704	
931.718	
931.732	
931.732	
931.746	
931.76	
931.76	
931.774	
931.788	
931.802	
931.802	
931.816	
931.83	
931.83	
931.844	
931.858	
931.872	
931.872	
931.886	
931.9	
931.9	
931.914	
931.928	
931.942	
931.942	
931.956	
931.97	
931.97	
931.984	
931.998	
932.012	
932.012	
932.026	
932.04	
932.04	
932.054	
932.068	
932.082	
932.082	
932.096	
932.11	
932.11	
932.124	
932.138	
932.152	
932.152	
932.166	
932.18	
932.18	
932.194	
932.208	
932.222	
