time	
1259.36	
1259.37	
1259.37	
1259.39	
1259.4	
1259.4	
1259.42	
1259.43	
1259.43	
1259.44	
1259.46	
1259.47	
1259.47	
1259.49	
1259.5	
1259.5	
1259.51	
1259.53	
1259.54	
1259.54	
1259.56	
1259.57	
1259.57	
1259.58	
1259.6	
1259.61	
1259.61	
1259.63	
1259.64	
1259.64	
1259.65	
1259.67	
1259.68	
1259.68	
1259.7	
1259.71	
1259.71	
1259.72	
1259.74	
1259.75	
1259.75	
1259.77	
1259.78	
1259.78	
1259.79	
1259.81	
1259.82	
1259.82	
1259.84	
1259.85	
1259.85	
1259.86	
1259.88	
1259.89	
1259.89	
1259.91	
1259.92	
1259.92	
1259.93	
1259.95	
1259.96	
1259.96	
1259.98	
1259.99	
1259.99	
1260	
1260.02	
1260.03	
1260.03	
1260.05	
1260.06	
1260.06	
1260.07	
1260.09	
1260.1	
1260.1	
1260.12	
1260.13	
1260.13	
1260.14	
1260.16	
1260.17	
1260.17	
1260.19	
1260.2	
1260.2	
1260.21	
1260.23	
1260.24	
1260.24	
1260.26	
1260.27	
1260.27	
1260.28	
1260.3	
1260.31	
1260.31	
1260.33	
1260.34	
1260.34	
1260.35	
1260.37	
1260.38	
1260.38	
1260.4	
1260.41	
1260.41	
1260.42	
1260.44	
1260.45	
1260.45	
1260.47	
1260.48	
1260.48	
1260.49	
1260.51	
1260.52	
1260.52	
1260.54	
1260.55	
1260.55	
1260.56	
1260.58	
1260.59	
1260.59	
1260.61	
1260.62	
1260.62	
1260.63	
1260.65	
1260.66	
1260.66	
1260.68	
1260.69	
1260.69	
1260.7	
1260.72	
1260.73	
1260.73	
1260.75	
1260.76	
1260.76	
1260.77	
1260.79	
1260.8	
1260.8	
1260.82	
1260.83	
1260.83	
1260.84	
1260.86	
1260.87	
1260.87	
1260.89	
1260.9	
1260.9	
1260.91	
1260.93	
1260.94	
1260.94	
1260.96	
1260.97	
1260.97	
1260.98	
1261	
1261.01	
1261.01	
1261.03	
1261.04	
1261.04	
1261.05	
1261.07	
1261.08	
1261.08	
1261.1	
1261.11	
1261.11	
1261.12	
1261.14	
1261.15	
1261.15	
1261.17	
1261.18	
1261.18	
1261.19	
1261.21	
1261.22	
1261.22	
1261.24	
1261.25	
1261.25	
1261.26	
1261.28	
1261.29	
1261.29	
1261.31	
1261.32	
1261.32	
1261.33	
1261.35	
1261.36	
1261.36	
1261.38	
1261.39	
1261.39	
1261.4	
1261.42	
1261.43	
1261.43	
1261.45	
1261.46	
1261.46	
1261.47	
1261.49	
1261.5	
1261.5	
1261.52	
1261.53	
1261.53	
1261.54	
1261.56	
1261.57	
1261.57	
1261.59	
1261.6	
1261.6	
1261.61	
1261.63	
1261.64	
1261.64	
1261.66	
1261.67	
1261.67	
1261.68	
1261.7	
1261.71	
1261.71	
1261.73	
1261.74	
1261.74	
1261.75	
1261.77	
1261.78	
1261.78	
1261.8	
1261.81	
1261.81	
1261.82	
1261.84	
1261.85	
1261.85	
1261.87	
1261.88	
1261.88	
1261.89	
1261.91	
1261.92	
1261.92	
1261.94	
1261.95	
1261.95	
1261.96	
1261.98	
1261.99	
1261.99	
1262.01	
1262.02	
1262.02	
1262.03	
1262.05	
1262.06	
1262.06	
1262.08	
1262.09	
1262.09	
1262.1	
1262.12	
1262.13	
1262.13	
1262.15	
1262.16	
1262.16	
1262.17	
1262.19	
1262.2	
1262.2	
1262.22	
1262.23	
1262.23	
1262.24	
1262.26	
1262.27	
1262.27	
1262.29	
1262.3	
1262.3	
1262.31	
1262.33	
1262.34	
1262.34	
1262.36	
1262.37	
1262.37	
1262.38	
1262.4	
1262.41	
1262.41	
1262.43	
1262.44	
1262.44	
1262.45	
1262.47	
1262.48	
1262.48	
1262.5	
1262.51	
1262.51	
1262.52	
1262.54	
1262.55	
1262.55	
1262.57	
1262.58	
1262.58	
1262.59	
1262.61	
1262.62	
1262.62	
1262.64	
1262.65	
1262.65	
1262.66	
1262.68	
1262.69	
1262.69	
1262.71	
1262.72	
1262.72	
1262.73	
1262.75	
1262.76	
1262.76	
1262.78	
1262.79	
1262.79	
1262.8	
1262.82	
1262.83	
1262.83	
1262.85	
1262.86	
1262.86	
1262.87	
1262.89	
1262.9	
1262.9	
1262.92	
1262.93	
1262.93	
1262.94	
1262.96	
1262.97	
1262.97	
1262.99	
1263	
1263	
1263.01	
1263.03	
1263.04	
1263.04	
1263.06	
1263.07	
1263.07	
1263.08	
1263.1	
1263.11	
1263.11	
1263.13	
1263.14	
1263.14	
1263.15	
1263.17	
1263.18	
1263.18	
1263.2	
1263.21	
1263.21	
1263.22	
1263.24	
1263.25	
1263.25	
1263.27	
1263.28	
1263.28	
1263.29	
1263.31	
1263.32	
1263.32	
1263.34	
1263.35	
1263.35	
1263.36	
1263.38	
1263.39	
1263.39	
1263.41	
1263.42	
1263.42	
1263.43	
1263.45	
1263.46	
1263.46	
1263.48	
1263.49	
1263.49	
1263.5	
1263.52	
1263.53	
1263.53	
1263.55	
1263.56	
1263.56	
1263.57	
1263.59	
1263.6	
1263.6	
1263.62	
1263.63	
1263.63	
1263.64	
1263.66	
1263.67	
1263.67	
1263.69	
1263.7	
1263.7	
1263.71	
1263.73	
1263.74	
1263.74	
1263.76	
1263.77	
1263.77	
1263.78	
1263.8	
1263.81	
1263.81	
1263.83	
1263.84	
1263.84	
1263.85	
1263.87	
1263.88	
1263.88	
1263.9	
1263.91	
1263.91	
1263.92	
1263.94	
1263.95	
1263.95	
1263.97	
1263.98	
1263.98	
1263.99	
1264.01	
1264.02	
1264.02	
1264.04	
1264.05	
1264.05	
1264.06	
1264.08	
1264.09	
1264.09	
1264.11	
1264.12	
1264.12	
1264.13	
1264.15	
1264.16	
1264.16	
1264.18	
1264.19	
1264.19	
1264.2	
1264.22	
1264.23	
1264.23	
1264.25	
1264.26	
1264.26	
1264.27	
1264.29	
1264.3	
1264.3	
1264.32	
1264.33	
1264.33	
1264.34	
1264.36	
1264.37	
1264.37	
1264.39	
1264.4	
1264.4	
1264.41	
1264.43	
1264.44	
1264.44	
1264.46	
1264.47	
1264.47	
1264.48	
1264.5	
1264.51	
1264.51	
1264.53	
1264.54	
1264.54	
1264.55	
1264.57	
1264.58	
1264.58	
1264.6	
1264.61	
1264.61	
1264.62	
1264.64	
1264.65	
1264.65	
1264.67	
1264.68	
1264.68	
1264.69	
1264.71	
1264.72	
1264.72	
1264.74	
1264.75	
1264.75	
1264.76	
1264.78	
1264.79	
1264.79	
1264.81	
1264.82	
1264.82	
1264.83	
1264.85	
1264.86	
1264.86	
1264.88	
1264.89	
1264.89	
1264.9	
1264.92	
1264.93	
1264.93	
1264.95	
1264.96	
1264.96	
1264.97	
