time	joint_joint0	joint_joint1	joint_joint2	joint_joint3	joint_joint4	joint_joint5	joint_joint6	cart_pos_x	cart_pos_y	cart_pos_z	cart_quat_x	cart_quat_y	cart_quat_z	cart_quat_w	force_joint_joint0	force_joint_joint1	force_joint_joint2	force_joint_joint3	force_joint_joint4	force_joint_joint5	force_joint_joint6	cart_force_x	cart_force_y	cart_force_z	cart_trq_x	cart_trq_y	cart_trq_z	
1486249887938	-2.24771	1.6389	-2.17525	1.88206	2.30081	-1.66212	-0.957909	-0.11375	0.71863	0.331253	-0.0062676	-0.933916	0.00891532	-0.357326	1.29776	-1.70155	1.25507	-0.517648	0.523769	0.906039	-0.331435	1.41268	-3.08042	6.58948	0.470917	-0.978334	-0.488786	
1486249887968	-2.24768	1.63887	-2.17519	1.88204	2.30082	-1.662	-0.957909	-0.113749	0.71863	0.331252	-0.00626763	-0.933916	0.0089167	-0.357326	1.26903	-1.72395	1.26591	-0.545759	0.530742	0.900397	-0.331797	1.40996	-3.03611	6.65607	0.467035	-0.980313	-0.489959	
1486249888008	-2.2473	1.63839	-2.17421	1.88162	2.30224	-1.66019	-0.957909	-0.113495	0.718633	0.331221	-0.00615572	-0.933786	0.00850407	-0.357679	1.56202	-1.7458	1.28831	-0.598706	0.578744	1.12167	-0.330918	1.03796	-3.55129	7.36774	0.59238	-1.1158	-0.497341	
1486249888108	-2.24585	1.63761	-2.17301	1.881	2.30265	-1.65995	-0.957909	-0.112441	0.71822	0.330957	-0.0065641	-0.933719	0.00879675	-0.357838	1.89317	-2.56314	1.87704	-0.780487	0.380724	1.29644	-0.38064	1.73396	-4.09185	9.29254	0.849803	-1.09524	-0.571812	
1486249888168	-2.24559	1.63761	-2.17285	1.88077	2.30268	-1.65991	-0.957909	-0.112226	0.718195	0.331044	-0.00670278	-0.93368	0.00883387	-0.357937	2.06944	-2.65347	1.91332	-0.699548	0.320184	1.30546	-0.390723	1.91435	-4.36193	9.28132	0.901888	-1.05709	-0.600651	
1486249888208	-2.24554	1.63754	-2.17276	1.88062	2.30268	-1.6598	-0.957909	-0.112187	0.718205	0.330991	-0.00668536	-0.933684	0.00888793	-0.357926	1.96028	-2.61047	1.84707	-0.68797	0.337772	1.25267	-0.389729	1.95522	-4.14703	9.02503	0.866802	-1.04411	-0.600626	
1486249888218	-2.24554	1.63754	-2.17276	1.88062	2.30268	-1.6598	-0.957909	-0.112187	0.718205	0.330991	-0.00668536	-0.933684	0.00888793	-0.357926	1.96028	-2.61047	1.84707	-0.68797	0.337772	1.25267	-0.389729	1.95522	-4.14703	9.02503	0.866802	-1.04411	-0.600626	
1486249888378	-2.24538	1.63742	-2.17267	1.88055	2.3027	-1.65975	-0.957909	-0.112057	0.718161	0.33096	-0.00672127	-0.933651	0.00898074	-0.358007	1.90991	-2.66891	1.85168	-0.625523	0.298989	1.19241	-0.398851	2.25227	-4.00432	8.79685	0.860312	-0.9981	-0.615214	
1486249888408	-2.24538	1.63742	-2.17266	1.88054	2.3027	-1.65975	-0.957909	-0.112056	0.718162	0.330958	-0.0067201	-0.933652	0.00898265	-0.358006	1.90158	-2.67807	1.84891	-0.617029	0.299508	1.17723	-0.39903	2.29811	-3.98531	8.75696	0.8549	-0.992029	-0.61899	
1486249888418	-2.24538	1.63742	-2.17266	1.88054	2.3027	-1.65975	-0.957909	-0.112056	0.718162	0.330958	-0.0067201	-0.933652	0.00898265	-0.358006	1.90158	-2.67807	1.84891	-0.617029	0.299508	1.17723	-0.39903	2.29811	-3.98531	8.75696	0.8549	-0.992029	-0.61899	
1486249888508	-2.24536	1.63742	-2.17266	1.88053	2.30271	-1.65975	-0.957909	-0.112053	0.718164	0.330954	-0.00671748	-0.933653	0.00898681	-0.358003	1.87965	-2.67275	1.82862	-0.612009	0.306381	1.17071	-0.398028	2.3127	-3.9306	8.70774	0.852877	-0.994432	-0.619883	
1486249888628	-2.24536	1.63742	-2.17265	1.88052	2.30271	-1.65975	-0.957909	-0.112046	0.718164	0.330956	-0.0067204	-0.933653	0.00898702	-0.358003	1.87201	-2.65174	1.80627	-0.598427	0.318327	1.16753	-0.395167	2.31477	-3.90918	8.6477	0.847747	-1.00213	-0.618786	
1486249888728	-2.24536	1.63742	-2.17265	1.88052	2.30271	-1.65975	-0.957909	-0.112044	0.718164	0.330955	-0.00672207	-0.933653	0.0089877	-0.358002	1.88481	-2.65395	1.80216	-0.59398	0.322949	1.16616	-0.395428	2.31952	-3.93344	8.64475	0.847839	-1.00417	-0.622615	
1486249888768	-2.24535	1.63742	-2.17265	1.88051	2.30271	-1.65975	-0.957909	-0.112043	0.718163	0.330956	-0.00672334	-0.933653	0.00898823	-0.358002	1.86938	-2.66357	1.80715	-0.601358	0.321751	1.16089	-0.39723	2.33372	-3.90782	8.65339	0.84541	-1.00134	-0.623859	
1486249888788	-2.24535	1.63742	-2.17264	1.88051	2.30272	-1.65975	-0.957909	-0.112043	0.718163	0.330956	-0.00672334	-0.933653	0.00898823	-0.358002	1.87755	-2.64974	1.8009	-0.595353	0.321401	1.16322	-0.398231	2.31868	-3.92616	8.62955	0.844389	-1.00154	-0.623779	
1486249888818	-2.24535	1.63742	-2.17264	1.88051	2.30272	-1.65975	-0.957909	-0.112041	0.718164	0.330955	-0.00672308	-0.933653	0.00898897	-0.358002	1.87645	-2.65558	1.80419	-0.595478	0.320673	1.16186	-0.397046	2.32841	-3.92127	8.63615	0.845105	-1.00076	-0.623264	
1486249888838	-2.24535	1.63742	-2.17264	1.88051	2.30272	-1.65975	-0.957909	-0.112041	0.718164	0.330954	-0.0067232	-0.933654	0.00898965	-0.358001	1.882	-2.65431	1.80077	-0.594201	0.320497	1.16267	-0.395336	2.31979	-3.92697	8.63277	0.847068	-1.00013	-0.622628	
1486249888858	-2.24535	1.63742	-2.17264	1.88051	2.30272	-1.65975	-0.957909	-0.11204	0.718164	0.330953	-0.00672342	-0.933654	0.00899036	-0.358001	1.88976	-2.63181	1.79045	-0.588601	0.322813	1.1662	-0.394533	2.28798	-3.94535	8.60344	0.844686	-1.00221	-0.620303	
1486249888878	-2.24535	1.63742	-2.17264	1.88051	2.30272	-1.65975	-0.957909	-0.11204	0.718164	0.330953	-0.00672363	-0.933654	0.00899092	-0.358	1.84218	-2.66684	1.79868	-0.605745	0.325642	1.16041	-0.394978	2.34349	-3.8424	8.64877	0.847168	-1.00532	-0.621241	
1486249889298	-2.24538	1.63741	-2.17258	1.88046	2.30273	-1.65976	-0.957909	-0.112032	0.718158	0.330923	-0.0067281	-0.933667	0.00901773	-0.357966	1.98614	-2.65022	1.7884	-0.58088	0.305865	1.48862	-0.42318	2.17148	-3.92999	9.20969	1.04844	-1.17914	-0.604095	
1486249889378	-2.2454	1.63741	-2.17257	1.88046	2.30273	-1.65977	-0.957909	-0.112033	0.718155	0.330906	-0.00672892	-0.933674	0.00902842	-0.357946	2.2037	-2.68672	1.83057	-0.564476	0.281634	1.67616	-0.435509	2.04924	-4.25916	9.66035	1.17428	-1.26045	-0.606202	
1486249889498	-2.24555	1.63742	-2.17257	1.88044	2.30302	-1.65985	-0.957909	-0.112068	0.718176	0.330864	-0.00667606	-0.933717	0.00897537	-0.357838	2.72692	-2.8351	2.01924	-0.531619	0.165067	1.96583	-0.436457	1.8625	-5.12084	10.5571	1.4012	-1.31897	-0.600887	
1486249889638	-2.24609	1.63744	-2.17257	1.88046	2.30323	-1.65995	-0.957909	-0.112251	0.718209	0.330655	-0.00652154	-0.933844	0.00895008	-0.357509	3.04812	-3.1081	2.31314	-0.592972	0.0361047	2.15899	-0.433365	1.87422	-5.66087	11.5858	1.574	-1.32921	-0.587051	
1486249889728	-2.24651	1.63749	-2.17259	1.88048	2.30349	-1.66031	-0.957909	-0.112371	0.718223	0.330532	-0.00644489	-0.93394	0.0089566	-0.357261	3.2718	-3.35946	2.61117	-0.671432	-0.0697608	2.28384	-0.417416	1.91953	-6.07002	12.5037	1.68825	-1.32232	-0.560986	
1486249889738	-2.24651	1.63749	-2.17259	1.88048	2.30349	-1.66031	-0.957909	-0.112412	0.718228	0.330496	-0.00642598	-0.933978	0.00896428	-0.35716	3.2718	-3.35946	2.61117	-0.671432	-0.0697608	2.28384	-0.417416	1.91953	-6.07002	12.5037	1.68825	-1.32232	-0.560986	
1486249889898	-2.2471	1.6377	-2.17286	1.8806	2.30365	-1.66041	-0.957911	-0.112737	0.718345	0.330352	-0.00619503	-0.934116	0.00881594	-0.356808	3.43421	-3.66892	2.9879	-0.83759	-0.182426	2.39359	-0.350068	1.86407	-6.34294	13.6923	1.80163	-1.2973	-0.483304	
1486249889958	-2.24714	1.63773	-2.17292	1.88062	2.30367	-1.66042	-0.957911	-0.112769	0.718365	0.330361	-0.00616979	-0.93412	0.00878269	-0.356799	3.54693	-3.74236	3.06135	-0.854834	-0.224387	2.44426	-0.33514	1.81442	-6.51315	13.9689	1.85699	-1.28835	-0.470693	
1486249890008	-2.2472	1.63774	-2.17298	1.88063	2.30375	-1.66055	-0.957911	-0.112788	0.718374	0.330363	-0.00615421	-0.934125	0.00876616	-0.356784	3.63859	-3.77433	3.11861	-0.854426	-0.254982	2.47753	-0.321345	1.77509	-6.66867	14.1338	1.88823	-1.28043	-0.456392	
1486249890028	-2.24721	1.63775	-2.173	1.88064	2.30376	-1.66055	-0.957911	-0.112825	0.718387	0.330351	-0.00612697	-0.93415	0.00876069	-0.35672	3.61635	-3.79114	3.12977	-0.869325	-0.257928	2.47604	-0.319478	1.78301	-6.62288	14.1739	1.88987	-1.27844	-0.45309	
1486249890038	-2.24721	1.63775	-2.173	1.88064	2.30376	-1.66055	-0.957911	-0.112825	0.718387	0.330351	-0.00612697	-0.93415	0.00876069	-0.35672	3.61635	-3.79114	3.12977	-0.869325	-0.257928	2.47604	-0.319478	1.78301	-6.62288	14.1739	1.88987	-1.27844	-0.45309	
1486249890098	-2.24726	1.63778	-2.17303	1.88065	2.30377	-1.66054	-0.957911	-0.112853	0.718402	0.330352	-0.00610367	-0.934155	0.00873503	-0.356709	3.65571	-3.85366	3.16823	-0.886205	-0.280565	2.50129	-0.321879	1.79991	-6.67372	14.3356	1.92246	-1.27489	-0.457169	
1486249890128	-2.24729	1.63779	-2.17303	1.88066	2.30378	-1.66055	-0.957911	-0.112873	0.71841	0.330342	-0.00609037	-0.934164	0.00872035	-0.356685	3.65701	-3.87481	3.17265	-0.897683	-0.287688	2.51012	-0.327083	1.79972	-6.66815	14.3822	1.93421	-1.27378	-0.462202	
1486249890138	-2.24729	1.63779	-2.17303	1.88066	2.30378	-1.66055	-0.957911	-0.112873	0.71841	0.330342	-0.00609037	-0.934164	0.00872035	-0.356685	3.65701	-3.87481	3.17265	-0.897683	-0.287688	2.51012	-0.327083	1.79972	-6.66815	14.3822	1.93421	-1.27378	-0.462202	
1486249890498	-2.24759	1.63803	-2.17318	1.88072	2.3039	-1.66079	-0.957911	-0.113043	0.718488	0.330317	-0.00600826	-0.93425	0.0086176	-0.356464	3.88395	-4.02542	3.29836	-0.971412	-0.363943	2.62494	-0.38652	1.69909	-7.14883	14.946	2.02923	-1.26682	-0.51632	
1486249890508	-2.24762	1.63804	-2.1732	1.88072	2.30391	-1.66081	-0.957911	-0.113057	0.718494	0.330317	-0.00600446	-0.934258	0.00861443	-0.356442	3.8463	-4.04155	3.30057	-0.995314	-0.360358	2.62079	-0.389176	1.6995	-7.08155	14.9829	2.02724	-1.26764	-0.517786	
1486249890528	-2.24763	1.63806	-2.17321	1.88073	2.30391	-1.66081	-0.957911	-0.113073	0.718502	0.330313	-0.00599471	-0.934265	0.00860873	-0.356424	3.84679	-4.04693	3.30784	-1.01129	-0.362915	2.62529	-0.390605	1.6684	-7.09022	15.0265	2.02942	-1.26615	-0.517737	
1486249890548	-2.24765	1.63808	-2.17322	1.88073	2.30392	-1.66082	-0.957911	-0.113083	0.718509	0.330317	-0.00598708	-0.934267	0.00859631	-0.356421	3.88841	-4.03795	3.31062	-1.00192	-0.367915	2.6402	-0.391347	1.6396	-7.16933	15.0426	2.03786	-1.26844	-0.518166	
1486249890568	-2.24768	1.6381	-2.17324	1.88074	2.30394	-1.66085	-0.957911	-0.113083	0.718509	0.330317	-0.00598708	-0.934267	0.00859631	-0.356421	3.91204	-4.05288	3.32293	-1.00731	-0.373612	2.65551	-0.393767	1.62938	-7.21113	15.108	2.05024	-1.27164	-0.520401	
1486249890588	-2.24772	1.63813	-2.17325	1.88074	2.30395	-1.66087	-0.957911	-0.113114	0.718525	0.330314	-0.00597151	-0.934282	0.00857321	-0.356383	3.92147	-4.0503	3.32618	-1.01258	-0.375354	2.66236	-0.396396	1.60595	-7.23693	15.1301	2.0524	-1.2727	-0.521436	
1486249890598	-2.24772	1.63813	-2.17325	1.88074	2.30395	-1.66087	-0.957911	-0.113114	0.718525	0.330314	-0.00597151	-0.934282	0.00857321	-0.356383	3.92147	-4.0503	3.32618	-1.01258	-0.375354	2.66236	-0.396396	1.60595	-7.23693	15.1301	2.0524	-1.2727	-0.521436	
1486249890608	-2.24773	1.63814	-2.17327	1.88075	2.30395	-1.66087	-0.957911	-0.113114	0.718525	0.330314	-0.00597151	-0.934282	0.00857321	-0.356383	3.89426	-4.07958	3.33436	-1.03067	-0.37522	2.66006	-0.399118	1.6331	-7.1808	15.18	2.05596	-1.27318	-0.524777	
1486249890618	-2.24773	1.63814	-2.17327	1.88075	2.30395	-1.66087	-0.957911	-0.113132	0.718532	0.33031	-0.00596379	-0.934292	0.00856473	-0.356356	3.89426	-4.07958	3.33436	-1.03067	-0.37522	2.66006	-0.399118	1.6331	-7.1808	15.18	2.05596	-1.27318	-0.524777	
1486249890628	-2.24774	1.63815	-2.17327	1.88076	2.30396	-1.66088	-0.957911	-0.113143	0.718538	0.330311	-0.00595575	-0.934294	0.0085552	-0.356352	3.96109	-4.07022	3.34449	-1.01738	-0.387197	2.67627	-0.39951	1.59203	-7.31172	15.2009	2.06631	-1.26935	-0.525386	
1486249890648	-2.24777	1.63817	-2.17329	1.88076	2.30398	-1.66089	-0.957911	-0.113151	0.718542	0.330315	-0.00595269	-0.934297	0.00854278	-0.356344	3.94856	-4.08466	3.35561	-1.03102	-0.391148	2.68285	-0.399738	1.59093	-7.28456	15.2527	2.07213	-1.2707	-0.523158	
1486249890658	-2.24777	1.63817	-2.17329	1.88076	2.30398	-1.66089	-0.957911	-0.113151	0.718542	0.330315	-0.00595269	-0.934297	0.00854278	-0.356344	3.94856	-4.08466	3.35561	-1.03102	-0.391148	2.68285	-0.399738	1.59093	-7.28456	15.2527	2.07213	-1.2707	-0.523158	
1486249890698	-2.24783	1.63821	-2.17335	1.88077	2.304	-1.66091	-0.957911	-0.113189	0.718563	0.33031	-0.005924	-0.934312	0.00851332	-0.356306	3.9704	-4.10758	3.37915	-1.03487	-0.397614	2.68891	-0.3981	1.60416	-7.32564	15.3212	2.07964	-1.26952	-0.522827	
1486249890708	-2.24785	1.63822	-2.17337	1.88078	2.30401	-1.66091	-0.957911	-0.113189	0.718563	0.33031	-0.005924	-0.934312	0.00851332	-0.356306	3.98487	-4.11663	3.38639	-1.04262	-0.403735	2.69622	-0.396586	1.58052	-7.34802	15.3624	2.08777	-1.26687	-0.521581	
1486249890739	-2.24788	1.63824	-2.17339	1.88078	2.30403	-1.66094	-0.957911	-0.11322	0.718581	0.330309	-0.0058977	-0.934318	0.00849163	-0.356292	4.00579	-4.14294	3.4065	-1.0418	-0.414472	2.70907	-0.393931	1.60192	-7.37024	15.4298	2.10361	-1.26706	-0.519545	
1486249890748	-2.24788	1.63824	-2.17339	1.88078	2.30403	-1.66094	-0.957911	-0.11322	0.718581	0.330309	-0.0058977	-0.934318	0.00849163	-0.356292	4.00579	-4.14294	3.4065	-1.0418	-0.414472	2.70907	-0.393931	1.60192	-7.37024	15.4298	2.10361	-1.26706	-0.519545	
1486249890798	-2.24798	1.63831	-2.17348	1.8808	2.30406	-1.661	-0.957911	-0.113292	0.718618	0.330296	-0.00584668	-0.934347	0.0084592	-0.356216	4.05741	-4.16789	3.43915	-1.05315	-0.427964	2.72528	-0.391616	1.56989	-7.47168	15.5438	2.11854	-1.26251	-0.518408	
1486249890818	-2.24803	1.63834	-2.17351	1.8808	2.30407	-1.66102	-0.957911	-0.113312	0.718631	0.330295	-0.00583136	-0.934352	0.00844335	-0.356203	4.0582	-4.17486	3.44997	-1.06677	-0.432422	2.73623	-0.393336	1.54663	-7.47654	15.5995	2.12472	-1.26436	-0.516986	
1486249890828	-2.24807	1.63838	-2.17354	1.8808	2.30409	-1.66106	-0.957911	-0.113336	0.718645	0.330292	-0.0058168	-0.934363	0.00842701	-0.356175	4.11486	-4.18999	3.4698	-1.06224	-0.442608	2.74922	-0.394763	1.53665	-7.58701	15.6606	2.13678	-1.26162	-0.520949	
1486249890848	-2.24811	1.63842	-2.17356	1.88081	2.3041	-1.6611	-0.957911	-0.113336	0.718645	0.330292	-0.0058168	-0.934363	0.00842701	-0.356175	4.11272	-4.18958	3.47561	-1.07492	-0.446067	2.75897	-0.3958	1.50436	-7.58704	15.7	2.14109	-1.26309	-0.518437	
1486249891028	-2.24854	1.63868	-2.17392	1.88086	2.30425	-1.66136	-0.957911	-0.113607	0.718792	0.33026	-0.00563706	-0.934472	0.00828517	-0.355895	4.35644	-4.31739	3.63249	-1.12726	-0.512032	2.87809	-0.397901	1.37425	-8.0488	16.3183	2.23684	-1.26788	-0.518091	
1486249891048	-2.2486	1.63871	-2.17397	1.88087	2.30427	-1.66141	-0.957911	-0.113676	0.718822	0.330241	-0.00558247	-0.934496	0.00825745	-0.355835	4.34039	-4.33454	3.6499	-1.13529	-0.517746	2.88659	-0.396502	1.39606	-8.00987	16.3733	2.24399	-1.27127	-0.51293	
1486249891058	-2.2486	1.63871	-2.17397	1.88087	2.30427	-1.66141	-0.957911	-0.113676	0.718822	0.330241	-0.00558247	-0.934496	0.00825745	-0.355835	4.34039	-4.33454	3.6499	-1.13529	-0.517746	2.88659	-0.396502	1.39606	-8.00987	16.3733	2.24399	-1.27127	-0.51293	
1486249891078	-2.24866	1.63873	-2.17402	1.88088	2.3043	-1.66147	-0.957911	-0.113714	0.718839	0.33023	-0.00555362	-0.934511	0.00824626	-0.355795	4.36098	-4.3568	3.67329	-1.1423	-0.527137	2.89722	-0.394138	1.39608	-8.04424	16.4507	2.25519	-1.26984	-0.510483	
1486249891098	-2.24872	1.63876	-2.17408	1.88088	2.30431	-1.66151	-0.957911	-0.113754	0.718858	0.330219	-0.00552305	-0.934529	0.00823648	-0.35575	4.35174	-4.37819	3.69196	-1.16173	-0.532015	2.9021	-0.391148	1.38813	-8.02435	16.5262	2.2612	-1.26872	-0.506124	
1486249891108	-2.24872	1.63876	-2.17408	1.88088	2.30431	-1.66151	-0.957911	-0.113791	0.718877	0.330212	-0.00549496	-0.934541	0.00822551	-0.355717	4.35174	-4.37819	3.69196	-1.16173	-0.532015	2.9021	-0.391148	1.38813	-8.02435	16.5262	2.2612	-1.26872	-0.506124	
1486249891178	-2.24885	1.63881	-2.17435	1.88089	2.30435	-1.66171	-0.957911	-0.113891	0.718928	0.330198	-0.0054112	-0.934575	0.00821826	-0.35563	4.4414	-4.38191	3.72147	-1.14535	-0.561843	2.91945	-0.380552	1.34198	-8.18018	16.5722	2.28137	-1.25096	-0.496397	
1486249891198	-2.24887	1.6388	-2.17444	1.88089	2.30435	-1.66173	-0.957911	-0.113925	0.71895	0.330197	-0.0053714	-0.934577	0.00821156	-0.355625	4.45684	-4.37833	3.7212	-1.1356	-0.568326	2.91629	-0.378502	1.34374	-8.2041	16.5454	2.28228	-1.2437	-0.495408	
1486249891218	-2.24887	1.6388	-2.17454	1.88089	2.30435	-1.66175	-0.957911	-0.113956	0.718972	0.3302	-0.00533048	-0.934576	0.00820417	-0.355628	4.42657	-4.38832	3.70011	-1.13038	-0.570551	2.90979	-0.376551	1.37957	-8.11112	16.4946	2.28919	-1.24018	-0.495803	
1486249891228	-2.24887	1.6388	-2.17454	1.88089	2.30435	-1.66175	-0.957911	-0.113985	0.718996	0.330209	-0.00528883	-0.934572	0.00819302	-0.35564	4.42657	-4.38832	3.70011	-1.13038	-0.570551	2.90979	-0.376551	1.37957	-8.11112	16.4946	2.28919	-1.24018	-0.495803	
1486249891238	-2.24888	1.6388	-2.17465	1.88089	2.30435	-1.66177	-0.957911	-0.113985	0.718996	0.330209	-0.00528883	-0.934572	0.00819302	-0.35564	4.432	-4.37622	3.6743	-1.11703	-0.572573	2.90553	-0.373607	1.36917	-8.09872	16.422	2.29308	-1.23423	-0.496196	
1486249891248	-2.24887	1.63879	-2.17477	1.88089	2.30435	-1.66177	-0.957911	-0.114015	0.719021	0.33022	-0.00524479	-0.934566	0.00818189	-0.355657	4.42786	-4.34499	3.63617	-1.10179	-0.571532	2.89987	-0.371576	1.34026	-8.07157	16.3112	2.29196	-1.22923	-0.495464	
1486249891378	-2.24887	1.6388	-2.175	1.88089	2.30436	-1.66179	-0.957911	-0.114106	0.719103	0.33026	-0.00510941	-0.934545	0.00813207	-0.355715	4.45463	-4.32049	3.57485	-1.04364	-0.595973	2.83268	-0.372822	1.39516	-8.09488	15.9657	2.27403	-1.16899	-0.511997	
1486249891388	-2.24887	1.6388	-2.17501	1.88089	2.30438	-1.66179	-0.957911	-0.114111	0.719108	0.330262	-0.00510036	-0.934544	0.0081262	-0.355717	4.46214	-4.32607	3.58836	-1.03962	-0.60023	2.82229	-0.374	1.42009	-8.12296	15.9584	2.2669	-1.16113	-0.513824	
1486249891428	-2.24887	1.6388	-2.17502	1.88089	2.3044	-1.6618	-0.957911	-0.114117	0.719115	0.330263	-0.00508698	-0.934548	0.00810816	-0.355709	4.45727	-4.3477	3.60728	-1.04029	-0.602117	2.82069	-0.376804	1.47121	-8.11827	15.9945	2.26695	-1.16248	-0.516485	
1486249891458	-2.24887	1.63879	-2.17502	1.88089	2.3044	-1.6618	-0.957911	-0.114119	0.719117	0.330263	-0.00508381	-0.934549	0.00810566	-0.355706	4.46868	-4.33539	3.59653	-1.02659	-0.604435	2.82135	-0.379104	1.47308	-8.13658	15.9484	2.26758	-1.16091	-0.518819	
1486249891478	-2.24887	1.6388	-2.17502	1.88089	2.30441	-1.6618	-0.957911	-0.114118	0.719116	0.330262	-0.00508378	-0.934549	0.00810841	-0.355706	4.46321	-4.35192	3.59993	-1.02742	-0.608441	2.80009	-0.382455	1.50937	-8.13464	15.9187	2.25938	-1.14646	-0.526236	
1486249891498	-2.24887	1.63881	-2.17502	1.88089	2.30441	-1.6618	-0.957911	-0.114119	0.719116	0.330262	-0.00508353	-0.934549	0.00810649	-0.355705	4.46135	-4.34866	3.58546	-1.02465	-0.610615	2.79925	-0.385781	1.50493	-8.12356	15.8851	2.26215	-1.14333	-0.53028	
1486249891608	-2.24887	1.6388	-2.17502	1.88089	2.30441	-1.6618	-0.957911	-0.11412	0.719117	0.330263	-0.00508154	-0.934549	0.00810433	-0.355705	4.46305	-4.33868	3.57854	-1.00309	-0.624507	2.76758	-0.39156	1.54864	-8.14014	15.7514	2.24572	-1.11612	-0.537567	
1486249891618	-2.24887	1.6388	-2.17502	1.88089	2.30441	-1.6618	-0.957911	-0.11412	0.719117	0.330263	-0.00508154	-0.934549	0.00810433	-0.355705	4.46305	-4.33868	3.57854	-1.00309	-0.624507	2.76758	-0.39156	1.54864	-8.14014	15.7514	2.24572	-1.11612	-0.537567	
1486249891638	-2.24887	1.6388	-2.17502	1.88089	2.30441	-1.6618	-0.957911	-0.114121	0.719118	0.330263	-0.00508105	-0.934549	0.0081036	-0.355705	4.45123	-4.31953	3.57036	-1.0036	-0.621082	2.76497	-0.391032	1.52708	-8.12523	15.7205	2.2387	-1.11672	-0.534537	
1486249891678	-2.24887	1.6388	-2.17503	1.88089	2.30441	-1.6618	-0.957911	-0.114121	0.719118	0.330263	-0.00508019	-0.93455	0.00810261	-0.355704	4.4559	-4.33873	3.57474	-0.998776	-0.625664	2.75616	-0.390659	1.56498	-8.12565	15.7146	2.24061	-1.10936	-0.538209	
1486249891708	-2.24887	1.6388	-2.17503	1.88089	2.30442	-1.6618	-0.957911	-0.114121	0.719119	0.330263	-0.00507949	-0.93455	0.00810131	-0.355703	4.45689	-4.32291	3.57303	-0.994918	-0.62237	2.75291	-0.387419	1.55042	-8.13503	15.6931	2.23378	-1.10962	-0.534118	
1486249891778	-2.24887	1.6388	-2.17503	1.88089	2.30442	-1.6618	-0.957911	-0.114122	0.719119	0.330264	-0.00507899	-0.93455	0.00810111	-0.355704	4.46851	-4.33361	3.5708	-0.986149	-0.623469	2.7468	-0.388558	1.57943	-8.15115	15.6758	2.23521	-1.10576	-0.539591	
1486249891798	-2.24887	1.6388	-2.17503	1.88089	2.30442	-1.6618	-0.957911	-0.114122	0.719119	0.330263	-0.00507888	-0.93455	0.00810161	-0.355704	4.45575	-4.3382	3.57115	-0.991762	-0.626689	2.74285	-0.386573	1.57832	-8.12167	15.6744	2.23537	-1.10106	-0.537198	
1486249891808	-2.24887	1.6388	-2.17503	1.88089	2.30442	-1.6618	-0.957911	-0.114122	0.719119	0.330264	-0.00507829	-0.93455	0.00810083	-0.355704	4.47055	-4.33338	3.56909	-0.986798	-0.626243	2.74259	-0.385258	1.56909	-8.15052	15.6655	2.23516	-1.10006	-0.537483	
1486249891818	-2.24887	1.6388	-2.17503	1.88089	2.30442	-1.6618	-0.957911	-0.114122	0.719119	0.330264	-0.00507829	-0.93455	0.00810083	-0.355704	4.47055	-4.33338	3.56909	-0.986798	-0.626243	2.74259	-0.385258	1.56909	-8.15052	15.6655	2.23516	-1.10006	-0.537483	
1486249891858	-2.24887	1.6388	-2.17503	1.88089	2.30442	-1.6618	-0.957911	-0.114122	0.719119	0.330263	-0.00507818	-0.93455	0.00810133	-0.355704	4.46666	-4.31572	3.56855	-0.984819	-0.624346	2.73706	-0.384877	1.5555	-8.15806	15.6371	2.2253	-1.09824	-0.534853	
1486249891988	-2.24887	1.6388	-2.17503	1.8809	2.30442	-1.6618	-0.957911	-0.114123	0.71912	0.330264	-0.00507738	-0.93455	0.00809859	-0.355703	4.46415	-4.32491	3.57868	-0.978361	-0.628914	2.72823	-0.380949	1.59029	-8.149	15.6276	2.22287	-1.09204	-0.53195	
1486249892018	-2.24887	1.6388	-2.17503	1.8809	2.30442	-1.6618	-0.957911	-0.114123	0.71912	0.330264	-0.00507652	-0.93455	0.00809769	-0.355703	4.44125	-4.32327	3.57171	-0.984951	-0.628151	2.72637	-0.380169	1.58472	-8.09968	15.6178	2.22233	-1.09177	-0.529692	
1486249892038	-2.24887	1.6388	-2.17503	1.8809	2.30442	-1.6618	-0.957911	-0.114123	0.71912	0.330264	-0.00507641	-0.93455	0.00809819	-0.355703	4.44916	-4.32572	3.57131	-0.983172	-0.630706	2.72573	-0.379356	1.58285	-8.11092	15.6151	2.2244	-1.08874	-0.530144	
1486249892088	-2.24887	1.6388	-2.17503	1.8809	2.30442	-1.6618	-0.957911	-0.114123	0.71912	0.330264	-0.00507641	-0.93455	0.00809819	-0.355703	4.4313	-4.31977	3.56275	-0.981104	-0.633103	2.72225	-0.38117	1.59027	-8.07269	15.5786	2.22274	-1.08598	-0.529922	
1486249892098	-2.24887	1.6388	-2.17503	1.8809	2.30442	-1.6618	-0.957911	-0.114123	0.71912	0.330264	-0.00507641	-0.93455	0.00809819	-0.355703	4.4313	-4.31977	3.56275	-0.981104	-0.633103	2.72225	-0.38117	1.59027	-8.07269	15.5786	2.22274	-1.08598	-0.529922	
1486249892108	-2.24887	1.6388	-2.17503	1.8809	2.30442	-1.6618	-0.957911	-0.114123	0.71912	0.330264	-0.00507641	-0.93455	0.00809819	-0.355703	4.42305	-4.3326	3.56816	-0.983338	-0.63566	2.71836	-0.381152	1.61298	-8.05306	15.5871	2.2236	-1.08317	-0.530546	
1486249892148	-2.24887	1.6388	-2.17503	1.8809	2.30442	-1.6618	-0.957911	-0.114123	0.719121	0.330264	-0.00507602	-0.93455	0.00809749	-0.355703	4.41588	-4.31982	3.56822	-0.982239	-0.636918	2.7151	-0.378965	1.60166	-8.04458	15.5655	2.21814	-1.08048	-0.52584	
1486249892168	-2.24887	1.6388	-2.17503	1.8809	2.30442	-1.6618	-0.957911	-0.114123	0.71912	0.330264	-0.00507591	-0.93455	0.00809799	-0.355704	4.43004	-4.31643	3.56641	-0.976562	-0.63726	2.71572	-0.37889	1.5978	-8.07172	15.5566	2.21878	-1.07979	-0.527038	
1486249892218	-2.24887	1.6388	-2.17503	1.8809	2.30442	-1.6618	-0.957911	-0.114123	0.71912	0.330264	-0.00507591	-0.93455	0.00809799	-0.355704	4.40168	-4.32114	3.56371	-0.983343	-0.634855	2.71253	-0.378796	1.61136	-8.01326	15.5558	2.21726	-1.08147	-0.525656	
1486249892288	-2.24887	1.6388	-2.17503	1.8809	2.30442	-1.6618	-0.957911	-0.114124	0.719121	0.330264	-0.00507541	-0.93455	0.0080978	-0.355704	4.40474	-4.32677	3.56376	-0.976737	-0.633872	2.70866	-0.374718	1.63095	-8.00958	15.5482	2.21808	-1.08084	-0.524364	
1486249892298	-2.24887	1.6388	-2.17503	1.8809	2.30442	-1.6618	-0.957911	-0.114124	0.719121	0.330264	-0.00507502	-0.93455	0.00809701	-0.355703	4.40474	-4.32677	3.56376	-0.976737	-0.633872	2.70866	-0.374718	1.63095	-8.00958	15.5482	2.21808	-1.08084	-0.524364	
1486249892368	-2.24887	1.6388	-2.17503	1.8809	2.30442	-1.6618	-0.957911	-0.114124	0.719121	0.330264	-0.00507502	-0.93455	0.00809701	-0.355703	4.39459	-4.31281	3.55936	-0.973654	-0.629557	2.70118	-0.376328	1.63281	-8.00347	15.5124	2.2079	-1.08061	-0.524646	
1486249892378	-2.24887	1.6388	-2.17503	1.8809	2.30442	-1.6618	-0.957911	-0.114124	0.719121	0.330264	-0.00507502	-0.93455	0.00809701	-0.355703	4.39459	-4.31281	3.55936	-0.973654	-0.629557	2.70118	-0.376328	1.63281	-8.00347	15.5124	2.2079	-1.08061	-0.524646	
1486249892388	-2.24887	1.6388	-2.17503	1.8809	2.30442	-1.6618	-0.957911	-0.114124	0.719121	0.330264	-0.00507502	-0.93455	0.00809701	-0.355703	4.4046	-4.29907	3.55536	-0.970251	-0.630602	2.70296	-0.376875	1.61022	-8.02805	15.4945	2.20622	-1.0794	-0.524049	
1486249892398	-2.24887	1.6388	-2.17503	1.8809	2.30442	-1.6618	-0.957911	-0.114124	0.719121	0.330264	-0.00507452	-0.93455	0.00809681	-0.355704	4.4046	-4.29907	3.55536	-0.970251	-0.630602	2.70296	-0.376875	1.61022	-8.02805	15.4945	2.20622	-1.0794	-0.524049	
1486249892408	-2.24887	1.6388	-2.17503	1.8809	2.30442	-1.6618	-0.957911	-0.114124	0.719121	0.330264	-0.00507452	-0.93455	0.00809681	-0.355704	4.41812	-4.30525	3.56242	-0.967466	-0.633339	2.70396	-0.37732	1.61847	-8.05512	15.5074	2.2081	-1.07797	-0.525469	
1486249892418	-2.24887	1.6388	-2.17503	1.8809	2.30442	-1.6618	-0.957911	-0.114124	0.719121	0.330264	-0.00507452	-0.93455	0.00809681	-0.355704	4.41812	-4.30525	3.56242	-0.967466	-0.633339	2.70396	-0.37732	1.61847	-8.05512	15.5074	2.2081	-1.07797	-0.525469	
1486249892438	-2.24887	1.6388	-2.17503	1.8809	2.30442	-1.6618	-0.957911	-0.114124	0.719121	0.330264	-0.00507452	-0.93455	0.00809681	-0.355704	4.39696	-4.29992	3.55548	-0.973184	-0.630355	2.70337	-0.377568	1.61127	-8.01383	15.4982	2.20605	-1.08022	-0.523804	
1486249892518	-2.24887	1.6388	-2.17503	1.8809	2.30442	-1.6618	-0.957911	-0.114124	0.719121	0.330264	-0.00507452	-0.93455	0.00809681	-0.355704	4.40993	-4.30426	3.56078	-0.964342	-0.637813	2.70114	-0.378574	1.63033	-8.03654	15.4847	2.20762	-1.07404	-0.525309	
1486249892528	-2.24887	1.6388	-2.17504	1.8809	2.30442	-1.6618	-0.957911	-0.114124	0.719121	0.330264	-0.00507452	-0.93455	0.00809681	-0.355704	4.43589	-4.29802	3.56232	-0.956363	-0.638502	2.70113	-0.378373	1.62094	-8.09242	15.4764	2.20649	-1.07209	-0.526872	
1486249892548	-2.24887	1.6388	-2.17504	1.8809	2.30442	-1.6618	-0.957911	-0.114124	0.719121	0.330264	-0.00507392	-0.93455	0.00809658	-0.355704	4.42458	-4.29578	3.55939	-0.961964	-0.633908	2.69907	-0.378666	1.61483	-8.07535	15.4775	2.20307	-1.07428	-0.526902	
1486249892558	-2.24887	1.6388	-2.17504	1.8809	2.30442	-1.6618	-0.957911	-0.114124	0.719121	0.330264	-0.00507392	-0.93455	0.00809658	-0.355704	4.42458	-4.29578	3.55939	-0.961964	-0.633908	2.69907	-0.378666	1.61483	-8.07535	15.4775	2.20307	-1.07428	-0.526902	
1486249892618	-2.24887	1.6388	-2.17504	1.8809	2.30442	-1.6618	-0.957911	-0.114124	0.719121	0.330265	-0.00507426	-0.93455	0.00809614	-0.355704	4.43174	-4.28905	3.55036	-0.954125	-0.634848	2.69661	-0.375767	1.60913	-8.08018	15.4458	2.20392	-1.0712	-0.525772	
1486249892668	-2.24887	1.6388	-2.17504	1.8809	2.30442	-1.6618	-0.957911	-0.114124	0.719121	0.330265	-0.00507426	-0.93455	0.00809614	-0.355704	4.42007	-4.29258	3.55624	-0.959193	-0.635665	2.69178	-0.377604	1.6187	-8.06645	15.4492	2.19945	-1.06886	-0.526269	
1486249892808	-2.24887	1.6388	-2.17504	1.8809	2.30442	-1.6618	-0.957911	-0.114125	0.719121	0.330265	-0.00507376	-0.93455	0.00809594	-0.355704	4.37939	-4.29675	3.54775	-0.963716	-0.636584	2.68509	-0.375646	1.63967	-7.9736	15.423	2.19888	-1.06668	-0.522598	
1486249892828	-2.24887	1.6388	-2.17504	1.8809	2.30442	-1.6618	-0.957911	-0.114125	0.719121	0.330265	-0.00507376	-0.93455	0.00809594	-0.355704	4.37616	-4.29469	3.54545	-0.96205	-0.637367	2.6847	-0.374053	1.63964	-7.96272	15.4138	2.1994	-1.06602	-0.520766	
1486249892848	-2.24887	1.6388	-2.17504	1.8809	2.30442	-1.6618	-0.957911	-0.114125	0.719121	0.330265	-0.00507376	-0.93455	0.00809594	-0.355704	4.39471	-4.3097	3.55236	-0.960385	-0.639344	2.68381	-0.373318	1.65227	-7.99461	15.4357	2.20343	-1.0635	-0.523837	
1486249892878	-2.24887	1.6388	-2.17504	1.8809	2.30442	-1.6618	-0.957911	-0.114125	0.719121	0.330265	-0.00507376	-0.93455	0.00809594	-0.355704	4.37534	-4.28998	3.54302	-0.962682	-0.636205	2.68225	-0.373314	1.63081	-7.96393	15.4045	2.19683	-1.06487	-0.520177	
1486249892898	-2.24887	1.6388	-2.17504	1.8809	2.30442	-1.6618	-0.957911	-0.114125	0.719121	0.330265	-0.00507376	-0.93455	0.00809594	-0.355704	4.3762	-4.29729	3.54463	-0.962853	-0.638112	2.68079	-0.374133	1.64115	-7.96312	15.4077	2.19838	-1.06286	-0.521947	
1486249892968	-2.24887	1.6388	-2.17504	1.8809	2.30442	-1.6618	-0.957911	-0.114125	0.719121	0.330265	-0.00507376	-0.93455	0.00809594	-0.355704	4.36934	-4.28347	3.53921	-0.963379	-0.63592	2.68033	-0.372149	1.62131	-7.95269	15.3904	2.19468	-1.06364	-0.518244	
1486249893008	-2.24887	1.6388	-2.17504	1.8809	2.30442	-1.6618	-0.957911	-0.114125	0.719121	0.330265	-0.00507376	-0.93455	0.00809594	-0.355704	4.38108	-4.28179	3.54207	-0.955867	-0.637368	2.68152	-0.372941	1.63079	-7.97681	15.3846	2.19487	-1.06376	-0.519178	
1486249893018	-2.24887	1.6388	-2.17504	1.8809	2.30442	-1.6618	-0.957911	-0.114125	0.719121	0.330265	-0.00507376	-0.93455	0.00809594	-0.355704	4.38108	-4.28179	3.54207	-0.955867	-0.637368	2.68152	-0.372941	1.63079	-7.97681	15.3846	2.19487	-1.06376	-0.519178	
1486249893118	-2.24887	1.6388	-2.17504	1.8809	2.30442	-1.6618	-0.957911	-0.114125	0.719121	0.330265	-0.00507376	-0.93455	0.00809594	-0.355704	4.37568	-4.27797	3.54098	-0.95619	-0.640506	2.67654	-0.37176	1.62603	-7.96701	15.3657	2.19217	-1.0583	-0.517286	
1486249893158	-2.24887	1.6388	-2.17504	1.8809	2.30442	-1.6618	-0.957911	-0.114125	0.719121	0.330265	-0.00507376	-0.93455	0.00809594	-0.355704	4.36977	-4.27675	3.53873	-0.956755	-0.638904	2.67413	-0.370352	1.62627	-7.95435	15.3591	2.19064	-1.05824	-0.516162	
1486249893168	-2.24887	1.6388	-2.17504	1.8809	2.30442	-1.6618	-0.957911	-0.114125	0.719121	0.330265	-0.00507376	-0.93455	0.00809594	-0.355704	4.36683	-4.27631	3.53749	-0.958585	-0.637425	2.67341	-0.369598	1.62268	-7.94862	15.3601	2.18998	-1.05873	-0.515641	
1486249893178	-2.24887	1.6388	-2.17504	1.8809	2.30442	-1.6618	-0.957911	-0.114125	0.719121	0.330265	-0.00507376	-0.93455	0.00809594	-0.355704	4.36683	-4.27631	3.53749	-0.958585	-0.637425	2.67341	-0.369598	1.62268	-7.94862	15.3601	2.18998	-1.05873	-0.515641	
1486249893188	-2.24887	1.6388	-2.17504	1.8809	2.30442	-1.6618	-0.957911	-0.114125	0.719121	0.330265	-0.00507376	-0.93455	0.00809594	-0.355704	4.37426	-4.25974	3.53279	-0.953069	-0.636774	2.67438	-0.369798	1.60458	-7.96929	15.3357	2.18657	-1.05891	-0.514459	
1486249893208	-2.24887	1.6388	-2.17504	1.8809	2.30442	-1.6618	-0.957911	-0.114125	0.719121	0.330265	-0.00507376	-0.93455	0.00809594	-0.355704	4.35994	-4.28798	3.54266	-0.962916	-0.637134	2.67071	-0.370934	1.64032	-7.93665	15.376	2.18977	-1.05843	-0.517696	
1486249893228	-2.24887	1.6388	-2.17504	1.8809	2.30442	-1.6618	-0.957911	-0.114125	0.719121	0.330265	-0.00507376	-0.93455	0.00809594	-0.355704	4.36548	-4.27193	3.53445	-0.961337	-0.635514	2.67166	-0.371654	1.61261	-7.95336	15.3538	2.18691	-1.05842	-0.51753	
1486249893248	-2.24887	1.6388	-2.17504	1.8809	2.30442	-1.6618	-0.957911	-0.114125	0.719122	0.330265	-0.00507326	-0.93455	0.00809574	-0.355705	4.37764	-4.28151	3.53938	-0.95694	-0.636189	2.67116	-0.371754	1.63093	-7.97438	15.3639	2.18912	-1.05811	-0.520021	
1486249893328	-2.24887	1.6388	-2.17504	1.8809	2.30442	-1.6618	-0.957911	-0.114125	0.719122	0.330265	-0.00507326	-0.93455	0.00809574	-0.355705	4.37073	-4.27703	3.53963	-0.954805	-0.633412	2.67007	-0.371114	1.63829	-7.96374	15.3568	2.1859	-1.06074	-0.518437	
1486249893428	-2.24887	1.6388	-2.17504	1.8809	2.30442	-1.6618	-0.957911	-0.114125	0.719122	0.330265	-0.00507326	-0.93455	0.00809574	-0.355705	4.3836	-4.28743	3.54437	-0.956743	-0.634743	2.66792	-0.370431	1.63899	-7.98826	15.374	2.18769	-1.05741	-0.520689	
1486249893438	-2.24887	1.6388	-2.17504	1.8809	2.30442	-1.6618	-0.957911	-0.114125	0.719122	0.330265	-0.00507326	-0.93455	0.00809574	-0.355705	4.3836	-4.28743	3.54437	-0.956743	-0.634743	2.66792	-0.370431	1.63899	-7.98826	15.374	2.18769	-1.05741	-0.520689	
1486249893528	-2.24887	1.6388	-2.17504	1.8809	2.30442	-1.6618	-0.957911	-0.114125	0.719122	0.330265	-0.00507326	-0.93455	0.00809574	-0.355705	4.36601	-4.28612	3.53404	-0.954888	-0.638859	2.66355	-0.372276	1.64961	-7.94544	15.3356	2.18824	-1.0526	-0.521484	
1486249893558	-2.24887	1.6388	-2.17504	1.8809	2.30442	-1.6618	-0.957911	-0.114125	0.719122	0.330265	-0.00507326	-0.93455	0.00809574	-0.355705	4.35705	-4.28359	3.52999	-0.961821	-0.63747	2.66264	-0.372959	1.63423	-7.93092	15.3354	2.18682	-1.05221	-0.521526	
1486249893568	-2.24887	1.6388	-2.17504	1.8809	2.30442	-1.6618	-0.957911	-0.114125	0.719121	0.330266	-0.00507358	-0.934549	0.00809534	-0.355705	4.35796	-4.29132	3.53232	-0.960299	-0.637819	2.66091	-0.373152	1.6507	-7.92993	15.3394	2.18783	-1.05171	-0.523042	
1486249893598	-2.24887	1.6388	-2.17504	1.8809	2.30442	-1.6618	-0.957911	-0.114125	0.719121	0.330266	-0.00507358	-0.934549	0.00809534	-0.355705	4.3575	-4.27382	3.52262	-0.958863	-0.635848	2.66161	-0.37222	1.62277	-7.93163	15.3133	2.18498	-1.05211	-0.520801	
1486249893638	-2.24887	1.6388	-2.17504	1.8809	2.30442	-1.6618	-0.957911	-0.114125	0.719121	0.330266	-0.00507358	-0.934549	0.00809534	-0.355705	4.37454	-4.27113	3.5316	-0.944102	-0.63864	2.66326	-0.371454	1.64746	-7.96568	15.3055	2.18459	-1.0529	-0.51963	
1486249893648	-2.24887	1.6388	-2.17504	1.8809	2.30442	-1.6618	-0.957911	-0.114125	0.719121	0.330266	-0.00507358	-0.934549	0.00809534	-0.355705	4.36375	-4.28989	3.53397	-0.955653	-0.639464	2.66204	-0.371445	1.65362	-7.93773	15.3361	2.189	-1.05136	-0.521326	
1486249893668	-2.24887	1.6388	-2.17504	1.8809	2.30442	-1.6618	-0.957911	-0.114125	0.719121	0.330266	-0.00507358	-0.934549	0.00809534	-0.355705	4.3609	-4.26781	3.52345	-0.955083	-0.636648	2.66313	-0.371667	1.62045	-7.93941	15.3066	2.1843	-1.05259	-0.519167	
1486249893708	-2.24887	1.6388	-2.17504	1.8809	2.30442	-1.6618	-0.957911	-0.114125	0.719121	0.330266	-0.00507358	-0.934549	0.00809534	-0.355705	4.36652	-4.2778	3.53041	-0.949451	-0.637001	2.66147	-0.371115	1.64977	-7.94751	15.3145	2.1852	-1.05304	-0.520299	
1486249893718	-2.24887	1.6388	-2.17504	1.8809	2.30442	-1.6618	-0.957911	-0.114125	0.719121	0.330266	-0.00507358	-0.934549	0.00809534	-0.355705	4.36652	-4.2778	3.53041	-0.949451	-0.637001	2.66147	-0.371115	1.64977	-7.94751	15.3145	2.1852	-1.05304	-0.520299	
1486249893788	-2.24887	1.6388	-2.17504	1.8809	2.30442	-1.6618	-0.957911	-0.114125	0.719121	0.330266	-0.00507358	-0.934549	0.00809534	-0.355705	4.36383	-4.27968	3.52881	-0.9497	-0.636164	2.6581	-0.368455	1.65098	-7.93807	15.31	2.18473	-1.05158	-0.518986	
1486249893809	-2.24887	1.6388	-2.17504	1.8809	2.30442	-1.6618	-0.957911	-0.114125	0.719121	0.330266	-0.00507358	-0.934549	0.00809534	-0.355705	4.36037	-4.2685	3.52036	-0.952538	-0.633332	2.6576	-0.369792	1.62801	-7.93715	15.2941	2.18163	-1.05201	-0.519582	
1486249893818	-2.24887	1.6388	-2.17504	1.8809	2.30442	-1.6618	-0.957911	-0.114125	0.719121	0.330266	-0.00507358	-0.934549	0.00809534	-0.355705	4.36037	-4.2685	3.52036	-0.952538	-0.633332	2.6576	-0.369792	1.62801	-7.93715	15.2941	2.18163	-1.05201	-0.519582	
1486249893828	-2.24887	1.6388	-2.17504	1.8809	2.30442	-1.6618	-0.957911	-0.114125	0.719121	0.330266	-0.00507358	-0.934549	0.00809534	-0.355705	4.34969	-4.28857	3.52735	-0.959501	-0.634418	2.65479	-0.370775	1.65357	-7.91271	15.3209	2.18403	-1.05093	-0.521869	
1486249893838	-2.24887	1.6388	-2.17504	1.8809	2.30442	-1.6618	-0.957911	-0.114125	0.719121	0.330266	-0.00507358	-0.934549	0.00809534	-0.355705	4.34969	-4.28857	3.52735	-0.959501	-0.634418	2.65479	-0.370775	1.65357	-7.91271	15.3209	2.18403	-1.05093	-0.521869	
1486249893848	-2.24887	1.6388	-2.17504	1.8809	2.30442	-1.6618	-0.957911	-0.114125	0.719121	0.330266	-0.00507358	-0.934549	0.00809534	-0.355705	4.36345	-4.27504	3.52357	-0.949117	-0.63671	2.65703	-0.370514	1.64473	-7.93938	15.2937	2.18372	-1.04998	-0.520763	
1486249893858	-2.24887	1.6388	-2.17504	1.8809	2.30442	-1.6618	-0.957911	-0.114125	0.719121	0.330266	-0.00507358	-0.934549	0.00809534	-0.355705	4.36345	-4.27504	3.52357	-0.949117	-0.63671	2.65703	-0.370514	1.64473	-7.93938	15.2937	2.18372	-1.04998	-0.520763	
1486249893868	-2.24887	1.6388	-2.17504	1.8809	2.30442	-1.6618	-0.957911	-0.114125	0.719122	0.330265	-0.00507326	-0.93455	0.00809574	-0.355705	4.36294	-4.27578	3.52182	-0.95273	-0.636434	2.65849	-0.370236	1.63448	-7.93676	15.3008	2.18525	-1.0502	-0.520674	
1486249893888	-2.24887	1.6388	-2.17504	1.8809	2.30442	-1.6618	-0.957911	-0.114125	0.719121	0.330266	-0.00507358	-0.934549	0.00809534	-0.355705	4.36053	-4.28567	3.52568	-0.953925	-0.636938	2.65733	-0.371089	1.65136	-7.93042	15.3123	2.18649	-1.05005	-0.522369	
1486249893898	-2.24887	1.6388	-2.17504	1.8809	2.30442	-1.6618	-0.957911	-0.114125	0.719121	0.330266	-0.00507358	-0.934549	0.00809534	-0.355705	4.36053	-4.28567	3.52568	-0.953925	-0.636938	2.65733	-0.371089	1.65136	-7.93042	15.3123	2.18649	-1.05005	-0.522369	
1486249893948	-2.24887	1.6388	-2.17504	1.8809	2.30442	-1.6618	-0.957911	-0.114125	0.719121	0.330266	-0.00507358	-0.934549	0.00809534	-0.355705	4.36592	-4.27845	3.52674	-0.949546	-0.640479	2.65367	-0.37088	1.64741	-7.94563	15.2907	2.18313	-1.04503	-0.521405	
1486249893958	-2.24887	1.6388	-2.17504	1.8809	2.30442	-1.6618	-0.957911	-0.114125	0.719121	0.330266	-0.00507358	-0.934549	0.00809534	-0.355705	4.36592	-4.27845	3.52674	-0.949546	-0.640479	2.65367	-0.37088	1.64741	-7.94563	15.2907	2.18313	-1.04503	-0.521405	
1486249893968	-2.24887	1.63879	-2.17504	1.8809	2.30442	-1.6618	-0.957911	-0.114125	0.719121	0.330266	-0.00507358	-0.934549	0.00809534	-0.355705	4.36895	-4.25818	3.5177	-0.94805	-0.638267	2.65395	-0.369587	1.61314	-7.95711	15.2639	2.17901	-1.04492	-0.518806	
1486249893988	-2.24887	1.6388	-2.17504	1.8809	2.30442	-1.6618	-0.957911	-0.114125	0.719121	0.330265	-0.00507345	-0.934549	0.00809595	-0.355705	4.36673	-4.27653	3.52244	-0.950979	-0.63766	2.65239	-0.370665	1.63897	-7.94817	15.2872	2.1821	-1.04554	-0.522339	
1486249894038	-2.24887	1.6388	-2.17504	1.8809	2.30442	-1.6618	-0.957911	-0.114125	0.719121	0.330266	-0.00507358	-0.934549	0.00809534	-0.355705	4.36589	-4.2737	3.52457	-0.947397	-0.636499	2.65055	-0.369892	1.64757	-7.94935	15.2803	2.17927	-1.04628	-0.521246	
1486249894048	-2.24887	1.6388	-2.17504	1.8809	2.30442	-1.6618	-0.957911	-0.114125	0.719121	0.330266	-0.00507358	-0.934549	0.00809534	-0.355705	4.36811	-4.2963	3.53645	-0.949178	-0.63836	2.64919	-0.369569	1.68056	-7.94842	15.3146	2.18317	-1.04567	-0.523329	
1486249894078	-2.24887	1.6388	-2.17504	1.8809	2.30442	-1.6618	-0.957911	-0.114126	0.719122	0.330266	-0.00507288	-0.934549	0.00809507	-0.355705	4.35098	-4.27078	3.5199	-0.95563	-0.633183	2.64927	-0.368542	1.63177	-7.92102	15.2823	2.17738	-1.04738	-0.519238	
1486249894088	-2.24887	1.6388	-2.17504	1.8809	2.30442	-1.6618	-0.957911	-0.114125	0.719121	0.330266	-0.00507358	-0.934549	0.00809534	-0.355705	4.36059	-4.28002	3.524	-0.95249	-0.636253	2.6488	-0.368922	1.64631	-7.93565	15.2889	2.18039	-1.04507	-0.52131	
1486249894128	-2.24887	1.6388	-2.17504	1.8809	2.30442	-1.6618	-0.957911	-0.114125	0.719121	0.330266	-0.00507358	-0.934549	0.00809534	-0.355705	4.36311	-4.26325	3.51698	-0.947564	-0.635695	2.64924	-0.369848	1.62977	-7.94584	15.259	2.17693	-1.04506	-0.520533	
1486249894138	-2.24887	1.6388	-2.17504	1.8809	2.30442	-1.6618	-0.957911	-0.114125	0.719121	0.330266	-0.00507358	-0.934549	0.00809534	-0.355705	4.36311	-4.26325	3.51698	-0.947564	-0.635695	2.64924	-0.369848	1.62977	-7.94584	15.259	2.17693	-1.04506	-0.520533	
1486249894148	-2.24887	1.6388	-2.17504	1.8809	2.30442	-1.6618	-0.957911	-0.114125	0.719121	0.330266	-0.00507358	-0.934549	0.00809534	-0.355705	4.36052	-4.27557	3.52239	-0.953503	-0.635618	2.64922	-0.369512	1.63729	-7.93879	15.2856	2.17918	-1.04531	-0.5213	
1486249894168	-2.24887	1.6388	-2.17504	1.8809	2.30442	-1.6618	-0.957911	-0.114125	0.719121	0.330266	-0.00507358	-0.934549	0.00809534	-0.355705	4.36426	-4.27078	3.51976	-0.94912	-0.637785	2.64917	-0.369168	1.63487	-7.94371	15.2696	2.17952	-1.04344	-0.520666	
1486249894178	-2.24887	1.6388	-2.17504	1.8809	2.30442	-1.6618	-0.957911	-0.114125	0.719121	0.330266	-0.00507358	-0.934549	0.00809534	-0.355705	4.36426	-4.27078	3.51976	-0.94912	-0.637785	2.64917	-0.369168	1.63487	-7.94371	15.2696	2.17952	-1.04344	-0.520666	
1486249894198	-2.24887	1.6388	-2.17504	1.8809	2.30442	-1.6618	-0.957911	-0.114125	0.719121	0.330266	-0.00507358	-0.934549	0.00809534	-0.355705	4.36701	-4.28671	3.52932	-0.949416	-0.640433	2.64759	-0.36879	1.65962	-7.94543	15.2914	2.18211	-1.04173	-0.521844	
1486249894229	-2.24887	1.6388	-2.17504	1.8809	2.30442	-1.6618	-0.957911	-0.114126	0.719122	0.330266	-0.00507288	-0.934549	0.00809507	-0.355705	4.35461	-4.28025	3.52317	-0.952904	-0.638019	2.64659	-0.369197	1.64974	-7.9232	15.28	2.17971	-1.0428	-0.521041	
1486249894248	-2.24887	1.6388	-2.17504	1.8809	2.30442	-1.6618	-0.957911	-0.114126	0.719122	0.330266	-0.00507288	-0.934549	0.00809507	-0.355705	4.36116	-4.27827	3.5224	-0.950181	-0.639953	2.64653	-0.36985	1.64735	-7.93619	15.272	2.18005	-1.04088	-0.521851	
1486249894258	-2.24887	1.6388	-2.17504	1.8809	2.30442	-1.6618	-0.957911	-0.114125	0.719121	0.330266	-0.00507358	-0.934549	0.00809534	-0.355705	4.36116	-4.27827	3.5224	-0.950181	-0.639953	2.64653	-0.36985	1.64735	-7.93619	15.272	2.18005	-1.04088	-0.521851	
1486249894268	-2.24887	1.6388	-2.17504	1.8809	2.30442	-1.6618	-0.957911	-0.114126	0.719122	0.330266	-0.00507288	-0.934549	0.00809507	-0.355705	4.36067	-4.26129	3.51349	-0.944867	-0.637766	2.64648	-0.369599	1.63251	-7.93791	15.2398	2.17653	-1.04198	-0.520321	
1486249894278	-2.24887	1.6388	-2.17504	1.8809	2.30442	-1.6618	-0.957911	-0.114126	0.719122	0.330266	-0.00507288	-0.934549	0.00809507	-0.355705	4.36067	-4.26129	3.51349	-0.944867	-0.637766	2.64648	-0.369599	1.63251	-7.93791	15.2398	2.17653	-1.04198	-0.520321	
1486249894288	-2.24887	1.6388	-2.17504	1.8809	2.30442	-1.6618	-0.957911	-0.114125	0.719121	0.330266	-0.00507358	-0.934549	0.00809534	-0.355705	4.35465	-4.27464	3.5159	-0.951175	-0.636796	2.64511	-0.36973	1.64269	-7.92282	15.2612	2.17866	-1.04217	-0.522081	
1486249894298	-2.24887	1.6388	-2.17504	1.8809	2.30442	-1.6618	-0.957911	-0.114125	0.719121	0.330266	-0.00507358	-0.934549	0.00809534	-0.355705	4.35465	-4.27464	3.5159	-0.951175	-0.636796	2.64511	-0.36973	1.64269	-7.92282	15.2612	2.17866	-1.04217	-0.522081	
1486249894308	-2.24887	1.6388	-2.17504	1.8809	2.30442	-1.6618	-0.957911	-0.114126	0.719122	0.330266	-0.00507288	-0.934549	0.00809507	-0.355705	4.35991	-4.27499	3.51404	-0.945375	-0.637202	2.64416	-0.369037	1.6517	-7.92853	15.2498	2.17956	-1.0416	-0.522578	
1486249894318	-2.24887	1.6388	-2.17504	1.8809	2.30442	-1.6618	-0.957911	-0.114126	0.719122	0.330266	-0.00507288	-0.934549	0.00809507	-0.355705	4.35991	-4.27499	3.51404	-0.945375	-0.637202	2.64416	-0.369037	1.6517	-7.92853	15.2498	2.17956	-1.0416	-0.522578	
1486249894328	-2.24887	1.6388	-2.17504	1.8809	2.30442	-1.6618	-0.957911	-0.114125	0.719121	0.330266	-0.00507358	-0.934549	0.00809534	-0.355705	4.35764	-4.28049	3.51563	-0.947202	-0.637691	2.64328	-0.370731	1.65985	-7.92506	15.2554	2.1799	-1.0411	-0.524536	
1486249894338	-2.24887	1.6388	-2.17504	1.8809	2.30442	-1.6618	-0.957911	-0.114125	0.719121	0.330266	-0.00507358	-0.934549	0.00809534	-0.355705	4.35764	-4.28049	3.51563	-0.947202	-0.637691	2.64328	-0.370731	1.65985	-7.92506	15.2554	2.1799	-1.0411	-0.524536	
1486249894348	-2.24887	1.6388	-2.17504	1.8809	2.30442	-1.6618	-0.957911	-0.114125	0.719121	0.330266	-0.00507358	-0.934549	0.00809534	-0.355705	4.35722	-4.26176	3.50764	-0.94002	-0.63721	2.64473	-0.37172	1.64811	-7.92775	15.2198	2.1767	-1.04226	-0.523073	
1486249894368	-2.24887	1.6388	-2.17504	1.8809	2.30442	-1.6618	-0.957911	-0.114125	0.719121	0.330266	-0.00507358	-0.934549	0.00809534	-0.355705	4.35464	-4.27305	3.51594	-0.948594	-0.635479	2.64334	-0.371735	1.65164	-7.92794	15.2528	2.17604	-1.04281	-0.524012	
1486249894388	-2.24887	1.6388	-2.17504	1.8809	2.30442	-1.6618	-0.957911	-0.114125	0.719121	0.330266	-0.00507358	-0.934549	0.00809534	-0.355705	4.35804	-4.26487	3.51192	-0.944297	-0.6355	2.64435	-0.370804	1.64399	-7.93309	15.2373	2.17571	-1.04301	-0.522636	
1486249894398	-2.24887	1.6388	-2.17504	1.8809	2.30442	-1.6618	-0.957911	-0.114126	0.719122	0.330266	-0.00507288	-0.934549	0.00809507	-0.355705	4.35804	-4.26487	3.51192	-0.944297	-0.6355	2.64435	-0.370804	1.64399	-7.93309	15.2373	2.17571	-1.04301	-0.522636	
1486249894448	-2.24887	1.6388	-2.17504	1.8809	2.30442	-1.6618	-0.957911	-0.114126	0.719122	0.330266	-0.00507288	-0.934549	0.00809507	-0.355705	4.36262	-4.26713	3.52083	-0.943075	-0.634797	2.64298	-0.370092	1.65376	-7.94863	15.2494	2.17299	-1.0436	-0.52196	
1486249894458	-2.24887	1.6388	-2.17504	1.8809	2.30442	-1.6618	-0.957911	-0.114126	0.719122	0.330266	-0.00507288	-0.934549	0.00809507	-0.355705	4.36262	-4.26713	3.52083	-0.943075	-0.634797	2.64298	-0.370092	1.65376	-7.94863	15.2494	2.17299	-1.0436	-0.52196	
1486249894468	-2.24887	1.6388	-2.17504	1.8809	2.30442	-1.6618	-0.957911	-0.114126	0.719122	0.330266	-0.00507288	-0.934549	0.00809507	-0.355705	4.36274	-4.26995	3.5217	-0.940129	-0.635638	2.64235	-0.371441	1.66751	-7.94814	15.2453	2.17329	-1.04347	-0.523449	
1486249894478	-2.24887	1.6388	-2.17504	1.8809	2.30442	-1.6618	-0.957911	-0.114126	0.719122	0.330266	-0.00507288	-0.934549	0.00809507	-0.355705	4.36274	-4.26995	3.5217	-0.940129	-0.635638	2.64235	-0.371441	1.66751	-7.94814	15.2453	2.17329	-1.04347	-0.523449	
1486249894488	-2.24887	1.6388	-2.17504	1.8809	2.30442	-1.6618	-0.957911	-0.114126	0.719122	0.330266	-0.00507288	-0.934549	0.00809507	-0.355705	4.36575	-4.27912	3.52484	-0.938043	-0.634889	2.64265	-0.37085	1.68549	-7.94904	15.2573	2.17572	-1.04507	-0.524541	
1486249894508	-2.24887	1.6388	-2.17504	1.8809	2.30442	-1.6618	-0.957911	-0.114126	0.719122	0.330266	-0.00507288	-0.934549	0.00809507	-0.355705	4.35754	-4.26548	3.51425	-0.938417	-0.631728	2.64261	-0.370021	1.66536	-7.93323	15.2338	2.17324	-1.04656	-0.522582	
1486249894518	-2.24887	1.6388	-2.17504	1.8809	2.30442	-1.6618	-0.957911	-0.114126	0.719122	0.330266	-0.00507288	-0.934549	0.00809507	-0.355705	4.35754	-4.26548	3.51425	-0.938417	-0.631728	2.64261	-0.370021	1.66536	-7.93323	15.2338	2.17324	-1.04656	-0.522582	
1486249894528	-2.24887	1.6388	-2.17504	1.8809	2.30442	-1.6618	-0.957911	-0.114126	0.719122	0.330266	-0.00507288	-0.934549	0.00809507	-0.355705	4.3582	-4.26449	3.51448	-0.939206	-0.632519	2.64237	-0.369731	1.66058	-7.93511	15.2334	2.17304	-1.04549	-0.52211	
1486249894538	-2.24887	1.6388	-2.17504	1.8809	2.30442	-1.6618	-0.957911	-0.114126	0.719122	0.330266	-0.00507288	-0.934549	0.00809507	-0.355705	4.3582	-4.26449	3.51448	-0.939206	-0.632519	2.64237	-0.369731	1.66058	-7.93511	15.2334	2.17304	-1.04549	-0.52211	
1486249894548	-2.24887	1.6388	-2.17504	1.8809	2.30442	-1.6618	-0.957911	-0.114126	0.719122	0.330266	-0.00507288	-0.934549	0.00809507	-0.355705	4.36134	-4.26508	3.51712	-0.937512	-0.634681	2.64241	-0.37035	1.66452	-7.94227	15.2326	2.17318	-1.04414	-0.522346	
1486249894558	-2.24887	1.6388	-2.17504	1.8809	2.30442	-1.6618	-0.957911	-0.114126	0.719122	0.330266	-0.00507288	-0.934549	0.00809507	-0.355705	4.36134	-4.26508	3.51712	-0.937512	-0.634681	2.64241	-0.37035	1.66452	-7.94227	15.2326	2.17318	-1.04414	-0.522346	
1486249894578	-2.24887	1.6388	-2.17504	1.8809	2.30442	-1.6618	-0.957911	-0.114126	0.719122	0.330266	-0.00507288	-0.934549	0.00809507	-0.355705	4.36049	-4.26324	3.51727	-0.940623	-0.633816	2.64233	-0.370581	1.65547	-7.94446	15.2365	2.17192	-1.04421	-0.522246	
1486249894588	-2.24887	1.6388	-2.17504	1.8809	2.30442	-1.6618	-0.957911	-0.114126	0.719122	0.330266	-0.00507288	-0.934549	0.00809507	-0.355705	4.35861	-4.26125	3.51493	-0.940959	-0.632994	2.64114	-0.36995	1.6517	-7.94045	15.2308	2.17108	-1.04388	-0.521822	
1486249894598	-2.24887	1.6388	-2.17504	1.8809	2.30442	-1.6618	-0.957911	-0.114126	0.719122	0.330266	-0.00507288	-0.934549	0.00809507	-0.355705	4.35861	-4.26125	3.51493	-0.940959	-0.632994	2.64114	-0.36995	1.6517	-7.94045	15.2308	2.17108	-1.04388	-0.521822	
1486249894618	-2.24887	1.6388	-2.17504	1.8809	2.30442	-1.6618	-0.957911	-0.114126	0.719122	0.330266	-0.00507288	-0.934549	0.00809507	-0.355705	4.35913	-4.27148	3.51772	-0.942444	-0.633519	2.64026	-0.368914	1.66229	-7.93614	15.2443	2.17363	-1.04322	-0.522449	
1486249894628	-2.24887	1.6388	-2.17504	1.8809	2.30442	-1.6618	-0.957911	-0.114126	0.719122	0.330266	-0.00507288	-0.934549	0.00809507	-0.355705	4.36221	-4.266	3.52033	-0.939381	-0.632684	2.64054	-0.36853	1.6624	-7.947	15.2411	2.17114	-1.04442	-0.521218	
1486249894678	-2.24887	1.63879	-2.17504	1.8809	2.30442	-1.6618	-0.957911	-0.114126	0.719122	0.330266	-0.00507288	-0.934549	0.00809507	-0.355705	4.36508	-4.25242	3.51866	-0.935909	-0.633239	2.64024	-0.36816	1.64814	-7.9588	15.2215	2.16739	-1.04338	-0.519053	
1486249894718	-2.24887	1.6388	-2.17504	1.8809	2.30442	-1.6618	-0.957911	-0.114126	0.719122	0.330266	-0.00507288	-0.934549	0.00809507	-0.355705	4.36148	-4.27212	3.52168	-0.940969	-0.63355	2.63766	-0.367777	1.66763	-7.94344	15.2444	2.1715	-1.04206	-0.521694	
1486249894728	-2.24887	1.6388	-2.17504	1.8809	2.30442	-1.6618	-0.957911	-0.114126	0.719122	0.330266	-0.00507288	-0.934549	0.00809507	-0.355705	4.35723	-4.28523	3.52139	-0.942011	-0.633952	2.63739	-0.367195	1.68553	-7.92446	15.2552	2.17606	-1.0423	-0.523029	
1486249894738	-2.24887	1.6388	-2.17504	1.8809	2.30442	-1.6618	-0.957911	-0.114126	0.719122	0.330266	-0.00507288	-0.934549	0.00809507	-0.355705	4.35723	-4.28523	3.52139	-0.942011	-0.633952	2.63739	-0.367195	1.68553	-7.92446	15.2552	2.17606	-1.0423	-0.523029	
1486249894748	-2.24887	1.63879	-2.17504	1.8809	2.30442	-1.6618	-0.957911	-0.114126	0.719122	0.330266	-0.00507288	-0.934549	0.00809507	-0.355705	4.3607	-4.25326	3.51481	-0.936994	-0.631821	2.63898	-0.366906	1.64692	-7.94607	15.2177	2.16782	-1.0435	-0.518641	
1486249894758	-2.24887	1.63879	-2.17504	1.8809	2.30442	-1.6618	-0.957911	-0.114126	0.719122	0.330266	-0.00507288	-0.934549	0.00809507	-0.355705	4.3607	-4.25326	3.51481	-0.936994	-0.631821	2.63898	-0.366906	1.64692	-7.94607	15.2177	2.16782	-1.0435	-0.518641	
1486249894768	-2.24887	1.6388	-2.17504	1.8809	2.30442	-1.6618	-0.957911	-0.114125	0.719122	0.330265	-0.00507275	-0.934549	0.00809567	-0.355705	4.3666	-4.26593	3.51852	-0.932295	-0.635818	2.63915	-0.367848	1.67314	-7.94909	15.2228	2.1726	-1.04171	-0.521143	
1486249894778	-2.24887	1.6388	-2.17504	1.8809	2.30442	-1.6618	-0.957911	-0.114125	0.719122	0.330265	-0.00507275	-0.934549	0.00809567	-0.355705	4.3666	-4.26593	3.51852	-0.932295	-0.635818	2.63915	-0.367848	1.67314	-7.94909	15.2228	2.1726	-1.04171	-0.521143	
1486249894788	-2.24887	1.6388	-2.17504	1.8809	2.30442	-1.6618	-0.957911	-0.114126	0.719122	0.330266	-0.00507288	-0.934549	0.00809507	-0.355705	4.35962	-4.27407	3.51923	-0.936875	-0.636526	2.63831	-0.368843	1.67983	-7.93317	15.2325	2.17418	-1.04096	-0.522486	
1486249894798	-2.24887	1.6388	-2.17504	1.8809	2.30442	-1.6618	-0.957911	-0.114126	0.719122	0.330266	-0.00507288	-0.934549	0.00809507	-0.355705	4.35962	-4.27407	3.51923	-0.936875	-0.636526	2.63831	-0.368843	1.67983	-7.93317	15.2325	2.17418	-1.04096	-0.522486	
1486249894808	-2.24887	1.6388	-2.17504	1.8809	2.30442	-1.6618	-0.957911	-0.114126	0.719122	0.330266	-0.00507288	-0.934549	0.00809507	-0.355705	4.36183	-4.26655	3.51533	-0.935276	-0.635965	2.6382	-0.369308	1.66962	-7.94017	15.2192	2.17257	-1.04068	-0.522535	
1486249894818	-2.24887	1.6388	-2.17504	1.8809	2.30442	-1.6618	-0.957911	-0.114126	0.719122	0.330266	-0.00507288	-0.934549	0.00809507	-0.355705	4.36183	-4.26655	3.51533	-0.935276	-0.635965	2.6382	-0.369308	1.66962	-7.94017	15.2192	2.17257	-1.04068	-0.522535	
1486249894868	-2.24887	1.6388	-2.17504	1.8809	2.30442	-1.6618	-0.957911	-0.114126	0.719122	0.330266	-0.00507288	-0.934549	0.00809507	-0.355705	4.36151	-4.2736	3.5157	-0.935326	-0.635953	2.63738	-0.366814	1.67689	-7.93155	15.226	2.17512	-1.04035	-0.521707	
1486249894878	-2.24887	1.6388	-2.17504	1.8809	2.30442	-1.6618	-0.957911	-0.114126	0.719122	0.330266	-0.00507288	-0.934549	0.00809507	-0.355705	4.36151	-4.2736	3.5157	-0.935326	-0.635953	2.63738	-0.366814	1.67689	-7.93155	15.226	2.17512	-1.04035	-0.521707	
1486249894888	-2.24887	1.6388	-2.17504	1.8809	2.30442	-1.6618	-0.957911	-0.114126	0.719122	0.330266	-0.00507288	-0.934549	0.00809507	-0.355705	4.35988	-4.27864	3.51866	-0.936698	-0.637437	2.63688	-0.366593	1.68278	-7.92681	15.2332	2.17609	-1.03928	-0.521589	
1486249894908	-2.24887	1.6388	-2.17504	1.8809	2.30442	-1.6618	-0.957911	-0.114126	0.719122	0.330266	-0.00507288	-0.934549	0.00809507	-0.355705	4.36424	-4.27178	3.51543	-0.935703	-0.639015	2.6372	-0.367045	1.66875	-7.93704	15.2209	2.17557	-1.03726	-0.521469	
1486249894938	-2.24887	1.6388	-2.17504	1.8809	2.30442	-1.6618	-0.957911	-0.114126	0.719122	0.330266	-0.00507288	-0.934549	0.00809507	-0.355705	4.35967	-4.26753	3.51364	-0.93851	-0.635815	2.63643	-0.367984	1.66176	-7.9344	15.2198	2.17252	-1.03902	-0.521897	
1486249894948	-2.24887	1.6388	-2.17504	1.8809	2.30442	-1.6618	-0.957911	-0.114126	0.719122	0.330266	-0.00507288	-0.934549	0.00809507	-0.355705	4.35824	-4.27065	3.51524	-0.939732	-0.636307	2.63571	-0.367975	1.66521	-7.93135	15.2241	2.17272	-1.0384	-0.522055	
1486249894958	-2.24887	1.6388	-2.17504	1.8809	2.30442	-1.6618	-0.957911	-0.114126	0.719122	0.330266	-0.00507288	-0.934549	0.00809507	-0.355705	4.35824	-4.27065	3.51524	-0.939732	-0.636307	2.63571	-0.367975	1.66521	-7.93135	15.2241	2.17272	-1.0384	-0.522055	
1486249894968	-2.24887	1.6388	-2.17504	1.8809	2.30442	-1.6618	-0.957911	-0.114126	0.719122	0.330266	-0.00507288	-0.934549	0.00809507	-0.355705	4.36126	-4.27737	3.51915	-0.939278	-0.636397	2.63361	-0.366554	1.67507	-7.93536	15.2323	2.1731	-1.03744	-0.522138	
1486249894978	-2.24887	1.6388	-2.17504	1.8809	2.30442	-1.6618	-0.957911	-0.114126	0.719122	0.330266	-0.00507288	-0.934549	0.00809507	-0.355705	4.36126	-4.27737	3.51915	-0.939278	-0.636397	2.63361	-0.366554	1.67507	-7.93536	15.2323	2.1731	-1.03744	-0.522138	
1486249895008	-2.24887	1.6388	-2.17504	1.8809	2.30442	-1.6618	-0.957911	-0.114125	0.719122	0.330265	-0.00507275	-0.934549	0.00809567	-0.355705	4.35604	-4.26559	3.51143	-0.938911	-0.6351	2.63186	-0.366136	1.65891	-7.9273	15.2081	2.16995	-1.03663	-0.520749	
1486249895028	-2.24887	1.6388	-2.17504	1.8809	2.30442	-1.6618	-0.957911	-0.114126	0.719122	0.330266	-0.00507288	-0.934549	0.00809507	-0.355705	4.35393	-4.27843	3.51529	-0.943351	-0.63576	2.6294	-0.366094	1.67005	-7.92058	15.2251	2.17163	-1.0349	-0.522433	
1486249895038	-2.24887	1.6388	-2.17504	1.8809	2.30442	-1.6618	-0.957911	-0.114126	0.719122	0.330266	-0.00507288	-0.934549	0.00809507	-0.355705	4.35393	-4.27843	3.51529	-0.943351	-0.63576	2.6294	-0.366094	1.67005	-7.92058	15.2251	2.17163	-1.0349	-0.522433	
1486249895048	-2.24887	1.63879	-2.17504	1.8809	2.30442	-1.6618	-0.957911	-0.114126	0.719122	0.330266	-0.00507288	-0.934549	0.00809507	-0.355705	4.35764	-4.25769	3.50631	-0.937281	-0.634395	2.63145	-0.366535	1.64791	-7.93243	15.1922	2.16837	-1.03619	-0.520864	
1486249895068	-2.24887	1.63879	-2.17504	1.8809	2.30442	-1.6618	-0.957911	-0.114125	0.719122	0.330265	-0.00507275	-0.934549	0.00809567	-0.355705	4.36122	-4.25437	3.51121	-0.936535	-0.634438	2.6319	-0.367008	1.64664	-7.94658	15.1962	2.16597	-1.03668	-0.520272	
1486249895078	-2.24887	1.63879	-2.17504	1.8809	2.30442	-1.6618	-0.957911	-0.114125	0.719122	0.330265	-0.00507275	-0.934549	0.00809567	-0.355705	4.36122	-4.25437	3.51121	-0.936535	-0.634438	2.6319	-0.367008	1.64664	-7.94658	15.1962	2.16597	-1.03668	-0.520272	
1486249895088	-2.24887	1.6388	-2.17504	1.8809	2.30442	-1.6618	-0.957911	-0.114125	0.719122	0.330265	-0.00507275	-0.934549	0.00809567	-0.355705	4.36405	-4.27663	3.51969	-0.938102	-0.637222	2.63168	-0.366192	1.67472	-7.94192	15.2269	2.17204	-1.03551	-0.522136	
1486249895098	-2.24887	1.6388	-2.17504	1.8809	2.30442	-1.6618	-0.957911	-0.114125	0.719122	0.330265	-0.00507275	-0.934549	0.00809567	-0.355705	4.36405	-4.27663	3.51969	-0.938102	-0.637222	2.63168	-0.366192	1.67472	-7.94192	15.2269	2.17204	-1.03551	-0.522136	
1486249895108	-2.24887	1.6388	-2.17504	1.8809	2.30442	-1.6618	-0.957911	-0.114126	0.719122	0.330266	-0.00507288	-0.934549	0.00809507	-0.355705	4.35994	-4.25231	3.51158	-0.936704	-0.636284	2.63261	-0.366148	1.64198	-7.94268	15.1943	2.16645	-1.0356	-0.518528	
1486249895138	-2.24887	1.63879	-2.17504	1.8809	2.30442	-1.6618	-0.957911	-0.114126	0.719122	0.330266	-0.00507288	-0.934549	0.00809507	-0.355705	4.35635	-4.25332	3.51248	-0.940062	-0.634092	2.63171	-0.366178	1.64024	-7.93897	15.2016	2.16492	-1.0367	-0.518672	
1486249895148	-2.24887	1.63879	-2.17504	1.8809	2.30442	-1.6618	-0.957911	-0.114125	0.719122	0.330265	-0.00507275	-0.934549	0.00809567	-0.355705	4.36034	-4.25165	3.50871	-0.936443	-0.633846	2.63244	-0.366643	1.64162	-7.94389	15.1922	2.16604	-1.03716	-0.519769	
1486249895158	-2.24887	1.63879	-2.17504	1.8809	2.30442	-1.6618	-0.957911	-0.114125	0.719122	0.330265	-0.00507275	-0.934549	0.00809567	-0.355705	4.36034	-4.25165	3.50871	-0.936443	-0.633846	2.63244	-0.366643	1.64162	-7.94389	15.1922	2.16604	-1.03716	-0.519769	
1486249895168	-2.24887	1.6388	-2.17504	1.8809	2.30442	-1.6618	-0.957911	-0.114125	0.719122	0.330265	-0.00507275	-0.934549	0.00809567	-0.355705	4.35813	-4.27083	3.51776	-0.936582	-0.636867	2.63028	-0.368033	1.67742	-7.93523	15.2115	2.16898	-1.03561	-0.522532	
1486249895178	-2.24887	1.6388	-2.17504	1.8809	2.30442	-1.6618	-0.957911	-0.114125	0.719122	0.330265	-0.00507275	-0.934549	0.00809567	-0.355705	4.35813	-4.27083	3.51776	-0.936582	-0.636867	2.63028	-0.368033	1.67742	-7.93523	15.2115	2.16898	-1.03561	-0.522532	
1486249895188	-2.24887	1.6388	-2.17504	1.8809	2.30442	-1.6618	-0.957911	-0.114125	0.719122	0.330265	-0.00507275	-0.934549	0.00809567	-0.355705	4.35929	-4.2615	3.5127	-0.936524	-0.636367	2.63053	-0.367402	1.65894	-7.93906	15.1984	2.1676	-1.035	-0.521305	
1486249895208	-2.24887	1.6388	-2.17504	1.8809	2.30442	-1.6618	-0.957911	-0.114126	0.719122	0.330266	-0.00507288	-0.934549	0.00809507	-0.355705	4.35357	-4.27159	3.51533	-0.941958	-0.636028	2.62855	-0.367243	1.6662	-7.92623	15.2142	2.16854	-1.03431	-0.522238	
1486249895218	-2.24887	1.6388	-2.17504	1.8809	2.30442	-1.6618	-0.957911	-0.114126	0.719122	0.330266	-0.00507288	-0.934549	0.00809507	-0.355705	4.35357	-4.27159	3.51533	-0.941958	-0.636028	2.62855	-0.367243	1.6662	-7.92623	15.2142	2.16854	-1.03431	-0.522238	
1486249895228	-2.24887	1.6388	-2.17504	1.8809	2.30442	-1.6618	-0.957911	-0.114126	0.719122	0.330266	-0.00507288	-0.934549	0.00809507	-0.355705	4.35473	-4.27081	3.51787	-0.94117	-0.635821	2.62706	-0.367943	1.66984	-7.93335	15.2129	2.16633	-1.03393	-0.522724	
1486249895258	-2.24887	1.6388	-2.17504	1.8809	2.30442	-1.6618	-0.957911	-0.114126	0.719122	0.330266	-0.00507288	-0.934549	0.00809507	-0.355705	4.34918	-4.26821	3.51092	-0.942033	-0.633816	2.62808	-0.369242	1.66596	-7.92051	15.2047	2.16694	-1.0358	-0.523934	
1486249895308	-2.24887	1.6388	-2.17504	1.8809	2.30442	-1.6618	-0.957911	-0.114126	0.719122	0.330266	-0.00507288	-0.934549	0.00809507	-0.355705	4.35796	-4.27564	3.51366	-0.938396	-0.634732	2.62899	-0.369376	1.67982	-7.93327	15.2125	2.16989	-1.03602	-0.525722	
1486249895328	-2.24887	1.6388	-2.17504	1.8809	2.30442	-1.6618	-0.957911	-0.114126	0.719122	0.330266	-0.00507288	-0.934549	0.00809507	-0.355705	4.35487	-4.26541	3.51012	-0.940727	-0.633759	2.63043	-0.368622	1.65846	-7.93052	15.2059	2.16808	-1.03664	-0.523356	
1486249895348	-2.24887	1.63879	-2.17504	1.8809	2.30442	-1.6618	-0.957911	-0.114126	0.719122	0.330266	-0.00507288	-0.934549	0.00809507	-0.355705	4.36502	-4.25738	3.51059	-0.936295	-0.634815	2.63115	-0.368978	1.65016	-7.9552	15.1956	2.1664	-1.03574	-0.523107	
1486249895368	-2.24887	1.6388	-2.17504	1.8809	2.30442	-1.6618	-0.957911	-0.114126	0.719122	0.330266	-0.00507288	-0.934549	0.00809507	-0.355705	4.35672	-4.25781	3.50979	-0.941624	-0.633478	2.63008	-0.368855	1.64425	-7.94081	15.2004	2.16523	-1.03592	-0.522585	
1486249895378	-2.24887	1.6388	-2.17504	1.8809	2.30442	-1.6618	-0.957911	-0.114125	0.719122	0.330265	-0.00507275	-0.934549	0.00809567	-0.355705	4.35672	-4.25781	3.50979	-0.941624	-0.633478	2.63008	-0.368855	1.64425	-7.94081	15.2004	2.16523	-1.03592	-0.522585	
1486249895398	-2.24887	1.63879	-2.17504	1.8809	2.30442	-1.6618	-0.957911	-0.114126	0.719122	0.330266	-0.00507288	-0.934549	0.00809507	-0.355705	4.36382	-4.26108	3.51212	-0.935125	-0.635665	2.63041	-0.368689	1.65994	-7.95029	15.1964	2.16713	-1.03529	-0.523113	
1486249895418	-2.24887	1.63879	-2.17504	1.8809	2.30442	-1.6618	-0.957911	-0.114125	0.719122	0.330265	-0.00507275	-0.934549	0.00809567	-0.355705	4.36382	-4.26108	3.51212	-0.935125	-0.635665	2.63041	-0.368689	1.65994	-7.95029	15.1964	2.16713	-1.03529	-0.523113	
1486249895428	-2.24887	1.63879	-2.17504	1.8809	2.30442	-1.6618	-0.957911	-0.114125	0.719122	0.330265	-0.00507275	-0.934549	0.00809567	-0.355705	4.36078	-4.26059	3.51296	-0.93596	-0.63238	2.62927	-0.368416	1.66288	-7.94795	15.1997	2.16478	-1.03751	-0.523033	
1486249895438	-2.24887	1.63879	-2.17504	1.8809	2.30442	-1.6618	-0.957911	-0.114125	0.719122	0.330265	-0.00507275	-0.934549	0.00809567	-0.355705	4.36078	-4.26059	3.51296	-0.93596	-0.63238	2.62927	-0.368416	1.66288	-7.94795	15.1997	2.16478	-1.03751	-0.523033	
1486249895458	-2.24887	1.6388	-2.17504	1.8809	2.30442	-1.6618	-0.957911	-0.114125	0.719122	0.330265	-0.00507275	-0.934549	0.00809567	-0.355705	4.35677	-4.27737	3.51744	-0.941935	-0.633915	2.62947	-0.367273	1.67459	-7.9315	15.2275	2.16976	-1.03674	-0.523566	
1486249895468	-2.24887	1.6388	-2.17504	1.8809	2.30442	-1.6618	-0.957911	-0.114125	0.719122	0.330265	-0.00507275	-0.934549	0.00809567	-0.355705	4.36338	-4.26864	3.51621	-0.936273	-0.63521	2.63058	-0.367169	1.66941	-7.94593	15.2121	2.16877	-1.03627	-0.522526	
1486249895528	-2.24887	1.63879	-2.17504	1.8809	2.30442	-1.6618	-0.957911	-0.114125	0.719122	0.330265	-0.00507275	-0.934549	0.00809567	-0.355705	4.36173	-4.26762	3.51577	-0.934869	-0.638868	2.62901	-0.369829	1.67399	-7.94492	15.1982	2.16808	-1.03292	-0.52411	
1486249895558	-2.24887	1.63879	-2.17504	1.8809	2.30442	-1.6618	-0.957911	-0.114125	0.719122	0.330265	-0.00507275	-0.934549	0.00809567	-0.355705	4.36519	-4.24963	3.51186	-0.930908	-0.636852	2.63021	-0.368517	1.65289	-7.95806	15.178	2.16386	-1.0344	-0.520971	
1486249895588	-2.24887	1.63879	-2.17504	1.8809	2.30443	-1.6618	-0.957911	-0.114125	0.719122	0.330265	-0.00507275	-0.934549	0.00809567	-0.355705	4.36069	-4.27192	3.51744	-0.936524	-0.638146	2.62942	-0.36802	1.67587	-7.93931	15.2094	2.16948	-1.03377	-0.523005	
1486249895598	-2.24887	1.63879	-2.17504	1.8809	2.30443	-1.6618	-0.957911	-0.114125	0.719122	0.330265	-0.00507275	-0.934549	0.00809567	-0.355705	4.36069	-4.27192	3.51744	-0.936524	-0.638146	2.62942	-0.36802	1.67587	-7.93931	15.2094	2.16948	-1.03377	-0.523005	
1486249895628	-2.24887	1.63879	-2.17504	1.8809	2.30442	-1.6618	-0.957911	-0.114125	0.719122	0.330265	-0.00507275	-0.934549	0.00809567	-0.355705	4.36459	-4.25753	3.51604	-0.932922	-0.638331	2.62905	-0.368604	1.66173	-7.95582	15.1893	2.16493	-1.03298	-0.521667	
1486249895638	-2.24887	1.63879	-2.17504	1.8809	2.30442	-1.6618	-0.957911	-0.114125	0.719122	0.330265	-0.00507275	-0.934549	0.00809567	-0.355705	4.36459	-4.25753	3.51604	-0.932922	-0.638331	2.62905	-0.368604	1.66173	-7.95582	15.1893	2.16493	-1.03298	-0.521667	
1486249895648	-2.24887	1.63879	-2.17504	1.8809	2.30443	-1.6618	-0.957911	-0.114125	0.719122	0.330265	-0.00507275	-0.934549	0.00809567	-0.355705	4.36685	-4.24717	3.51045	-0.931138	-0.638467	2.62967	-0.368531	1.64518	-7.96155	15.1717	2.16375	-1.03223	-0.520782	
1486249895658	-2.24887	1.63879	-2.17504	1.8809	2.30443	-1.6618	-0.957911	-0.114125	0.719122	0.330265	-0.00507275	-0.934549	0.00809567	-0.355705	4.36685	-4.24717	3.51045	-0.931138	-0.638467	2.62967	-0.368531	1.64518	-7.96155	15.1717	2.16375	-1.03223	-0.520782	
1486249895678	-2.24887	1.63879	-2.17504	1.8809	2.30442	-1.6618	-0.957911	-0.114126	0.719122	0.330265	-0.00507235	-0.93455	0.00809489	-0.355705	4.34129	-4.2729	3.51438	-0.942437	-0.636268	2.6256	-0.367011	1.67708	-7.90037	15.2051	2.16722	-1.03352	-0.521353	
1486249895698	-2.24887	1.63879	-2.17504	1.8809	2.30442	-1.6618	-0.957911	-0.114125	0.719122	0.330265	-0.00507275	-0.934549	0.00809567	-0.355705	4.35998	-4.27334	3.51948	-0.936018	-0.63772	2.62564	-0.366693	1.68127	-7.93927	15.2066	2.16727	-1.03219	-0.522419	
1486249895708	-2.24887	1.63879	-2.17504	1.8809	2.30442	-1.6618	-0.957911	-0.114125	0.719122	0.330265	-0.00507275	-0.934549	0.00809567	-0.355705	4.3563	-4.26811	3.51373	-0.936226	-0.636379	2.62447	-0.366769	1.67343	-7.9322	15.193	2.16596	-1.03203	-0.522413	
1486249895728	-2.24887	1.63879	-2.17504	1.8809	2.30442	-1.6618	-0.957911	-0.114125	0.719122	0.330265	-0.00507275	-0.934549	0.00809567	-0.355705	4.35604	-4.26609	3.5104	-0.937091	-0.635191	2.62438	-0.36751	1.66773	-7.93261	15.189	2.16558	-1.03237	-0.523383	
1486249895738	-2.24887	1.63879	-2.17504	1.8809	2.30442	-1.6618	-0.957911	-0.114125	0.719122	0.330265	-0.00507275	-0.934549	0.00809567	-0.355705	4.35604	-4.26609	3.5104	-0.937091	-0.635191	2.62438	-0.36751	1.66773	-7.93261	15.189	2.16558	-1.03237	-0.523383	
1486249895748	-2.24887	1.63879	-2.17504	1.8809	2.30442	-1.6618	-0.957911	-0.114125	0.719122	0.330265	-0.00507275	-0.934549	0.00809567	-0.355705	4.35397	-4.2681	3.51101	-0.935634	-0.635051	2.6241	-0.367476	1.67686	-7.92688	15.1883	2.16585	-1.03301	-0.523433	
1486249895758	-2.24887	1.63879	-2.17504	1.8809	2.30442	-1.6618	-0.957911	-0.114125	0.719122	0.330265	-0.00507275	-0.934549	0.00809567	-0.355705	4.35397	-4.2681	3.51101	-0.935634	-0.635051	2.6241	-0.367476	1.67686	-7.92688	15.1883	2.16585	-1.03301	-0.523433	
1486249895788	-2.24887	1.63879	-2.17504	1.8809	2.30442	-1.6618	-0.957913	-0.114125	0.719122	0.330265	-0.00507256	-0.934549	0.0080952	-0.355706	4.35749	-4.26672	3.50864	-0.935517	-0.633865	2.626	-0.36583	1.66844	-7.93002	15.1912	2.1675	-1.03428	-0.522478	
1486249895798	-2.24887	1.63879	-2.17504	1.8809	2.30442	-1.6618	-0.957913	-0.114126	0.719122	0.330266	-0.00507207	-0.934549	0.00809537	-0.355705	4.35749	-4.26672	3.50864	-0.935517	-0.633865	2.626	-0.36583	1.66844	-7.93002	15.1912	2.1675	-1.03428	-0.522478	
1486249895808	-2.24887	1.63879	-2.17504	1.8809	2.30442	-1.6618	-0.957911	-0.114125	0.719122	0.330265	-0.00507194	-0.934549	0.00809598	-0.355705	4.36114	-4.26703	3.50884	-0.933781	-0.635364	2.62669	-0.366018	1.66939	-7.93564	15.1894	2.16863	-1.03347	-0.522744	
1486249895818	-2.24887	1.63879	-2.17504	1.8809	2.30442	-1.6618	-0.957911	-0.114125	0.719122	0.330265	-0.00507194	-0.934549	0.00809598	-0.355705	4.36114	-4.26703	3.50884	-0.933781	-0.635364	2.62669	-0.366018	1.66939	-7.93564	15.1894	2.16863	-1.03347	-0.522744	
1486249895828	-2.24887	1.63879	-2.17504	1.8809	2.30442	-1.6618	-0.957913	-0.114125	0.719122	0.330265	-0.00507275	-0.934549	0.00809567	-0.355705	4.35849	-4.2655	3.50904	-0.935714	-0.633983	2.62648	-0.367409	1.66747	-7.9355	15.191	2.16682	-1.03445	-0.523565	
1486249895838	-2.24887	1.63879	-2.17504	1.8809	2.30442	-1.6618	-0.957913	-0.114125	0.719122	0.330265	-0.00507275	-0.934549	0.00809567	-0.355705	4.35849	-4.2655	3.50904	-0.935714	-0.633983	2.62648	-0.367409	1.66747	-7.9355	15.191	2.16682	-1.03445	-0.523565	
1486249895858	-2.24887	1.63879	-2.17504	1.8809	2.30442	-1.6618	-0.957911	-0.114125	0.719122	0.330265	-0.00507194	-0.934549	0.00809598	-0.355705	4.36205	-4.26301	3.51037	-0.932565	-0.63527	2.62665	-0.368601	1.67096	-7.94524	15.1846	2.16598	-1.03391	-0.52412	
1486249895888	-2.24887	1.63879	-2.17504	1.8809	2.30442	-1.6618	-0.957911	-0.114125	0.719122	0.330265	-0.00507275	-0.934549	0.00809567	-0.355705	4.35928	-4.26936	3.51354	-0.936931	-0.635389	2.62339	-0.367526	1.67262	-7.94043	15.1946	2.16528	-1.03178	-0.524023	
1486249895908	-2.24887	1.63879	-2.17504	1.8809	2.30442	-1.6618	-0.957911	-0.114125	0.719122	0.330265	-0.00507275	-0.934549	0.00809567	-0.355705	4.34256	-4.26995	3.50992	-0.940225	-0.634431	2.62228	-0.367353	1.67705	-7.90435	15.1893	2.16497	-1.03267	-0.522828	
1486249895938	-2.24887	1.63879	-2.17504	1.8809	2.30442	-1.6618	-0.957913	-0.114125	0.719122	0.330265	-0.00507275	-0.934549	0.00809567	-0.355705	4.35357	-4.27358	3.51262	-0.938544	-0.637145	2.62297	-0.367318	1.67688	-7.92419	15.1948	2.16719	-1.03045	-0.523805	
1486249895958	-2.24887	1.6388	-2.17504	1.8809	2.30442	-1.6618	-0.957913	-0.114125	0.719122	0.330265	-0.00507194	-0.934549	0.00809598	-0.355705	4.3596	-4.28984	3.5203	-0.9375	-0.637754	2.62193	-0.367589	1.70355	-7.93228	15.2167	2.17006	-1.03048	-0.526549	
1486249895978	-2.24887	1.63879	-2.17504	1.8809	2.30442	-1.6618	-0.957913	-0.114125	0.719122	0.330266	-0.00507188	-0.934549	0.0080949	-0.355706	4.35051	-4.26548	3.50645	-0.938479	-0.634374	2.62337	-0.367003	1.66501	-7.91916	15.183	2.16563	-1.0322	-0.523082	
