time	
531.566	
531.566	
531.58	
531.594	
531.608	
531.622	
531.622	
531.636	
531.636	
531.65	
531.664	
531.664	
531.678	
531.692	
531.706	
531.706	
531.72	
531.734	
531.734	
531.748	
531.762	
531.776	
531.776	
531.79	
531.804	
531.804	
531.818	
531.832	
531.846	
531.846	
531.86	
531.874	
531.874	
531.888	
531.902	
531.916	
531.916	
531.93	
531.944	
531.944	
531.958	
531.972	
531.986	
531.986	
532	
532.014	
532.014	
532.028	
532.042	
532.056	
532.056	
532.071	
532.084	
532.084	
532.1	
532.112	
532.126	
532.126	
532.14	
532.154	
532.154	
532.171	
532.182	
532.196	
532.196	
532.21	
532.224	
532.224	
532.238	
532.253	
532.253	
532.27	
532.28	
532.294	
532.294	
532.308	
532.322	
532.337	
532.337	
532.351	
532.367	
532.367	
532.378	
532.392	
532.406	
532.406	
532.42	
532.434	
532.434	
532.451	
532.462	
532.476	
532.476	
532.49	
532.504	
532.504	
532.518	
532.534	
532.546	
532.546	
532.56	
532.574	
532.591	
532.591	
532.602	
532.602	
532.617	
532.63	
532.644	
532.644	
532.658	
532.672	
532.686	
532.686	
532.701	
532.714	
532.714	
532.728	
532.742	
532.756	
532.756	
532.77	
532.784	
532.784	
532.798	
532.812	
532.826	
532.826	
532.84	
532.854	
532.854	
532.868	
532.884	
532.896	
532.896	
532.91	
532.924	
532.924	
532.939	
532.952	
532.967	
532.967	
532.98	
532.994	
532.994	
533.008	
533.023	
533.036	
533.036	
533.05	
533.064	
533.064	
533.078	
533.092	
533.106	
533.106	
533.12	
533.135	
533.135	
533.15	
533.162	
533.176	
533.176	
533.19	
533.204	
533.204	
533.218	
533.234	
533.246	
533.246	
533.26	
533.274	
533.274	
533.288	
533.302	
533.317	
533.317	
533.33	
533.344	
533.344	
533.358	
533.373	
533.386	
533.386	
533.4	
533.414	
533.414	
533.428	
533.442	
533.456	
533.456	
533.47	
533.484	
533.484	
533.498	
533.512	
533.526	
533.526	
533.54	
533.554	
533.554	
533.568	
533.582	
533.596	
533.596	
533.61	
533.624	
533.624	
533.638	
533.652	
533.666	
533.666	
533.68	
533.694	
533.694	
533.708	
533.722	
533.736	
533.736	
533.75	
533.764	
533.764	
533.778	
533.792	
533.806	
533.806	
533.82	
533.834	
533.834	
533.848	
533.862	
533.876	
533.876	
533.89	
533.904	
533.904	
533.918	
533.932	
533.946	
533.946	
533.96	
533.974	
533.974	
533.988	
534.002	
534.016	
534.016	
534.03	
534.044	
534.044	
534.058	
534.072	
534.086	
534.086	
534.1	
534.114	
534.114	
534.128	
534.142	
534.156	
534.156	
534.17	
534.184	
534.184	
534.198	
534.212	
534.226	
534.226	
534.24	
534.254	
534.254	
534.268	
534.282	
534.296	
534.296	
534.31	
534.324	
534.324	
534.338	
534.352	
534.366	
534.366	
534.38	
534.394	
534.394	
534.408	
534.422	
534.436	
534.436	
534.45	
534.464	
534.464	
534.478	
534.492	
534.506	
534.506	
534.52	
534.534	
534.534	
534.548	
534.562	
534.576	
534.576	
534.59	
534.604	
534.604	
534.618	
534.632	
534.646	
534.646	
534.66	
534.674	
534.674	
534.688	
534.702	
534.716	
534.716	
534.73	
534.744	
534.744	
534.758	
534.772	
534.786	
534.786	
534.8	
534.814	
534.814	
534.828	
534.842	
534.856	
534.856	
534.87	
534.884	
534.884	
534.898	
534.912	
534.926	
534.926	
534.94	
534.954	
534.954	
534.968	
534.982	
534.996	
534.996	
535.01	
535.024	
535.024	
535.038	
535.052	
535.066	
535.066	
535.08	
535.094	
535.094	
535.108	
535.122	
535.136	
535.136	
535.15	
535.164	
535.164	
535.178	
535.192	
535.206	
535.206	
535.22	
535.234	
535.234	
535.248	
535.262	
535.276	
535.276	
535.29	
535.304	
535.304	
535.318	
535.332	
535.346	
535.346	
535.36	
535.374	
535.374	
535.388	
535.402	
535.416	
535.416	
535.43	
535.444	
535.444	
535.458	
535.472	
535.486	
535.486	
535.5	
535.514	
535.514	
535.528	
535.542	
535.556	
535.556	
535.57	
535.584	
535.584	
535.598	
535.612	
535.626	
535.626	
535.64	
535.654	
535.654	
535.668	
535.682	
535.696	
535.696	
535.71	
535.724	
535.724	
535.738	
535.752	
535.766	
535.766	
535.78	
535.794	
535.794	
535.808	
535.822	
535.836	
535.836	
535.85	
535.864	
535.864	
535.878	
535.892	
535.906	
535.906	
535.92	
535.934	
535.934	
535.948	
535.962	
535.976	
535.976	
535.99	
536.004	
536.004	
536.018	
536.032	
536.046	
536.046	
536.06	
536.074	
536.074	
536.088	
536.102	
536.116	
536.116	
536.13	
536.144	
536.144	
536.158	
536.172	
536.186	
536.186	
536.2	
536.214	
536.214	
536.228	
536.242	
536.256	
536.256	
536.27	
536.284	
536.284	
536.298	
536.312	
536.326	
536.326	
536.34	
536.354	
536.354	
536.368	
536.382	
536.396	
536.396	
536.41	
536.424	
536.424	
536.438	
536.452	
536.466	
536.466	
536.48	
536.494	
536.494	
536.508	
536.522	
536.536	
536.536	
536.55	
536.564	
536.564	
536.578	
536.592	
536.606	
536.606	
536.62	
536.634	
536.634	
536.648	
536.662	
536.676	
536.676	
536.69	
536.704	
536.704	
536.718	
536.732	
536.746	
536.746	
536.76	
536.774	
536.774	
536.788	
536.802	
536.816	
536.816	
536.83	
536.844	
536.844	
536.858	
536.872	
536.886	
536.886	
536.9	
536.914	
536.914	
536.928	
536.942	
536.956	
536.956	
536.97	
536.984	
536.984	
536.998	
537.012	
537.026	
537.026	
537.04	
537.054	
537.054	
537.068	
537.083	
537.096	
537.096	
537.11	
537.124	
537.124	
537.138	
537.152	
537.166	
537.166	
537.18	
537.194	
537.194	
537.208	
537.222	
537.236	
537.236	
537.25	
537.264	
537.264	
537.278	
537.292	
537.306	
537.306	
537.32	
537.334	
537.334	
537.348	
537.362	
537.376	
537.376	
537.39	
537.404	
537.404	
537.418	
537.432	
537.446	
537.446	
537.46	
537.474	
537.474	
537.488	
537.502	
537.516	
537.516	
537.53	
537.544	
537.544	
537.558	
537.572	
537.586	
537.586	
537.6	
537.614	
537.614	
537.628	
537.642	
537.656	
537.656	
537.67	
537.684	
537.684	
537.698	
537.712	
537.726	
537.726	
537.74	
537.754	
537.754	
537.768	
537.782	
537.796	
537.796	
537.81	
537.824	
537.824	
537.838	
537.852	
537.866	
537.866	
537.88	
537.894	
537.894	
537.908	
537.922	
537.936	
537.936	
537.95	
537.964	
537.964	
537.978	
537.992	
538.006	
538.006	
538.02	
538.034	
538.034	
538.048	
538.062	
538.076	
538.076	
538.09	
538.104	
538.104	
538.118	
538.132	
538.146	
538.146	
538.16	
538.174	
538.174	
538.188	
538.202	
538.216	
538.216	
538.23	
538.244	
538.244	
538.258	
538.272	
538.286	
538.286	
538.3	
538.314	
538.314	
538.328	
538.342	
538.356	
538.356	
538.37	
538.384	
538.384	
538.398	
538.412	
538.426	
538.426	
538.44	
538.454	
538.454	
538.468	
538.482	
538.496	
538.496	
538.51	
538.524	
538.524	
538.538	
538.552	
538.566	
538.566	
538.58	
538.594	
538.594	
538.608	
538.622	
538.636	
538.636	
538.65	
538.664	
538.664	
538.678	
538.692	
538.706	
538.706	
538.72	
538.734	
538.734	
538.748	
538.762	
538.776	
538.776	
538.79	
538.804	
538.804	
538.818	
538.832	
538.846	
538.846	
538.86	
538.874	
538.874	
538.888	
538.902	
538.916	
538.916	
538.93	
538.944	
538.944	
538.958	
538.972	
538.986	
538.986	
539	
539.014	
539.014	
539.028	
539.042	
539.056	
539.056	
539.07	
539.084	
539.084	
539.098	
539.112	
539.126	
539.126	
539.14	
539.154	
539.154	
539.168	
539.182	
539.196	
539.196	
539.21	
539.224	
539.224	
539.238	
539.252	
539.266	
539.266	
539.28	
539.294	
539.294	
539.308	
539.322	
539.336	
539.336	
539.35	
539.364	
539.364	
539.378	
539.392	
539.406	
539.406	
539.42	
539.434	
539.434	
539.448	
539.462	
539.476	
539.476	
539.49	
539.504	
539.504	
539.518	
539.532	
539.546	
539.546	
539.56	
539.574	
539.574	
539.588	
539.602	
539.616	
539.616	
539.63	
539.644	
539.644	
539.658	
539.672	
539.686	
539.686	
539.7	
539.714	
539.714	
539.728	
539.742	
539.756	
539.756	
539.77	
539.784	
539.784	
539.798	
539.812	
539.826	
539.826	
539.84	
539.854	
539.854	
539.868	
539.882	
539.896	
539.896	
539.91	
539.924	
539.924	
539.938	
539.952	
539.966	
539.966	
539.98	
539.994	
539.994	
540.008	
540.022	
540.036	
540.036	
540.05	
540.064	
540.064	
540.078	
540.092	
540.106	
540.106	
540.12	
540.134	
540.134	
540.148	
540.162	
540.176	
540.176	
540.19	
540.204	
540.204	
540.218	
540.232	
540.246	
540.246	
540.26	
540.274	
540.274	
540.288	
540.302	
540.316	
540.316	
540.33	
540.344	
540.344	
540.358	
540.372	
540.386	
540.386	
540.4	
540.414	
540.414	
540.428	
540.442	
540.456	
540.456	
540.47	
540.484	
540.484	
540.498	
540.512	
540.526	
540.526	
540.54	
540.554	
540.554	
540.568	
540.582	
540.596	
540.596	
540.61	
540.624	
540.624	
540.638	
540.652	
540.666	
540.666	
540.68	
540.694	
540.694	
540.708	
540.722	
540.736	
540.736	
540.75	
540.764	
540.764	
540.778	
540.792	
540.806	
540.806	
540.82	
540.834	
540.834	
540.848	
540.862	
540.876	
540.876	
540.89	
540.904	
540.904	
540.918	
540.932	
540.946	
540.946	
540.96	
540.974	
540.974	
540.988	
541.002	
541.016	
541.016	
541.03	
541.044	
541.044	
541.058	
541.072	
541.086	
541.086	
541.1	
541.114	
541.114	
541.128	
541.142	
541.156	
541.156	
541.17	
541.184	
541.184	
541.198	
541.212	
541.226	
541.226	
541.24	
541.254	
541.254	
541.268	
541.282	
541.296	
541.296	
541.31	
541.324	
541.324	
541.338	
541.352	
541.366	
541.366	
541.38	
541.394	
541.394	
541.408	
541.422	
541.436	
541.436	
541.45	
541.464	
541.464	
541.478	
541.492	
541.506	
541.506	
541.52	
541.534	
541.534	
541.548	
541.562	
541.576	
541.576	
541.59	
541.604	
541.604	
541.618	
541.632	
541.646	
541.646	
541.66	
541.674	
541.674	
541.688	
541.702	
541.716	
541.716	
541.73	
541.744	
541.744	
541.758	
541.772	
541.786	
541.786	
541.8	
541.814	
541.814	
541.828	
541.842	
541.856	
541.856	
541.87	
541.884	
541.884	
541.898	
541.912	
541.926	
541.926	
541.94	
541.954	
541.954	
541.968	
541.982	
541.996	
541.996	
542.01	
542.024	
542.024	
542.038	
542.052	
542.066	
542.066	
542.08	
542.094	
542.094	
542.108	
542.122	
542.136	
542.136	
542.15	
542.164	
542.164	
542.178	
542.192	
542.206	
542.206	
542.22	
542.234	
542.234	
542.248	
542.262	
542.276	
542.276	
542.29	
542.304	
542.304	
542.318	
542.332	
542.346	
542.346	
542.36	
542.374	
542.374	
542.388	
542.402	
542.416	
542.416	
542.43	
542.444	
542.444	
542.458	
542.472	
542.486	
542.486	
542.5	
542.514	
542.514	
542.528	
542.542	
542.556	
542.556	
542.57	
542.584	
542.584	
542.598	
542.612	
542.626	
542.626	
542.64	
542.654	
542.654	
542.668	
542.682	
542.696	
542.696	
542.71	
542.724	
542.724	
542.738	
542.752	
542.766	
542.766	
542.78	
542.794	
542.794	
542.808	
542.822	
542.836	
542.836	
542.85	
542.864	
542.864	
542.878	
542.892	
542.906	
542.906	
542.92	
542.934	
542.934	
542.948	
542.962	
542.976	
542.976	
542.99	
543.004	
543.004	
543.018	
543.032	
543.046	
543.046	
543.06	
543.074	
543.074	
543.088	
543.102	
543.116	
543.116	
543.13	
543.144	
543.144	
543.158	
543.172	
543.186	
543.186	
543.2	
543.214	
543.214	
543.228	
543.242	
543.256	
543.256	
543.27	
543.284	
543.284	
543.298	
543.312	
543.326	
543.326	
543.34	
543.354	
543.354	
543.368	
543.382	
543.396	
543.396	
543.41	
543.424	
543.424	
543.438	
543.452	
543.466	
543.466	
543.48	
543.494	
543.494	
543.508	
543.522	
543.536	
543.536	
543.55	
543.564	
543.564	
543.578	
543.592	
543.606	
543.606	
543.62	
543.634	
543.634	
543.648	
543.662	
543.676	
543.676	
543.69	
543.704	
543.704	
543.718	
543.732	
543.746	
543.746	
543.76	
543.774	
543.774	
543.788	
543.802	
543.816	
543.816	
543.83	
543.844	
543.844	
543.858	
543.872	
543.886	
543.886	
543.9	
543.914	
543.914	
543.928	
543.942	
543.956	
543.956	
543.97	
543.984	
543.984	
543.998	
544.012	
544.026	
544.026	
544.04	
544.054	
544.054	
544.068	
544.082	
544.096	
544.096	
544.11	
544.124	
544.124	
544.138	
544.152	
544.166	
544.166	
544.18	
544.194	
544.194	
544.208	
544.222	
544.236	
544.236	
544.25	
544.264	
544.264	
544.278	
544.292	
544.306	
544.306	
544.32	
544.334	
544.334	
544.348	
544.362	
544.376	
544.376	
544.39	
544.404	
544.404	
544.418	
544.432	
544.446	
544.446	
544.46	
544.474	
544.474	
544.488	
544.502	
544.516	
544.516	
