time	
2412.6	
2412.62	
2412.62	
2412.63	
2412.65	
2412.66	
2412.66	
2412.67	
2412.69	
2412.69	
2412.7	
2412.72	
2412.73	
2412.73	
2412.74	
2412.76	
2412.76	
2412.77	
2412.79	
2412.8	
2412.8	
2412.81	
2412.83	
2412.83	
2412.84	
2412.86	
2412.87	
2412.87	
2412.88	
2412.9	
2412.9	
2412.91	
2412.93	
2412.94	
2412.94	
2412.95	
2412.97	
2412.97	
2412.98	
2413	
2413.01	
2413.01	
2413.02	
2413.04	
2413.04	
2413.05	
2413.07	
2413.08	
2413.08	
2413.09	
2413.11	
2413.11	
2413.12	
2413.14	
2413.15	
2413.15	
2413.16	
2413.18	
2413.18	
2413.19	
2413.21	
2413.22	
2413.22	
2413.23	
2413.25	
2413.25	
2413.26	
2413.28	
2413.29	
2413.29	
2413.3	
2413.32	
2413.32	
2413.33	
2413.35	
2413.36	
2413.36	
2413.37	
2413.39	
2413.39	
2413.4	
2413.42	
2413.43	
2413.43	
2413.44	
2413.46	
2413.46	
2413.47	
2413.49	
2413.5	
2413.5	
2413.51	
2413.53	
2413.53	
2413.54	
2413.56	
2413.57	
2413.57	
2413.58	
2413.6	
2413.6	
2413.61	
2413.63	
2413.64	
2413.64	
2413.65	
2413.67	
2413.67	
2413.68	
2413.7	
2413.71	
2413.71	
2413.72	
2413.74	
2413.74	
2413.75	
2413.77	
2413.78	
2413.78	
2413.79	
2413.81	
2413.81	
2413.82	
2413.84	
2413.85	
2413.85	
2413.86	
2413.88	
2413.88	
2413.89	
2413.91	
2413.92	
2413.92	
2413.93	
2413.95	
2413.95	
2413.96	
2413.98	
2413.99	
2413.99	
2414	
2414.02	
2414.02	
2414.03	
2414.05	
2414.06	
2414.06	
2414.07	
2414.09	
2414.09	
2414.1	
2414.12	
2414.13	
2414.13	
2414.14	
2414.16	
2414.16	
2414.17	
2414.19	
2414.2	
2414.2	
2414.21	
2414.23	
2414.23	
2414.24	
2414.26	
2414.27	
2414.27	
2414.28	
2414.3	
2414.3	
2414.31	
2414.33	
2414.34	
2414.34	
2414.35	
2414.37	
2414.37	
2414.38	
2414.4	
2414.41	
2414.41	
2414.42	
2414.44	
2414.44	
2414.45	
2414.47	
2414.48	
2414.48	
2414.49	
2414.51	
2414.51	
2414.52	
2414.54	
2414.55	
2414.55	
2414.56	
2414.58	
2414.58	
2414.59	
2414.61	
2414.62	
2414.62	
2414.63	
2414.65	
2414.65	
2414.66	
2414.68	
2414.69	
2414.69	
2414.7	
2414.72	
2414.72	
2414.73	
2414.75	
2414.76	
2414.76	
2414.77	
2414.79	
2414.79	
2414.8	
2414.82	
2414.83	
2414.83	
2414.84	
2414.86	
2414.86	
2414.87	
2414.89	
2414.9	
2414.9	
2414.91	
2414.93	
2414.93	
2414.94	
2414.96	
2414.97	
2414.97	
2414.98	
2415	
2415	
2415.01	
2415.03	
2415.04	
2415.04	
2415.05	
2415.07	
2415.07	
2415.08	
2415.1	
2415.11	
2415.11	
2415.12	
2415.14	
2415.14	
2415.15	
2415.17	
2415.18	
2415.18	
2415.19	
2415.21	
2415.21	
2415.22	
2415.24	
2415.25	
2415.25	
2415.26	
2415.28	
2415.28	
2415.29	
2415.31	
2415.32	
2415.32	
2415.33	
2415.35	
2415.35	
2415.36	
2415.38	
2415.39	
2415.39	
2415.4	
2415.42	
2415.42	
2415.43	
2415.45	
2415.46	
2415.46	
2415.47	
2415.49	
2415.49	
2415.5	
2415.52	
2415.53	
2415.53	
2415.54	
2415.56	
2415.56	
2415.57	
2415.59	
2415.6	
2415.6	
2415.61	
2415.63	
2415.63	
2415.64	
2415.66	
2415.67	
2415.67	
2415.68	
2415.7	
2415.7	
2415.71	
2415.73	
2415.74	
2415.74	
2415.75	
2415.77	
2415.77	
2415.78	
2415.8	
2415.81	
2415.81	
2415.82	
2415.84	
2415.84	
2415.85	
2415.87	
2415.88	
2415.88	
2415.89	
2415.91	
2415.91	
2415.92	
2415.94	
2415.95	
2415.95	
2415.96	
2415.98	
2415.98	
2415.99	
2416.01	
2416.02	
2416.02	
2416.03	
2416.05	
2416.05	
2416.06	
2416.08	
2416.09	
2416.09	
2416.1	
2416.12	
2416.12	
2416.13	
2416.15	
2416.16	
2416.16	
2416.17	
2416.19	
2416.19	
2416.2	
2416.22	
2416.23	
2416.23	
2416.24	
2416.26	
2416.26	
2416.27	
2416.29	
2416.3	
2416.3	
2416.31	
2416.33	
2416.33	
2416.34	
2416.36	
2416.37	
2416.37	
2416.38	
2416.4	
2416.4	
2416.41	
2416.43	
2416.44	
2416.44	
2416.45	
2416.47	
2416.47	
2416.48	
2416.5	
2416.51	
2416.51	
2416.52	
2416.54	
2416.54	
2416.55	
2416.57	
2416.58	
2416.58	
2416.59	
2416.61	
2416.61	
2416.62	
2416.64	
2416.65	
2416.65	
2416.66	
2416.68	
2416.68	
2416.69	
2416.71	
2416.72	
2416.72	
2416.73	
2416.75	
2416.75	
2416.76	
2416.78	
2416.79	
2416.79	
2416.8	
2416.82	
2416.82	
2416.83	
2416.85	
2416.86	
2416.86	
2416.87	
2416.89	
2416.89	
2416.9	
2416.92	
2416.93	
2416.93	
2416.94	
2416.96	
2416.96	
2416.97	
2416.99	
2417	
2417	
2417.01	
2417.03	
2417.03	
2417.04	
2417.06	
2417.07	
2417.07	
2417.08	
2417.1	
2417.1	
2417.11	
2417.13	
2417.14	
2417.14	
2417.15	
2417.17	
2417.17	
2417.18	
2417.2	
2417.21	
2417.21	
2417.22	
2417.24	
2417.24	
2417.25	
2417.27	
2417.28	
2417.28	
2417.29	
2417.31	
2417.31	
2417.32	
2417.34	
2417.35	
2417.35	
2417.36	
2417.38	
2417.38	
2417.39	
2417.41	
2417.42	
2417.42	
2417.43	
2417.45	
2417.45	
2417.46	
2417.48	
2417.49	
2417.49	
2417.5	
2417.52	
2417.52	
2417.53	
2417.55	
2417.56	
2417.56	
2417.57	
2417.59	
2417.59	
2417.6	
2417.62	
2417.63	
2417.63	
2417.64	
2417.66	
2417.66	
2417.67	
2417.69	
2417.7	
2417.7	
2417.71	
2417.73	
2417.73	
2417.74	
2417.76	
2417.77	
2417.77	
2417.78	
2417.8	
2417.8	
2417.81	
2417.83	
2417.84	
2417.84	
2417.85	
2417.87	
2417.87	
2417.88	
2417.9	
2417.91	
2417.91	
2417.92	
2417.94	
2417.94	
2417.95	
2417.97	
2417.98	
2417.98	
2417.99	
2418.01	
2418.01	
2418.02	
2418.04	
2418.05	
2418.05	
2418.06	
2418.08	
2418.08	
2418.09	
2418.11	
2418.12	
2418.12	
2418.13	
2418.15	
2418.15	
2418.16	
2418.18	
2418.19	
2418.19	
2418.2	
2418.22	
2418.22	
2418.23	
2418.25	
2418.26	
2418.26	
2418.27	
2418.29	
2418.29	
2418.3	
2418.32	
2418.33	
2418.33	
2418.34	
2418.36	
2418.36	
2418.37	
2418.39	
2418.4	
2418.4	
2418.41	
2418.43	
2418.43	
2418.44	
2418.46	
2418.47	
2418.47	
2418.48	
2418.5	
2418.5	
2418.51	
2418.53	
2418.54	
2418.54	
2418.55	
2418.57	
2418.57	
2418.58	
2418.6	
2418.61	
2418.61	
2418.62	
2418.64	
2418.64	
2418.65	
2418.67	
2418.68	
2418.68	
2418.69	
2418.71	
2418.71	
2418.72	
2418.74	
2418.75	
2418.75	
2418.76	
2418.78	
2418.78	
2418.79	
2418.81	
2418.82	
2418.82	
2418.83	
2418.85	
2418.85	
2418.86	
2418.88	
2418.89	
2418.89	
2418.9	
2418.92	
2418.92	
2418.93	
2418.95	
2418.96	
2418.96	
2418.97	
2418.99	
2418.99	
2419	
2419.02	
2419.03	
2419.03	
2419.04	
2419.06	
2419.06	
2419.07	
2419.09	
2419.1	
2419.1	
2419.11	
2419.13	
2419.13	
2419.14	
2419.16	
2419.17	
2419.17	
2419.18	
2419.2	
2419.2	
2419.21	
2419.23	
2419.24	
2419.24	
2419.25	
2419.27	
2419.27	
2419.28	
2419.3	
2419.31	
2419.31	
2419.32	
2419.34	
2419.34	
2419.35	
2419.37	
2419.38	
2419.38	
2419.39	
2419.41	
2419.41	
2419.42	
2419.44	
2419.45	
2419.45	
2419.46	
2419.48	
2419.48	
2419.49	
2419.51	
2419.52	
2419.52	
2419.53	
2419.55	
2419.55	
2419.56	
2419.58	
2419.59	
2419.59	
2419.6	
2419.62	
2419.62	
2419.63	
2419.65	
2419.66	
2419.66	
2419.67	
2419.69	
2419.69	
2419.7	
2419.72	
2419.73	
2419.73	
2419.74	
2419.76	
2419.76	
2419.77	
2419.79	
2419.8	
2419.8	
2419.81	
2419.83	
2419.83	
2419.84	
2419.86	
2419.87	
2419.87	
2419.88	
2419.9	
2419.9	
2419.91	
2419.93	
2419.94	
2419.94	
2419.95	
2419.97	
2419.97	
2419.98	
2420	
2420.01	
2420.01	
2420.02	
2420.04	
2420.04	
2420.05	
2420.07	
2420.08	
2420.08	
2420.09	
2420.11	
2420.11	
2420.12	
2420.14	
2420.15	
2420.15	
2420.16	
2420.18	
2420.18	
2420.19	
2420.21	
2420.22	
2420.22	
2420.23	
2420.25	
2420.25	
2420.26	
2420.28	
2420.29	
2420.29	
2420.3	
2420.32	
2420.32	
2420.33	
2420.35	
2420.36	
2420.36	
2420.37	
2420.39	
2420.39	
2420.4	
2420.42	
2420.43	
2420.43	
2420.44	
2420.46	
2420.46	
2420.47	
2420.49	
2420.5	
2420.5	
2420.51	
2420.53	
2420.53	
2420.54	
2420.56	
2420.57	
2420.57	
2420.58	
2420.6	
2420.6	
2420.61	
2420.63	
2420.64	
2420.64	
2420.65	
2420.67	
2420.67	
2420.68	
2420.7	
2420.71	
2420.71	
2420.72	
2420.74	
2420.74	
2420.75	
2420.77	
2420.78	
2420.78	
2420.79	
2420.81	
2420.81	
2420.82	
2420.84	
2420.85	
2420.85	
2420.86	
2420.88	
2420.88	
2420.89	
2420.91	
2420.92	
2420.92	
2420.93	
2420.95	
2420.95	
2420.96	
2420.98	
2420.99	
2420.99	
2421	
2421.02	
2421.02	
2421.03	
2421.05	
2421.06	
2421.06	
2421.07	
2421.09	
2421.09	
2421.1	
2421.12	
2421.13	
2421.13	
2421.14	
2421.16	
2421.16	
2421.17	
2421.19	
2421.2	
2421.2	
2421.21	
2421.23	
2421.23	
2421.24	
2421.26	
2421.27	
2421.27	
2421.28	
2421.3	
2421.3	
2421.31	
2421.33	
2421.34	
2421.34	
2421.35	
2421.37	
2421.37	
2421.38	
2421.4	
2421.41	
2421.41	
2421.42	
2421.44	
2421.44	
2421.45	
2421.47	
2421.48	
2421.48	
2421.49	
2421.51	
2421.51	
2421.52	
2421.54	
2421.55	
2421.55	
2421.56	
2421.58	
2421.58	
2421.59	
2421.61	
2421.62	
2421.62	
2421.63	
2421.65	
2421.65	
2421.66	
2421.68	
2421.69	
2421.69	
2421.7	
2421.72	
2421.72	
2421.73	
2421.75	
2421.76	
2421.76	
2421.77	
2421.79	
2421.79	
2421.8	
2421.82	
2421.83	
2421.83	
2421.84	
2421.86	
2421.86	
2421.87	
2421.89	
2421.9	
2421.9	
2421.91	
2421.93	
2421.93	
2421.94	
2421.96	
2421.97	
2421.97	
2421.98	
2422	
2422	
2422.01	
2422.03	
2422.04	
2422.04	
2422.05	
2422.07	
2422.07	
2422.08	
2422.1	
2422.11	
2422.11	
2422.12	
2422.14	
2422.14	
2422.15	
2422.17	
2422.18	
2422.18	
2422.19	
2422.21	
2422.21	
2422.22	
2422.24	
2422.25	
2422.25	
2422.26	
2422.28	
2422.28	
2422.29	
2422.31	
2422.32	
2422.32	
2422.33	
2422.35	
2422.35	
2422.36	
2422.38	
2422.39	
2422.39	
2422.4	
2422.42	
2422.42	
2422.43	
2422.45	
2422.46	
2422.46	
2422.47	
2422.49	
2422.49	
2422.5	
2422.52	
2422.53	
2422.53	
2422.54	
2422.56	
2422.56	
2422.57	
2422.59	
2422.6	
2422.6	
2422.61	
2422.63	
2422.63	
2422.64	
2422.66	
2422.67	
2422.67	
2422.68	
2422.7	
2422.7	
2422.71	
2422.73	
2422.74	
2422.74	
2422.75	
2422.77	
2422.77	
2422.78	
2422.8	
2422.81	
2422.81	
2422.82	
2422.84	
2422.84	
2422.85	
2422.87	
2422.88	
2422.88	
2422.89	
2422.91	
2422.91	
2422.92	
2422.94	
2422.95	
2422.95	
2422.96	
2422.98	
2422.98	
2422.99	
2423.01	
2423.02	
2423.02	
2423.03	
2423.05	
2423.05	
2423.06	
2423.08	
2423.09	
2423.09	
2423.1	
2423.12	
2423.12	
2423.13	
2423.15	
2423.16	
2423.16	
2423.17	
2423.19	
2423.19	
2423.2	
2423.22	
2423.23	
2423.23	
2423.24	
2423.26	
2423.26	
2423.27	
2423.29	
2423.3	
2423.3	
2423.31	
2423.33	
2423.33	
2423.34	
2423.36	
2423.37	
2423.37	
2423.38	
2423.4	
2423.4	
2423.41	
2423.43	
2423.44	
2423.44	
2423.45	
2423.47	
2423.47	
2423.48	
2423.5	
2423.51	
2423.51	
2423.52	
2423.54	
2423.54	
2423.55	
2423.57	
2423.58	
2423.58	
2423.59	
2423.61	
2423.61	
2423.62	
2423.64	
2423.65	
2423.65	
2423.66	
2423.68	
2423.68	
2423.69	
2423.71	
2423.72	
2423.72	
2423.73	
2423.75	
2423.75	
2423.76	
2423.78	
2423.79	
2423.79	
2423.8	
2423.82	
2423.82	
2423.83	
2423.85	
2423.86	
2423.86	
2423.87	
2423.89	
2423.89	
2423.9	
2423.92	
2423.93	
2423.93	
2423.94	
2423.96	
2423.96	
2423.97	
2423.99	
2424	
2424	
2424.01	
2424.03	
2424.03	
2424.04	
2424.06	
2424.07	
2424.07	
2424.08	
2424.1	
2424.1	
2424.11	
2424.13	
2424.14	
2424.14	
2424.15	
2424.17	
2424.17	
2424.18	
2424.2	
2424.21	
2424.21	
2424.22	
2424.24	
2424.24	
2424.25	
2424.27	
2424.28	
2424.28	
2424.29	
2424.31	
2424.31	
2424.32	
2424.34	
2424.35	
2424.35	
2424.36	
2424.38	
2424.38	
2424.39	
2424.41	
2424.42	
2424.42	
2424.43	
2424.45	
2424.45	
2424.46	
2424.48	
2424.49	
2424.49	
2424.5	
2424.52	
2424.52	
2424.53	
2424.55	
2424.56	
2424.56	
2424.57	
2424.59	
2424.59	
2424.6	
2424.62	
2424.63	
2424.63	
2424.64	
2424.66	
2424.66	
2424.67	
2424.69	
2424.7	
2424.7	
2424.71	
2424.73	
2424.73	
2424.74	
2424.76	
2424.77	
2424.77	
2424.78	
2424.8	
2424.8	
2424.81	
2424.83	
2424.84	
2424.84	
2424.85	
2424.87	
2424.87	
2424.88	
2424.9	
2424.91	
2424.91	
2424.92	
2424.94	
2424.94	
2424.95	
2424.97	
2424.98	
2424.98	
2424.99	
2425.01	
2425.01	
2425.02	
2425.04	
2425.05	
2425.05	
2425.06	
2425.08	
2425.08	
2425.09	
2425.11	
2425.12	
2425.12	
2425.13	
2425.15	
2425.15	
2425.16	
2425.18	
2425.19	
2425.19	
2425.2	
2425.22	
2425.22	
2425.23	
2425.25	
2425.26	
2425.26	
2425.27	
2425.29	
2425.29	
2425.3	
2425.32	
2425.33	
2425.33	
2425.34	
2425.36	
2425.36	
2425.37	
2425.39	
2425.4	
2425.4	
2425.41	
2425.43	
2425.43	
2425.44	
2425.46	
2425.47	
2425.47	
2425.48	
2425.5	
2425.5	
2425.51	
2425.53	
2425.54	
2425.54	
2425.55	
2425.57	
