time	joint_joint0	joint_joint1	joint_joint2	joint_joint3	joint_joint4	joint_joint5	joint_joint6	cart_pos_x	cart_pos_y	cart_pos_z	cart_quat_x	cart_quat_y	cart_quat_z	cart_quat_w	force_joint_joint0	force_joint_joint1	force_joint_joint2	force_joint_joint3	force_joint_joint4	force_joint_joint5	force_joint_joint6	cart_force_x	cart_force_y	cart_force_z	cart_trq_x	cart_trq_y	cart_trq_z	
1486252082445	-2.11244	1.6361	-2.13759	1.75939	2.3798	-1.65881	-0.957758	-0.0596844	0.732995	0.336992	-0.00692951	-0.935194	0.0132643	-0.353821	0.411962	-0.905755	0.486107	0.702203	0.275706	0.131161	-0.317409	3.78306	-0.693272	0.574332	0.071877	-0.52024	-0.424129	
1486252082583	-2.11244	1.63469	-2.13743	1.76062	2.38065	-1.65821	-0.957759	-0.0594832	0.732455	0.336976	-0.00700904	-0.93502	0.0130736	-0.354284	0.557624	-1.26581	0.67359	0.82949	0.27543	0.198034	-0.328032	4.63922	-0.819697	1.02732	0.172775	-0.606339	-0.471648	
1486252082723	-2.11244	1.6344	-2.13737	1.76068	2.38066	-1.65812	-0.957759	-0.0594203	0.732359	0.336911	-0.00702604	-0.934991	0.0131692	-0.354356	0.533858	-1.59587	0.833637	0.819931	0.21849	0.160434	-0.33325	5.19927	-0.707809	1.34554	0.218194	-0.569937	-0.499567	
1486252083266	-2.11244	1.63439	-2.13736	1.76071	2.38066	-1.65812	-0.957759	-0.0594177	0.732347	0.336917	-0.00703697	-0.93499	0.0131649	-0.354361	0.563711	-1.65348	0.843675	0.818887	0.206243	0.158566	-0.337984	5.25716	-0.74565	1.39391	0.234972	-0.55836	-0.513522	
1486252083854	-2.11244	1.63438	-2.13735	1.76073	2.38066	-1.65812	-0.957759	-0.0594155	0.732338	0.336922	-0.00704629	-0.934988	0.0131607	-0.354366	0.56767	-1.64161	0.829137	0.819574	0.209505	0.161588	-0.334844	5.22446	-0.744989	1.37972	0.237739	-0.559697	-0.511896	
1486252084468	-2.11244	1.63438	-2.13734	1.76074	2.38066	-1.65812	-0.957759	-0.0594128	0.732333	0.336924	-0.00705237	-0.934987	0.0131596	-0.354367	0.524467	-1.64633	0.825666	0.798823	0.211828	0.159347	-0.336471	5.21348	-0.670078	1.40004	0.236	-0.560831	-0.510556	
1486252084475	-2.11244	1.63438	-2.13734	1.76074	2.38066	-1.65812	-0.957759	-0.0594128	0.732333	0.336924	-0.00705237	-0.934987	0.0131596	-0.354367	0.524467	-1.64633	0.825666	0.798823	0.211828	0.159347	-0.336471	5.21348	-0.670078	1.40004	0.236	-0.560831	-0.510556	
1486252084483	-2.11244	1.63438	-2.13734	1.76074	2.38066	-1.65812	-0.957759	-0.0594129	0.732333	0.336925	-0.00705266	-0.934987	0.0131592	-0.354368	0.520568	-1.6463	0.826857	0.79524	0.212282	0.159535	-0.337946	5.21025	-0.667773	1.40617	0.234886	-0.561372	-0.511197	
1486252084505	-2.11244	1.63438	-2.13734	1.76075	2.38066	-1.65812	-0.957759	-0.0594126	0.732332	0.336925	-0.00705345	-0.934987	0.0131589	-0.354368	0.513961	-1.64633	0.825035	0.797973	0.214199	0.158464	-0.339411	5.22577	-0.653994	1.39687	0.233835	-0.563509	-0.51252	
1486252084513	-2.11244	1.63438	-2.13734	1.76075	2.38066	-1.65812	-0.957759	-0.0594126	0.732332	0.336925	-0.00705345	-0.934987	0.0131589	-0.354368	0.513961	-1.64633	0.825035	0.797973	0.214199	0.158464	-0.339411	5.22577	-0.653994	1.39687	0.233835	-0.563509	-0.51252	
1486252088254	-2.11445	1.63446	-2.13735	1.76162	2.38119	-1.65859	-0.957763	-0.0601313	0.732308	0.336346	-0.00676243	-0.935335	0.0129563	-0.35346	1.32971	-2.1593	1.28786	0.574871	0.0415714	0.816953	-0.284733	4.52	-2.07217	4.07534	0.731979	-0.758221	-0.44022	
1486252088774	-2.11445	1.63446	-2.13735	1.76162	2.38119	-1.65859	-0.957763	-0.060131	0.732308	0.336345	-0.00676186	-0.935336	0.0129583	-0.353459	1.32487	-2.15821	1.28325	0.579894	0.0432253	0.817573	-0.285459	4.53454	-2.05662	4.06229	0.733012	-0.760939	-0.441099	
1486252089643	-2.11445	1.63446	-2.13735	1.76161	2.38119	-1.65859	-0.957765	-0.0601308	0.732309	0.336343	-0.00675987	-0.935336	0.0129604	-0.353458	1.32527	-2.14319	1.27594	0.575488	0.0395678	0.815469	-0.285182	4.4934	-2.06209	4.04131	0.730382	-0.754393	-0.439113	
1486252089963	-2.11445	1.63446	-2.13735	1.76161	2.38119	-1.65859	-0.957765	-0.0601307	0.732309	0.336343	-0.00675956	-0.935336	0.0129608	-0.353458	1.32621	-2.16127	1.28936	0.568978	0.041583	0.812419	-0.285752	4.51425	-2.07338	4.07785	0.72854	-0.754991	-0.441449	
1486252090793	-2.11445	1.63446	-2.13735	1.76161	2.38119	-1.65859	-0.957765	-0.0601302	0.73231	0.336341	-0.00675915	-0.935337	0.0129622	-0.353456	1.31786	-2.19467	1.29024	0.575427	0.038046	0.809668	-0.288878	4.58871	-2.03563	4.08219	0.737684	-0.754013	-0.448709	
1486252090938	-2.11445	1.63446	-2.13735	1.76161	2.38119	-1.65859	-0.957765	-0.0601306	0.73231	0.336341	-0.00675829	-0.935337	0.0129614	-0.353456	1.31751	-2.14708	1.27598	0.573614	0.0402994	0.812052	-0.287591	4.50567	-2.05054	4.03806	0.728296	-0.753774	-0.441594	
