time	
590.016	
590.03	
590.044	
590.058	
590.058	
590.072	
590.086	
590.086	
590.1	
590.114	
590.128	
590.128	
590.142	
590.156	
590.156	
590.17	
590.184	
590.198	
590.198	
590.212	
590.226	
590.226	
590.24	
590.254	
590.268	
590.268	
590.282	
590.296	
590.296	
590.31	
590.324	
590.338	
590.338	
590.352	
590.366	
590.366	
590.38	
590.394	
590.408	
590.408	
590.422	
590.436	
590.436	
590.45	
590.464	
590.478	
590.478	
590.492	
590.506	
590.506	
590.52	
590.534	
590.548	
590.548	
590.562	
590.576	
590.576	
590.59	
590.604	
590.618	
590.618	
590.632	
590.646	
590.646	
590.66	
590.674	
590.688	
590.688	
590.702	
590.716	
590.716	
590.73	
590.744	
590.758	
590.758	
590.772	
590.786	
590.786	
590.8	
590.814	
590.828	
590.828	
590.842	
590.856	
590.856	
590.87	
590.884	
590.898	
590.898	
590.912	
590.926	
590.926	
590.94	
590.954	
590.968	
590.968	
590.982	
590.996	
590.996	
591.01	
591.024	
591.038	
591.038	
591.052	
591.066	
591.066	
591.08	
591.094	
591.108	
591.108	
591.122	
591.136	
591.136	
591.15	
591.164	
591.178	
591.178	
591.192	
591.206	
591.206	
591.22	
591.234	
591.248	
591.248	
591.262	
591.276	
591.276	
591.29	
591.304	
591.318	
591.318	
591.332	
591.346	
591.346	
591.36	
591.374	
591.388	
591.388	
591.402	
591.416	
591.416	
591.43	
591.444	
591.458	
591.458	
591.472	
591.486	
591.486	
591.5	
591.514	
591.528	
591.528	
591.542	
591.556	
591.556	
591.57	
591.584	
591.598	
591.598	
591.612	
591.626	
591.626	
591.64	
591.654	
591.668	
591.668	
591.682	
591.696	
591.696	
591.71	
591.724	
591.738	
591.738	
591.752	
591.766	
591.766	
591.78	
591.794	
591.808	
591.808	
591.822	
591.836	
591.836	
591.85	
591.864	
591.878	
591.878	
591.892	
591.906	
591.906	
591.92	
591.934	
591.948	
591.948	
591.962	
591.976	
591.976	
591.99	
592.004	
592.018	
592.018	
592.032	
592.046	
592.046	
592.06	
592.074	
592.088	
592.088	
592.102	
592.116	
592.116	
592.13	
592.144	
592.158	
592.158	
592.172	
592.186	
592.186	
592.2	
592.214	
592.228	
592.228	
592.242	
592.256	
592.256	
592.27	
592.284	
592.298	
592.298	
592.312	
592.326	
592.326	
592.34	
592.354	
592.368	
592.368	
592.382	
592.396	
592.396	
592.41	
592.424	
592.438	
592.438	
592.452	
592.466	
592.466	
592.48	
592.494	
592.508	
592.508	
592.522	
592.536	
592.536	
592.55	
592.564	
592.578	
592.578	
592.592	
592.606	
592.606	
592.62	
592.634	
592.648	
592.648	
592.662	
592.676	
592.676	
592.69	
592.704	
592.718	
592.718	
592.732	
592.746	
592.746	
592.76	
592.774	
592.788	
592.788	
592.802	
592.816	
592.816	
592.83	
592.844	
592.858	
592.858	
592.872	
592.886	
592.886	
592.9	
592.914	
592.928	
592.928	
592.942	
592.956	
592.956	
592.97	
592.984	
592.998	
592.998	
593.012	
593.026	
593.026	
593.04	
593.054	
593.068	
593.068	
593.082	
593.096	
593.096	
593.11	
593.124	
593.138	
593.138	
593.152	
593.166	
593.166	
593.18	
593.194	
593.208	
593.208	
593.222	
593.236	
593.236	
593.25	
593.264	
593.278	
593.278	
593.292	
593.306	
593.306	
593.32	
593.334	
593.348	
593.348	
593.362	
593.376	
593.376	
593.39	
593.404	
593.418	
593.418	
593.432	
593.446	
593.446	
593.46	
593.474	
593.488	
593.488	
593.502	
593.516	
593.516	
593.53	
593.544	
593.558	
593.558	
593.572	
593.586	
593.586	
593.6	
593.614	
593.628	
593.628	
593.642	
593.656	
593.656	
593.67	
593.684	
593.698	
593.698	
593.712	
593.726	
593.726	
593.74	
593.754	
593.768	
593.768	
593.782	
593.796	
593.796	
593.81	
593.824	
593.838	
593.838	
593.852	
593.866	
593.866	
593.88	
593.894	
593.908	
593.908	
593.922	
593.936	
593.936	
593.95	
593.964	
593.978	
593.978	
593.992	
594.006	
594.006	
594.02	
594.034	
594.048	
594.048	
594.062	
594.076	
594.076	
594.09	
594.104	
594.118	
594.118	
594.132	
594.146	
594.146	
594.16	
594.174	
594.188	
594.188	
594.202	
594.216	
594.216	
594.23	
594.244	
594.258	
594.258	
594.272	
594.286	
594.286	
594.3	
594.314	
594.328	
594.328	
594.342	
594.356	
594.356	
594.37	
594.384	
594.398	
594.398	
594.412	
594.426	
594.426	
594.44	
594.454	
594.468	
594.468	
594.482	
594.496	
594.496	
594.51	
594.524	
594.538	
594.538	
594.552	
594.566	
594.566	
594.58	
594.594	
594.608	
594.608	
594.622	
594.636	
594.636	
594.65	
594.664	
594.678	
594.678	
594.692	
594.706	
594.706	
594.72	
594.734	
594.748	
594.748	
594.762	
594.776	
594.776	
594.79	
594.804	
594.818	
594.818	
594.832	
594.846	
594.846	
594.86	
594.874	
594.888	
594.888	
594.902	
594.916	
594.916	
594.93	
594.944	
594.958	
594.958	
594.972	
594.986	
594.986	
595	
595.014	
595.028	
595.028	
595.042	
595.056	
595.056	
595.07	
595.084	
595.098	
595.098	
595.112	
595.126	
595.126	
595.14	
595.154	
595.168	
595.168	
595.182	
595.196	
595.196	
595.21	
595.224	
595.238	
595.238	
595.252	
595.266	
595.266	
595.28	
595.294	
595.308	
595.308	
595.322	
595.336	
595.336	
595.35	
595.364	
595.378	
595.378	
595.392	
595.406	
595.406	
595.42	
595.434	
595.448	
595.448	
595.462	
595.476	
595.476	
595.49	
595.504	
595.518	
595.518	
595.532	
595.546	
595.546	
595.56	
595.574	
595.588	
595.588	
595.602	
595.616	
595.616	
595.63	
595.644	
595.658	
595.658	
595.672	
595.686	
595.686	
595.7	
595.714	
595.728	
595.728	
595.742	
595.756	
595.756	
595.77	
595.784	
595.798	
595.798	
595.812	
595.826	
595.826	
595.84	
595.854	
595.868	
595.868	
595.882	
595.896	
595.896	
595.91	
595.924	
595.938	
595.938	
595.952	
595.966	
595.966	
595.98	
595.994	
596.008	
596.008	
596.022	
596.036	
596.036	
596.05	
596.064	
596.078	
596.078	
596.092	
596.106	
596.106	
596.12	
596.134	
596.148	
596.148	
596.162	
596.176	
596.176	
596.19	
596.204	
596.218	
596.218	
596.232	
596.246	
596.246	
596.26	
596.274	
596.288	
596.288	
596.302	
596.316	
596.316	
596.33	
596.344	
596.358	
596.358	
596.372	
596.386	
596.386	
596.4	
596.414	
596.428	
596.428	
596.442	
596.456	
596.456	
596.47	
596.484	
596.498	
596.498	
596.512	
596.526	
596.526	
596.54	
596.554	
596.568	
596.568	
596.582	
596.596	
596.596	
596.61	
596.624	
596.638	
596.638	
596.652	
596.666	
596.666	
596.68	
596.694	
596.708	
596.708	
596.722	
596.736	
596.736	
596.75	
596.764	
596.778	
596.778	
596.792	
596.806	
596.806	
596.82	
596.834	
596.848	
596.848	
596.862	
596.876	
596.876	
596.89	
596.904	
596.918	
596.918	
596.932	
596.946	
596.946	
596.96	
596.974	
596.988	
596.988	
597.002	
597.016	
597.016	
597.03	
597.044	
597.058	
597.058	
597.072	
597.086	
597.086	
597.1	
597.114	
597.128	
597.128	
597.142	
597.156	
597.156	
597.17	
597.184	
597.198	
597.198	
597.212	
597.226	
597.226	
597.24	
597.254	
597.268	
597.268	
597.282	
597.296	
597.296	
597.31	
597.324	
597.338	
597.338	
597.352	
597.366	
597.366	
597.38	
597.394	
597.408	
597.408	
597.422	
597.436	
597.436	
597.45	
597.464	
597.478	
597.478	
597.492	
597.506	
597.506	
597.52	
597.534	
597.548	
597.548	
597.562	
597.576	
597.576	
597.59	
597.604	
597.618	
597.618	
597.632	
597.646	
597.646	
597.66	
597.674	
597.688	
597.688	
597.702	
597.716	
597.716	
597.73	
597.744	
597.758	
597.758	
597.772	
597.786	
597.786	
597.8	
597.814	
597.828	
597.828	
597.842	
597.856	
597.856	
597.87	
597.884	
597.898	
597.898	
597.912	
597.926	
597.926	
597.94	
597.954	
597.968	
597.968	
597.982	
597.996	
597.996	
598.01	
598.024	
598.038	
598.038	
598.052	
598.066	
598.066	
598.08	
598.094	
598.108	
598.108	
598.122	
598.136	
598.136	
598.15	
598.164	
598.178	
598.178	
598.192	
598.206	
598.206	
598.22	
598.234	
598.248	
598.248	
598.262	
598.276	
598.276	
598.29	
598.304	
598.318	
598.318	
598.332	
598.346	
598.346	
598.36	
598.374	
598.388	
598.388	
598.402	
598.416	
598.416	
598.43	
598.444	
598.458	
598.458	
598.472	
598.486	
598.486	
598.5	
598.514	
598.528	
598.528	
598.542	
598.556	
598.556	
598.57	
598.584	
598.598	
598.598	
598.612	
598.626	
598.626	
598.64	
598.654	
598.668	
598.668	
598.682	
598.696	
598.696	
598.71	
598.724	
598.738	
598.738	
598.752	
598.766	
598.766	
598.78	
598.794	
598.808	
598.808	
598.822	
598.836	
598.836	
598.85	
598.864	
598.878	
598.878	
598.892	
598.906	
598.906	
598.92	
598.934	
598.948	
598.948	
598.962	
598.976	
598.976	
598.99	
599.004	
599.018	
599.018	
599.032	
599.046	
599.046	
599.06	
599.074	
599.088	
599.088	
599.102	
599.116	
599.116	
599.13	
599.144	
599.158	
599.158	
599.172	
599.186	
599.186	
599.2	
599.214	
599.228	
599.228	
599.242	
599.256	
599.256	
599.27	
599.284	
599.298	
599.298	
599.312	
599.326	
599.326	
599.34	
599.354	
599.368	
599.368	
599.382	
599.396	
599.396	
599.41	
599.424	
599.438	
599.438	
599.452	
599.466	
599.466	
599.48	
599.494	
599.508	
599.508	
599.522	
599.536	
599.536	
599.55	
599.564	
599.578	
599.578	
599.592	
599.606	
599.606	
599.62	
599.634	
599.648	
599.648	
599.662	
599.676	
599.676	
599.69	
599.704	
599.718	
599.718	
599.732	
599.746	
599.746	
599.76	
599.774	
599.788	
599.788	
599.802	
599.816	
599.816	
599.83	
599.844	
599.858	
599.858	
599.872	
599.886	
599.886	
599.9	
599.914	
599.928	
599.928	
599.942	
599.956	
599.956	
599.97	
599.984	
599.998	
599.998	
600.012	
600.026	
600.026	
600.04	
600.054	
600.068	
600.068	
600.082	
600.096	
600.096	
600.11	
600.124	
600.138	
600.138	
600.152	
600.166	
600.166	
600.18	
600.194	
600.208	
600.208	
600.222	
600.236	
600.236	
600.25	
600.264	
600.278	
600.278	
600.292	
600.306	
600.306	
600.32	
600.334	
600.348	
600.348	
600.362	
600.376	
600.376	
600.39	
600.404	
600.418	
600.418	
600.432	
600.446	
600.446	
600.46	
600.474	
600.488	
600.488	
600.502	
600.516	
600.516	
600.53	
600.544	
600.558	
600.558	
600.572	
600.586	
600.586	
600.6	
600.614	
600.628	
600.628	
600.642	
600.656	
600.656	
600.67	
600.684	
600.698	
600.698	
600.712	
600.726	
600.726	
600.74	
600.754	
600.768	
600.768	
600.782	
600.796	
600.796	
600.81	
600.824	
600.838	
600.838	
600.852	
600.866	
600.866	
600.88	
600.894	
600.908	
600.908	
600.922	
600.936	
600.936	
600.95	
600.964	
600.978	
600.978	
600.992	
601.006	
601.006	
601.02	
601.034	
601.048	
601.048	
601.062	
601.076	
601.076	
601.09	
601.104	
601.118	
601.118	
601.132	
601.146	
601.146	
601.16	
601.174	
601.188	
601.188	
601.202	
601.216	
601.216	
601.23	
601.244	
601.258	
601.258	
601.272	
601.286	
601.286	
601.3	
601.314	
601.328	
601.328	
601.342	
601.356	
601.356	
601.37	
601.384	
601.398	
601.398	
601.412	
601.426	
601.426	
601.44	
601.454	
601.468	
601.468	
601.482	
601.496	
601.496	
601.51	
601.524	
601.538	
601.538	
601.552	
601.566	
601.566	
601.58	
601.594	
601.608	
601.608	
601.622	
601.636	
601.636	
601.65	
601.664	
601.678	
601.678	
601.692	
601.706	
601.706	
601.72	
601.734	
601.748	
601.748	
601.762	
601.776	
601.776	
601.79	
601.804	
601.818	
601.818	
601.832	
601.846	
601.846	
601.86	
601.874	
601.888	
601.888	
601.902	
601.916	
601.916	
601.93	
601.944	
601.958	
601.958	
601.972	
601.986	
601.986	
602	
602.014	
602.028	
602.028	
602.042	
602.056	
602.056	
602.07	
602.084	
602.098	
602.098	
602.112	
602.126	
602.126	
602.14	
602.154	
602.168	
602.168	
602.182	
602.196	
602.196	
602.21	
602.224	
602.238	
602.238	
602.252	
602.266	
602.266	
602.28	
602.294	
602.308	
602.308	
602.322	
602.336	
602.336	
602.35	
602.364	
602.378	
602.378	
602.392	
602.406	
602.406	
602.42	
602.434	
602.448	
602.448	
602.462	
602.476	
602.476	
602.49	
602.504	
602.518	
602.518	
602.532	
602.546	
602.546	
602.56	
602.574	
602.588	
602.588	
602.602	
602.616	
602.616	
602.63	
602.644	
602.658	
602.658	
602.672	
602.686	
602.686	
602.7	
602.714	
602.728	
602.728	
602.742	
602.756	
602.756	
602.77	
602.784	
602.798	
602.798	
602.812	
602.826	
602.826	
602.84	
602.854	
602.868	
602.868	
602.882	
602.896	
602.896	
602.91	
602.924	
602.938	
602.938	
602.952	
602.966	
602.966	
