time	joint_joint0	joint_joint1	joint_joint2	joint_joint3	joint_joint4	joint_joint5	joint_joint6	cart_pos_x	cart_pos_y	cart_pos_z	cart_quat_x	cart_quat_y	cart_quat_z	cart_quat_w	force_joint_joint0	force_joint_joint1	force_joint_joint2	force_joint_joint3	force_joint_joint4	force_joint_joint5	force_joint_joint6	cart_force_x	cart_force_y	cart_force_z	cart_trq_x	cart_trq_y	cart_trq_z	
1486257929157	-2.24831	1.63803	-2.17405	1.88268	2.30143	-1.65998	-0.957955	-0.113686	0.718296	0.331127	-0.00635469	-0.9337	0.00869277	-0.357894	1.41345	-1.46562	1.13197	-0.482155	0.547553	1.05511	-0.395733	1.04491	-3.3703	6.47584	0.496153	-1.06555	-0.514288	
1486257929277	-2.24698	1.63693	-2.17302	1.88205	2.30195	-1.65975	-0.957955	-0.11265	0.717824	0.330744	-0.00665156	-0.933645	0.00909072	-0.358023	1.77173	-2.39307	1.78732	-0.675542	0.282228	1.17198	-0.450941	1.86872	-3.95505	8.41075	0.758177	-0.962357	-0.604283	
1486257929357	-2.24688	1.63691	-2.17297	1.88192	2.30197	-1.65975	-0.957955	-0.112578	0.717832	0.330794	-0.00668092	-0.933623	0.00909072	-0.358079	1.85234	-2.43027	1.76259	-0.620003	0.257388	1.17926	-0.456597	1.96411	-4.03772	8.32753	0.795053	-0.947978	-0.624007	
1486257930107	-2.24676	1.63688	-2.17285	1.88183	2.30205	-1.65973	-0.957955	-0.11248	0.717815	0.330754	-0.00671632	-0.933633	0.00914661	-0.358052	1.75344	-2.45213	1.71561	-0.576542	0.270731	1.12554	-0.460006	2.18988	-3.80554	8.09734	0.777211	-0.941853	-0.637037	
1486257930253	-2.24676	1.63688	-2.17284	1.88183	2.30206	-1.65973	-0.957955	-0.112478	0.717815	0.330753	-0.00671651	-0.933633	0.00914723	-0.358052	1.7582	-2.4441	1.71206	-0.56739	0.271766	1.12835	-0.460118	2.19628	-3.81255	8.07956	0.777397	-0.945029	-0.63655	
1486257930658	-2.24685	1.63689	-2.17285	1.88179	2.30212	-1.6598	-0.957955	-0.11251	0.717829	0.330708	-0.00668188	-0.933664	0.0091565	-0.35797	2.59595	-2.77073	2.03201	-0.642355	0.187238	1.98263	-0.491256	1.68802	-5.03482	10.677	1.35286	-1.34288	-0.619148	
1486257930737	-2.24698	1.63689	-2.17285	1.88179	2.30214	-1.66005	-0.957955	-0.112554	0.717823	0.330662	-0.00667919	-0.933711	0.00921209	-0.357847	2.75798	-2.83461	2.11492	-0.700171	0.177526	2.15314	-0.48577	1.47885	-5.29478	11.3009	1.4604	-1.42082	-0.603098	
1486257930819	-2.24717	1.63689	-2.17286	1.88179	2.30216	-1.66022	-0.957955	-0.11264	0.717821	0.330563	-0.00664522	-0.933781	0.00928362	-0.357662	2.80302	-2.93405	2.21684	-0.770453	0.160334	2.24085	-0.473905	1.4154	-5.34984	11.7994	1.52401	-1.45599	-0.583047	
1486257930927	-2.2476	1.63691	-2.17288	1.8818	2.30231	-1.66043	-0.957955	-0.1128	0.717844	0.330394	-0.00653462	-0.933895	0.00931522	-0.357366	2.99348	-3.23977	2.56966	-0.923914	0.083468	2.3821	-0.415741	1.37112	-5.67328	13.043	1.64841	-1.47647	-0.520333	
1486257931099	-2.24788	1.6371	-2.17304	1.88186	2.30245	-1.66072	-0.957957	-0.112961	0.717911	0.330346	-0.00644392	-0.933985	0.00925452	-0.357135	3.15324	-3.52256	2.9651	-1.20742	0.0443238	2.54305	-0.30671	0.965077	-5.98133	14.6366	1.7598	-1.51615	-0.403106	
1486257931271	-2.24797	1.63732	-2.17321	1.88206	2.30254	-1.66075	-0.957957	-0.113082	0.71798	0.330458	-0.00640751	-0.934	0.00903518	-0.357102	3.21637	-3.62971	3.10409	-1.32981	-0.00718727	2.61451	-0.264026	0.729201	-6.06667	15.2238	1.82521	-1.50288	-0.351822	
1486257932157	-2.24936	1.63804	-2.17488	1.88294	2.30268	-1.66247	-0.957961	-0.114173	0.718334	0.330548	-0.00587244	-0.934318	0.00865769	-0.356287	3.87334	-3.78306	3.21354	-1.72575	-0.0168162	3.1946	-0.231143	-0.831462	-7.1676	17.4425	2.21783	-1.70885	-0.318808	
1486257932838	-2.24935	1.63805	-2.17501	1.88306	2.3027	-1.66237	-0.957961	-0.114209	0.71835	0.330611	-0.00583741	-0.934288	0.00856568	-0.356368	3.1853	-3.95029	3.31061	-1.83751	-0.0755849	2.48404	-0.293375	0.0421164	-6.30518	16.1953	1.78653	-1.30491	-0.40918	
1486257933187	-2.24933	1.63805	-2.17501	1.88306	2.30271	-1.66213	-0.957962	-0.11419	0.718365	0.330628	-0.00581049	-0.934251	0.00849544	-0.356469	3.04989	-3.90307	3.26646	-1.80543	-0.0649026	2.35812	-0.290495	0.19057	-6.08918	15.7789	1.70172	-1.25139	-0.411092	
1486257933558	-2.24921	1.63805	-2.17501	1.88305	2.30272	-1.66193	-0.957962	-0.114146	0.718374	0.330677	-0.00581163	-0.934208	0.00843236	-0.356582	3.04055	-3.86627	3.25394	-1.74034	-0.083308	2.25148	-0.287856	0.329355	-6.11127	15.4007	1.63794	-1.18265	-0.417578	
1486257933657	-2.24917	1.63804	-2.17501	1.88305	2.30272	-1.66188	-0.957962	-0.114128	0.718376	0.330697	-0.00581493	-0.934192	0.00841136	-0.356624	2.97957	-3.85368	3.24267	-1.74264	-0.0802205	2.22715	-0.285472	0.356944	-5.998	15.3182	1.61993	-1.1747	-0.412086	
1486257934241	-2.24898	1.63804	-2.17501	1.88305	2.30273	-1.6616	-0.957964	-0.114053	0.718388	0.330779	-0.00582253	-0.934124	0.0083169	-0.356805	2.92589	-3.81472	3.2058	-1.6744	-0.0944456	2.08503	-0.280283	0.531375	-5.92904	14.8265	1.53952	-1.0902	-0.420897	
1486257934737	-2.24881	1.63804	-2.17501	1.88303	2.30274	-1.66146	-0.957964	-0.113992	0.718394	0.330847	-0.00583996	-0.934078	0.00826194	-0.356925	2.81712	-3.8107	3.20722	-1.66442	-0.106803	2.0019	-0.277497	0.662489	-5.74448	14.6018	1.48916	-1.04358	-0.415825	
1486257934843	-2.2488	1.63804	-2.17501	1.88303	2.30274	-1.66141	-0.957964	-0.113986	0.718397	0.330853	-0.00583724	-0.934071	0.00824956	-0.356945	2.80971	-3.81884	3.20479	-1.66513	-0.1036	1.98209	-0.277442	0.685304	-5.73719	14.5711	1.4793	-1.03487	-0.420502	
1486257935107	-2.24876	1.63804	-2.17501	1.88303	2.30275	-1.66136	-0.957966	-0.11397	0.7184	0.33087	-0.00583811	-0.934057	0.00822917	-0.356983	2.787	-3.79054	3.18838	-1.66748	-0.0943006	1.95777	-0.278576	0.662742	-5.72131	14.4859	1.45554	-1.02665	-0.421769	
1486257935237	-2.24875	1.63804	-2.17501	1.88303	2.30275	-1.66136	-0.957966	-0.11397	0.7184	0.33087	-0.00583776	-0.934057	0.00822961	-0.356982	2.75419	-3.80557	3.18977	-1.68228	-0.0920123	1.94375	-0.279588	0.681121	-5.66309	14.4889	1.4489	-1.02147	-0.423745	
1486257936407	-2.24848	1.63804	-2.17501	1.88302	2.30276	-1.66076	-0.957967	-0.113849	0.718426	0.330999	-0.00583046	-0.933929	0.00804541	-0.357321	2.65576	-3.71406	3.11465	-1.63186	-0.0723395	1.82131	-0.273034	0.762777	-5.51522	13.9979	1.36093	-0.971473	-0.424964	
1486257936837	-2.24833	1.63804	-2.17501	1.88301	2.30276	-1.66064	-0.957967	-0.113795	0.718428	0.331062	-0.00585215	-0.933889	0.00800087	-0.357426	2.57089	-3.67553	3.08977	-1.61388	-0.0773161	1.73933	-0.274279	0.83513	-5.39001	13.712	1.305	-0.926188	-0.425262	
