time	
1116.87	
1116.88	
1116.9	
1116.9	
1116.91	
1116.92	
1116.92	
1116.94	
1116.95	
1116.97	
1116.97	
1116.98	
1116.99	
1116.99	
1117.01	
1117.02	
1117.04	
1117.04	
1117.05	
1117.06	
1117.06	
1117.08	
1117.09	
1117.11	
1117.11	
1117.12	
1117.13	
1117.13	
1117.15	
1117.16	
1117.18	
1117.18	
1117.19	
1117.2	
1117.2	
1117.22	
1117.23	
1117.25	
1117.25	
1117.26	
1117.27	
1117.27	
1117.29	
1117.3	
1117.32	
1117.32	
1117.33	
1117.34	
1117.34	
1117.36	
1117.37	
1117.39	
1117.39	
1117.4	
1117.41	
1117.41	
1117.43	
1117.44	
1117.46	
1117.46	
1117.47	
1117.48	
1117.48	
1117.5	
1117.51	
1117.53	
1117.53	
1117.54	
1117.55	
1117.55	
1117.57	
1117.58	
1117.6	
1117.6	
1117.61	
1117.62	
1117.62	
1117.64	
1117.65	
1117.67	
1117.67	
1117.68	
1117.69	
1117.69	
1117.71	
1117.72	
1117.74	
1117.74	
1117.75	
1117.76	
1117.76	
1117.78	
1117.79	
1117.81	
1117.81	
1117.82	
1117.83	
1117.83	
1117.85	
1117.86	
1117.88	
1117.88	
1117.89	
1117.9	
1117.9	
1117.92	
1117.93	
1117.95	
1117.95	
1117.96	
1117.97	
1117.97	
1117.99	
1118	
1118.02	
1118.02	
1118.03	
1118.04	
1118.04	
1118.06	
1118.07	
1118.09	
1118.09	
1118.1	
1118.11	
1118.11	
1118.13	
1118.14	
1118.16	
1118.16	
1118.17	
1118.18	
1118.18	
1118.2	
1118.21	
1118.23	
1118.23	
1118.24	
1118.25	
1118.25	
1118.27	
1118.28	
1118.3	
1118.3	
1118.31	
1118.32	
1118.32	
1118.34	
1118.35	
1118.37	
1118.37	
1118.38	
1118.39	
1118.39	
1118.41	
1118.42	
1118.44	
1118.44	
1118.45	
1118.46	
1118.46	
1118.48	
1118.49	
1118.51	
1118.51	
1118.52	
1118.53	
1118.53	
1118.55	
1118.56	
1118.58	
1118.58	
1118.59	
1118.6	
1118.6	
1118.62	
1118.63	
1118.65	
1118.65	
1118.66	
1118.67	
1118.67	
1118.69	
1118.7	
1118.72	
1118.72	
1118.73	
1118.74	
1118.74	
1118.76	
1118.77	
1118.79	
1118.79	
1118.8	
1118.81	
1118.81	
1118.83	
1118.84	
1118.86	
1118.86	
1118.87	
1118.88	
1118.88	
1118.9	
1118.91	
1118.93	
1118.93	
1118.94	
1118.95	
1118.95	
1118.97	
1118.98	
1119	
1119	
1119.01	
1119.02	
1119.02	
1119.04	
1119.05	
1119.07	
1119.07	
1119.08	
1119.09	
1119.09	
1119.11	
1119.12	
1119.14	
1119.14	
1119.15	
1119.16	
1119.16	
1119.18	
1119.19	
1119.21	
1119.21	
1119.22	
1119.23	
1119.23	
1119.25	
1119.26	
1119.28	
1119.28	
1119.29	
1119.3	
1119.3	
1119.32	
1119.33	
1119.35	
1119.35	
1119.36	
1119.37	
1119.37	
1119.39	
1119.4	
1119.42	
1119.42	
1119.43	
1119.44	
1119.44	
1119.46	
1119.47	
1119.49	
1119.49	
1119.5	
1119.51	
1119.51	
1119.53	
1119.54	
1119.56	
1119.56	
1119.57	
1119.58	
1119.58	
1119.6	
1119.61	
1119.63	
1119.63	
1119.64	
1119.65	
1119.65	
1119.67	
1119.68	
1119.7	
1119.7	
1119.71	
1119.72	
1119.72	
1119.74	
1119.75	
1119.77	
1119.77	
1119.78	
1119.79	
1119.79	
1119.81	
1119.82	
1119.84	
1119.84	
1119.85	
1119.86	
1119.86	
1119.88	
1119.89	
1119.91	
1119.91	
1119.92	
1119.93	
1119.93	
1119.95	
1119.96	
1119.98	
1119.98	
1119.99	
1120	
1120	
1120.02	
1120.03	
1120.05	
1120.05	
1120.06	
1120.07	
1120.07	
1120.09	
1120.1	
1120.12	
1120.12	
1120.13	
1120.14	
1120.14	
1120.16	
1120.17	
1120.19	
1120.19	
1120.2	
1120.21	
1120.21	
1120.23	
1120.24	
1120.26	
1120.26	
1120.27	
1120.28	
1120.28	
1120.3	
1120.31	
1120.33	
1120.33	
1120.34	
1120.35	
1120.35	
1120.37	
1120.38	
1120.4	
1120.4	
1120.41	
1120.42	
1120.42	
1120.44	
1120.45	
1120.47	
1120.47	
1120.48	
1120.49	
1120.49	
1120.51	
1120.52	
1120.54	
1120.54	
1120.55	
1120.56	
1120.56	
1120.58	
1120.59	
1120.61	
1120.61	
1120.62	
1120.63	
1120.63	
1120.65	
1120.66	
1120.68	
1120.68	
1120.69	
1120.7	
1120.7	
1120.72	
1120.73	
1120.75	
1120.75	
1120.76	
1120.77	
1120.77	
1120.79	
1120.8	
1120.82	
1120.82	
1120.83	
1120.84	
1120.84	
1120.86	
1120.87	
1120.89	
1120.89	
1120.9	
1120.91	
1120.91	
1120.93	
1120.94	
1120.96	
1120.96	
1120.97	
1120.98	
1120.98	
1121	
1121.01	
1121.03	
1121.03	
1121.04	
1121.05	
1121.05	
1121.07	
1121.08	
1121.1	
1121.1	
1121.11	
1121.12	
1121.12	
1121.14	
1121.15	
1121.17	
1121.17	
1121.18	
1121.19	
1121.19	
1121.21	
1121.22	
1121.24	
1121.24	
1121.25	
1121.26	
1121.26	
1121.28	
1121.29	
1121.31	
1121.31	
1121.32	
1121.33	
1121.33	
1121.35	
1121.36	
1121.38	
1121.38	
1121.39	
1121.4	
1121.4	
1121.42	
1121.43	
1121.45	
1121.45	
1121.46	
1121.47	
1121.47	
1121.49	
1121.5	
1121.52	
1121.52	
1121.53	
1121.54	
1121.54	
1121.56	
1121.57	
1121.59	
1121.59	
1121.6	
1121.61	
1121.61	
1121.63	
1121.64	
1121.66	
1121.66	
1121.67	
1121.68	
1121.68	
1121.7	
1121.71	
1121.73	
1121.73	
1121.74	
1121.75	
1121.75	
1121.77	
1121.78	
1121.8	
1121.8	
1121.81	
1121.82	
1121.82	
1121.84	
1121.85	
1121.87	
1121.87	
1121.88	
1121.89	
1121.89	
1121.91	
1121.92	
1121.94	
1121.94	
1121.95	
1121.96	
1121.96	
1121.98	
1121.99	
1122.01	
1122.01	
1122.02	
1122.03	
1122.03	
1122.05	
1122.06	
1122.08	
1122.08	
1122.09	
1122.1	
1122.1	
1122.12	
1122.13	
1122.15	
1122.15	
1122.16	
1122.17	
1122.17	
1122.19	
1122.2	
1122.22	
1122.22	
1122.23	
1122.24	
1122.24	
1122.26	
1122.27	
1122.29	
1122.29	
1122.3	
1122.31	
1122.31	
1122.33	
1122.34	
1122.36	
1122.36	
1122.37	
1122.38	
1122.38	
1122.4	
1122.41	
1122.43	
1122.43	
1122.44	
1122.45	
1122.45	
1122.47	
1122.48	
1122.5	
1122.5	
1122.51	
1122.52	
1122.52	
1122.54	
1122.55	
1122.57	
1122.57	
1122.58	
1122.59	
1122.59	
1122.61	
1122.62	
1122.64	
1122.64	
1122.65	
1122.66	
1122.66	
1122.68	
1122.69	
1122.71	
1122.71	
1122.72	
1122.73	
1122.73	
1122.75	
1122.76	
1122.78	
1122.78	
1122.79	
1122.8	
1122.8	
1122.82	
1122.83	
1122.85	
1122.85	
1122.86	
1122.87	
1122.87	
1122.89	
1122.9	
1122.92	
1122.92	
1122.93	
1122.94	
1122.94	
1122.96	
1122.97	
1122.99	
1122.99	
1123	
1123.01	
1123.01	
1123.03	
1123.04	
1123.06	
1123.06	
1123.07	
1123.08	
1123.08	
1123.1	
1123.11	
1123.13	
1123.13	
1123.14	
1123.15	
1123.15	
1123.17	
1123.18	
1123.2	
1123.2	
1123.21	
1123.22	
1123.22	
1123.24	
1123.25	
1123.27	
1123.27	
1123.28	
1123.29	
1123.29	
1123.31	
1123.32	
1123.34	
1123.34	
1123.35	
1123.36	
1123.36	
1123.38	
1123.39	
1123.41	
1123.41	
1123.42	
1123.43	
1123.43	
1123.45	
1123.46	
1123.48	
1123.48	
1123.49	
1123.5	
1123.5	
1123.52	
1123.53	
1123.55	
1123.55	
1123.56	
1123.57	
1123.57	
1123.59	
1123.6	
1123.62	
1123.62	
1123.63	
1123.64	
1123.64	
1123.66	
1123.67	
1123.69	
1123.69	
1123.7	
1123.71	
1123.71	
1123.73	
1123.74	
1123.76	
1123.76	
1123.77	
1123.78	
1123.78	
1123.8	
1123.81	
1123.83	
1123.83	
1123.84	
1123.85	
1123.85	
1123.87	
1123.88	
1123.9	
1123.9	
1123.91	
1123.92	
1123.92	
1123.94	
1123.95	
1123.97	
1123.97	
1123.98	
1123.99	
1123.99	
1124.01	
1124.02	
1124.04	
1124.04	
1124.05	
1124.06	
1124.06	
1124.08	
1124.09	
1124.11	
1124.11	
1124.12	
1124.13	
1124.13	
1124.15	
1124.16	
1124.18	
1124.18	
1124.19	
1124.2	
1124.2	
1124.22	
1124.23	
1124.25	
1124.25	
1124.26	
1124.27	
1124.27	
1124.29	
1124.3	
1124.32	
1124.32	
1124.33	
1124.34	
1124.34	
1124.36	
1124.37	
1124.39	
1124.39	
1124.4	
1124.41	
1124.41	
1124.43	
1124.44	
1124.46	
1124.46	
1124.47	
1124.48	
1124.48	
1124.5	
1124.51	
1124.53	
1124.53	
1124.54	
1124.55	
1124.55	
1124.57	
1124.58	
1124.6	
1124.6	
1124.61	
1124.62	
1124.62	
1124.64	
1124.65	
1124.67	
1124.67	
1124.68	
1124.69	
1124.69	
1124.71	
1124.72	
1124.74	
1124.74	
1124.75	
1124.76	
1124.76	
1124.78	
1124.79	
1124.81	
1124.81	
1124.82	
1124.83	
1124.83	
1124.85	
1124.86	
1124.88	
1124.88	
1124.89	
1124.9	
1124.9	
1124.92	
1124.93	
1124.95	
1124.95	
1124.96	
1124.97	
1124.97	
1124.99	
1125	
1125.02	
1125.02	
1125.03	
1125.04	
1125.04	
1125.06	
1125.07	
1125.09	
1125.09	
1125.1	
1125.11	
1125.11	
1125.13	
1125.14	
1125.16	
1125.16	
1125.17	
1125.18	
1125.18	
1125.2	
1125.21	
1125.23	
1125.23	
1125.24	
1125.25	
1125.25	
1125.27	
1125.28	
1125.3	
1125.3	
1125.31	
1125.32	
1125.32	
1125.34	
1125.35	
1125.37	
1125.37	
1125.38	
1125.39	
1125.39	
1125.41	
1125.42	
1125.44	
1125.44	
1125.45	
1125.46	
1125.46	
1125.48	
1125.49	
1125.51	
1125.51	
1125.52	
1125.53	
1125.53	
1125.55	
1125.56	
1125.58	
1125.58	
1125.59	
1125.6	
1125.6	
1125.62	
1125.63	
1125.65	
1125.65	
1125.66	
1125.67	
1125.67	
1125.69	
1125.7	
1125.72	
1125.72	
1125.73	
1125.74	
1125.74	
1125.76	
1125.77	
1125.79	
1125.79	
1125.8	
1125.81	
1125.81	
1125.83	
1125.84	
1125.86	
1125.86	
1125.87	
1125.88	
1125.88	
1125.9	
1125.91	
1125.93	
1125.93	
1125.94	
1125.95	
1125.95	
1125.97	
1125.98	
1126	
1126	
1126.01	
1126.02	
1126.02	
1126.04	
1126.05	
1126.07	
1126.07	
1126.08	
1126.09	
1126.09	
1126.11	
1126.12	
1126.14	
1126.14	
1126.15	
1126.16	
1126.16	
1126.18	
1126.19	
1126.21	
1126.21	
1126.22	
1126.23	
1126.23	
1126.25	
1126.26	
1126.28	
1126.28	
1126.29	
1126.3	
1126.3	
1126.32	
1126.33	
1126.35	
1126.35	
1126.36	
1126.37	
1126.37	
1126.39	
1126.4	
1126.42	
1126.42	
1126.43	
1126.44	
1126.44	
1126.46	
1126.47	
1126.49	
1126.49	
1126.5	
1126.51	
1126.51	
1126.53	
1126.54	
1126.56	
1126.56	
1126.57	
1126.58	
1126.58	
1126.6	
1126.61	
1126.63	
1126.63	
1126.64	
1126.65	
1126.65	
1126.67	
1126.68	
1126.7	
1126.7	
1126.71	
1126.72	
1126.72	
1126.74	
1126.75	
1126.77	
1126.77	
1126.78	
1126.79	
1126.79	
1126.81	
1126.82	
1126.84	
1126.84	
1126.85	
1126.86	
1126.86	
1126.88	
1126.89	
1126.91	
1126.91	
1126.92	
1126.93	
1126.93	
1126.95	
1126.96	
1126.98	
1126.98	
1126.99	
1127	
1127	
1127.02	
1127.03	
1127.05	
1127.05	
1127.06	
1127.07	
1127.07	
1127.09	
1127.1	
1127.12	
1127.12	
1127.13	
1127.14	
1127.14	
1127.16	
1127.17	
1127.19	
1127.19	
1127.2	
1127.21	
1127.21	
1127.23	
1127.24	
1127.26	
1127.26	
1127.27	
1127.28	
1127.28	
1127.3	
1127.31	
1127.33	
1127.33	
1127.34	
1127.35	
1127.35	
1127.37	
1127.38	
1127.4	
1127.4	
1127.41	
1127.42	
1127.42	
1127.44	
1127.45	
1127.47	
1127.47	
1127.48	
1127.49	
1127.49	
1127.51	
1127.52	
1127.54	
1127.54	
1127.55	
1127.56	
1127.56	
1127.58	
1127.59	
1127.61	
1127.61	
1127.62	
1127.63	
1127.63	
1127.65	
1127.66	
1127.68	
1127.68	
1127.69	
1127.7	
1127.7	
1127.72	
1127.73	
1127.75	
1127.75	
1127.76	
1127.77	
1127.77	
1127.79	
1127.8	
1127.82	
1127.82	
1127.83	
1127.84	
1127.84	
1127.86	
1127.87	
1127.89	
1127.89	
1127.9	
1127.91	
1127.91	
1127.93	
1127.94	
1127.96	
1127.96	
1127.97	
1127.98	
1127.98	
1128	
1128.01	
1128.03	
1128.03	
1128.04	
1128.05	
1128.05	
1128.07	
1128.08	
1128.1	
1128.1	
1128.11	
1128.12	
1128.12	
1128.14	
1128.15	
1128.17	
1128.17	
1128.18	
1128.19	
1128.19	
1128.21	
1128.22	
1128.24	
1128.24	
1128.25	
1128.26	
1128.26	
1128.28	
1128.29	
1128.31	
1128.31	
1128.32	
1128.33	
1128.33	
1128.35	
1128.36	
1128.38	
1128.38	
1128.39	
1128.4	
1128.4	
1128.42	
1128.43	
1128.45	
1128.45	
1128.46	
1128.47	
1128.47	
1128.49	
1128.5	
1128.52	
1128.52	
1128.53	
1128.54	
1128.54	
1128.56	
1128.57	
1128.59	
1128.59	
1128.6	
1128.61	
1128.61	
1128.63	
1128.64	
1128.66	
1128.66	
1128.67	
1128.68	
1128.68	
1128.7	
1128.71	
1128.73	
1128.73	
1128.74	
1128.75	
1128.75	
1128.77	
1128.78	
1128.8	
1128.8	
1128.81	
1128.82	
1128.82	
1128.84	
1128.85	
1128.87	
1128.87	
1128.88	
1128.89	
1128.89	
1128.91	
1128.92	
1128.94	
1128.94	
1128.95	
1128.96	
1128.96	
1128.98	
1128.99	
1129.01	
1129.01	
1129.02	
1129.03	
1129.03	
1129.05	
1129.06	
1129.08	
1129.08	
1129.09	
1129.1	
1129.1	
1129.12	
1129.13	
1129.15	
1129.15	
1129.16	
1129.17	
1129.17	
1129.19	
1129.2	
1129.22	
1129.22	
1129.23	
1129.24	
1129.24	
1129.26	
1129.27	
1129.29	
1129.29	
1129.3	
1129.31	
1129.31	
1129.33	
1129.34	
1129.36	
1129.36	
1129.37	
1129.38	
1129.38	
1129.4	
1129.41	
1129.43	
1129.43	
1129.44	
1129.45	
1129.45	
1129.47	
1129.48	
1129.5	
1129.5	
1129.51	
1129.52	
1129.52	
1129.54	
1129.55	
1129.57	
1129.57	
1129.58	
1129.59	
1129.59	
1129.61	
1129.62	
1129.64	
1129.64	
1129.65	
1129.66	
1129.66	
1129.68	
1129.69	
1129.71	
1129.71	
1129.72	
1129.73	
1129.73	
1129.75	
1129.76	
1129.78	
1129.78	
1129.79	
1129.8	
1129.8	
1129.82	
1129.83	
1129.85	
